"dimension" "Birth" "Death"
"1" 0 0 Inf
"2" 0 0 325.621657000001
"3" 0 0 484.321702499998
"4" 0 0 411.680677249998
"5" 0 0 376.461679250001
"6" 0 0 257.410165
"7" 0 0 343.121178500002
"8" 0 0 382.732836250002
"9" 0 0 527.347876250001
"10" 0 0 442.175920250001
"11" 0 0 334.576449
"12" 0 0 372.453493000001
"13" 0 0 461.321406250003
"14" 0 0 430.903235250001
"15" 0 0 441.881936499998
"16" 0 0 358.011781249998
"17" 0 0 395.653294249996
"18" 0 0 422.07877225
"19" 0 0 449.243222499999
"20" 0 0 452.182812499999
"21" 0 0 413.686569250003
"22" 0 0 342.823563249997
"23" 0 0 431.281768249997
"24" 0 0 322.475107999999
"25" 0 0 346.369561249998
"26" 0 0 360.91225525
"27" 0 0 433.01402125
"28" 0 0 436.1568965
"29" 0 0 412.659040249999
"30" 0 0 319.777092500001
"31" 0 0 428.000929250001
"32" 0 0 394.103011999998
"33" 0 0 342.243480500001
"34" 0 0 345.907442499999
"35" 0 0 387.11626225
"36" 0 0 404.437331249999
"37" 0 0 341.464177
"38" 0 0 185.789672499999
"39" 0 0 376.788882499999
"40" 0 0 488.673844249998
"41" 0 0 363.3644005
"42" 0 0 419.219772499997
"43" 0 0 470.153377250003
"44" 0 0 498.637479250001
"45" 0 0 359.961472250001
"46" 0 0 413.765585000004
"47" 0 0 409.4883425
"48" 0 0 385.458192250001
"49" 0 0 314.39258825
"50" 0 0 207.879477249999
"51" 0 0 377.875227250001
"52" 0 0 514.791536500002
"53" 0 0 227.794924999999
"54" 0 0 223.11142025
"55" 0 0 283.96848325
"56" 0 0 425.458462500002
"57" 0 0 358.018144249997
"58" 0 0 359.829011250003
"59" 0 0 357.581281000001
"60" 0 0 521.314491250001
"61" 0 0 395.296274499999
"62" 0 0 383.00440225
"63" 0 0 540.248941250001
"64" 0 0 420.018258249999
"65" 0 0 381.392500249999
"66" 1 394.071792500003 423.686639752206
"67" 1 435.593344250003 563.814631705125
"68" 1 451.452262499999 726.032490309968
"69" 1 463.60058625 857.219767505597
"70" 1 469.033131249998 733.891691211567
"71" 1 469.709362249999 494.642267153742
"72" 1 469.80111125 852.693123600335
"73" 1 480.109169250001 559.056782534287
"74" 1 484.148862500001 1053.70775762912
"75" 1 488.100834 630.94664843747
"76" 1 489.315466250003 619.531415964039
"77" 1 489.816720000001 745.619269348676
"78" 1 491.100740500001 605.123419442061
"79" 1 492.009842000002 549.518348398794
"80" 1 492.474241249997 543.37368505903
"81" 1 493.904791250004 563.385130574515
"82" 1 494.733842499998 805.505787401689
"83" 1 499.403356250003 785.891601029445
"84" 1 500.238505000003 827.390356113585
"85" 1 505.011904999995 580.013403995835
"86" 1 511.155836500002 706.418791292935
"87" 1 515.26095925 780.961544195454
"88" 1 520.968770499999 949.732035589267
"89" 1 521.269121250003 661.529063311752
"90" 1 522.12564125 632.296674171088
"91" 1 527.312502250001 567.060243096495
"92" 1 531.93891625 628.934137521046
"93" 1 533.142899999999 850.611344792098
"94" 1 533.639808 805.39822130518
"95" 1 536.857094249999 634.137122326478
"96" 1 540.571754500001 615.722640761381
"97" 1 544.842286250001 583.09765523151
"98" 1 546.957409999999 599.144397378888
"99" 1 549.229008249998 936.469870955508
"100" 1 554.634238250002 816.595518741821
"101" 1 557.47897225 682.670788298329
"102" 1 557.73311525 778.264829481878
"103" 1 558.351306500002 643.597959533385
"104" 1 559.692808999998 674.887020849708
"105" 1 565.485817249999 682.673303268247
"106" 1 566.052410250001 701.674363672115
"107" 1 566.336538000002 668.773138938881
"108" 1 570.637962249998 652.337635157643
"109" 1 578.938642250002 637.078551503969
"110" 1 579.939583249998 708.933073108113
"111" 1 583.202424999999 680.041294690261
"112" 1 583.9210505 765.349088700891
"113" 1 586.66445125 905.726125436571
"114" 1 587.768305 650.911407515468
"115" 1 587.9388245 747.989618029953
"116" 1 592.204177999998 674.349103994133
"117" 1 599.38495025 678.542152139035
"118" 1 599.926112999999 661.796204223928
"119" 1 608.113993249999 693.118688149263
"120" 1 621.609980499998 915.001716260813
"121" 1 622.40551825 797.516064935234
"122" 1 623.629241000003 684.077920053738
"123" 1 638.373388999998 763.013270532989
"124" 1 641.992711999999 691.365915307902
"125" 1 643.481800000003 734.191390005395
"126" 1 643.870350249999 710.02097865239
"127" 1 645.431942499997 762.610079915961
"128" 1 645.433662500003 664.022705980787
"129" 1 648.488593250002 771.465828045479
"130" 1 649.884364999999 764.947921736765
"131" 1 655.107016999997 700.941285358063
"132" 1 655.324112250003 748.41305851871
"133" 1 656.08561525 690.719359785992
"134" 1 656.984972500001 778.280217477608
"135" 1 658.98054625 725.073696737194
"136" 1 660.815183249999 701.47853855919
"137" 1 661.757511999998 788.468156991235
"138" 1 665.73818825 724.792870873392
"139" 1 690.1774405 783.593446265602
"140" 1 692.38581925 874.345556293731
"141" 1 702.736242499999 719.908801191713
"142" 1 705.229654249999 740.446762623584
"143" 1 706.56253625 764.40769577102
"144" 1 706.710442499997 706.986095837545
"145" 1 717.01636025 753.429386435771
"146" 1 719.65668625 771.470885842578
"147" 1 726.790707249998 731.480445577334
"148" 1 730.30081725 743.970743974589
"149" 1 746.132680000002 806.913448580357
"150" 1 789.772791249999 801.190439830147
"151" 1 802.141424499998 810.475262146264
"152" 1 832.17409025 844.565129705789
"153" 1 851.87033825 871.683636609215
"154" 1 892.899161999999 1023.53110553567
"155" 1 900.707055249999 901.782191625356
"156" 1 919.827872499998 922.464313941117
"157" 1 937.768858000004 939.016442638821
"158" 1 951.048254249998 1002.65121091685
"159" 1 1067.34993625 1075.41384782931
