"dimension" "Birth" "Death"
"1" 0 0 Inf
"2" 0 0 544.327006249999
"3" 0 0 180.973440499998
"4" 0 0 266.045969249999
"5" 0 0 421.495251999997
"6" 0 0 497.835233999999
"7" 0 0 439.892041000003
"8" 0 0 424.966367250003
"9" 0 0 413.865381250002
"10" 0 0 372.56800725
"11" 0 0 381.61203725
"12" 0 0 314.529401249999
"13" 0 0 318.101912500001
"14" 0 0 422.69126125
"15" 0 0 329.966980000002
"16" 0 0 277.036369249999
"17" 0 0 350.23845025
"18" 0 0 483.024080499995
"19" 0 0 153.603081999999
"20" 0 0 381.89001925
"21" 0 0 489.523396499999
"22" 0 0 513.679646500005
"23" 0 0 430.4957425
"24" 0 0 271.787363999999
"25" 0 0 675.364801250002
"26" 0 0 252.80707325
"27" 0 0 135.41207725
"28" 0 0 141.45316
"29" 0 0 441.920907249999
"30" 0 0 516.950364999998
"31" 0 0 292.395543249999
"32" 0 0 321.575041249999
"33" 0 0 386.319280999994
"34" 0 0 311.621722249999
"35" 0 0 458.74613725
"36" 0 0 174.280212000001
"37" 0 0 436.606140999997
"38" 0 0 252.945492499999
"39" 0 0 238.089062500001
"40" 0 0 271.030324
"41" 0 0 568.514131249999
"42" 0 0 135.134775249999
"43" 0 0 288.571482000001
"44" 0 0 182.05936025
"45" 0 0 460.270046250004
"46" 0 0 159.888090249999
"47" 0 0 67.4823282500004
"48" 0 0 31.4730980000004
"49" 0 0 395.214548499999
"50" 0 0 196.520970499999
"51" 0 0 457.220545
"52" 0 0 112.0765025
"53" 0 0 406.046104250001
"54" 0 0 353.55255525
"55" 0 0 344.082285000002
"56" 0 0 226.089461000001
"57" 0 0 90.9307202500003
"58" 0 0 213.634345250001
"59" 0 0 377.17953125
"60" 0 0 375.855974499998
"61" 0 0 598.857901
"62" 0 0 409.845732500001
"63" 0 0 358.543242499999
"64" 0 0 518.357830250002
"65" 0 0 368.7910825
"66" 0 0 400.429127249999
"67" 0 0 225.3215925
"68" 0 0 194.347542499998
"69" 0 0 378.5364925
"70" 0 0 234.2246005
"71" 0 0 394.614056000002
"72" 0 0 357.9864425
"73" 0 0 383.008544500003
"74" 0 0 180.54497725
"75" 0 0 358.698406250002
"76" 0 0 104.57569625
"77" 0 0 275.70324325
"78" 0 0 399.01535125
"79" 0 0 216.502192250001
"80" 0 0 599.439002500003
"81" 0 0 368.524887249999
"82" 0 0 356.978224249999
"83" 0 0 424.903192250004
"84" 0 0 403.350660499998
"85" 0 0 832.7613625
"86" 0 0 205.677551249999
"87" 0 0 257.296728250002
"88" 0 0 424.596723249998
"89" 0 0 329.452564249999
"90" 0 0 229.008548249998
"91" 0 0 205.11676925
"92" 0 0 337.99375125
"93" 0 0 492.07611125
"94" 0 0 126.566183249999
"95" 0 0 307.67351625
"96" 0 0 392.992427250001
"97" 0 0 418.409070249999
"98" 0 0 402.453721000001
"99" 0 0 360.48493
"100" 0 0 283.819146499998
"101" 0 0 377.32162025
"102" 0 0 165.890452249999
"103" 0 0 335.934187249999
"104" 0 0 337.161951250002
"105" 0 0 298.480967999999
"106" 0 0 426.16646225
"107" 0 0 197.600076250001
"108" 0 0 477.904056500001
"109" 0 0 523.019410000002
"110" 0 0 360.401060499999
"111" 0 0 390.302729999998
"112" 0 0 348.160569250001
"113" 0 0 294.227732250001
"114" 0 0 338.76126225
"115" 0 0 300.976153999998
"116" 0 0 308.88317425
"117" 0 0 339.877578499999
"118" 0 0 232.288726250001
"119" 0 0 361.928214500004
"120" 0 0 416.272284250001
"121" 0 0 255.91028125
"122" 0 0 351.067718499999
"123" 0 0 611.764276000003
"124" 0 0 333.492286249999
"125" 0 0 277.569506
"126" 0 0 281.5412
"127" 0 0 206.25506425
"128" 0 0 237.730352500002
"129" 0 0 267.278755249999
"130" 0 0 142.026150499998
"131" 0 0 194.841562500002
"132" 0 0 215.956510250001
"133" 0 0 271.270308999999
"134" 0 0 249.926373
"135" 0 0 249.8995925
"136" 0 0 240.13330625
"137" 0 0 186.585795249999
"138" 0 0 460.30195025
"139" 0 0 200.905806249999
"140" 0 0 241.86745225
"141" 0 0 248.046768999999
"142" 0 0 319.267046500001
"143" 0 0 356.099160499998
"144" 0 0 597.440746250001
"145" 0 0 398.284671250002
"146" 0 0 248.30708225
"147" 0 0 395.955291249999
"148" 0 0 566.458816499999
"149" 0 0 526.956125000001
"150" 0 0 145.332904249999
"151" 0 0 127.4318145
"152" 0 0 271.759951249999
"153" 0 0 460.815926499999
"154" 0 0 275.596692500001
"155" 0 0 213.039732250002
"156" 0 0 515.252672499999
"157" 0 0 323.579106250001
"158" 0 0 355.92655625
"159" 0 0 497.72304
"160" 0 0 243.218462499999
"161" 0 0 398.138476250001
"162" 0 0 358.911569
"163" 0 0 340.770576250002
"164" 0 0 173.131688000001
"165" 0 0 276.432271250001
"166" 0 0 243.1028205
"167" 0 0 288.44772625
"168" 0 0 314.90477
"169" 0 0 211.416842499998
"170" 0 0 279.685406249999
"171" 0 0 116.55192625
"172" 0 0 290.846416250002
"173" 0 0 431.165188250002
"174" 0 0 302.844445250001
"175" 0 0 271.3509965
"176" 0 0 308.10138125
"177" 0 0 482.675100500001
"178" 0 0 373.214452
"179" 0 0 519.799773249997
"180" 0 0 388.082788249999
"181" 0 0 394.844344249998
"182" 0 0 224.232550249997
"183" 0 0 226.21515625
"184" 0 0 334.226290000003
"185" 0 0 198.218724249998
"186" 0 0 190.02494925
"187" 0 0 421.123331250004
"188" 0 0 523.72681225
"189" 0 0 306.669948499997
"190" 0 0 289.469519999999
"191" 0 0 234.2032685
"192" 0 0 93.8331032500008
"193" 0 0 375.745500500001
"194" 0 0 339.0455065
"195" 0 0 268.696129000003
"196" 0 0 214.523602000001
"197" 0 0 295.245322249997
"198" 0 0 175.085030500001
"199" 0 0 414.108545
"200" 0 0 72.9674405000003
"201" 0 0 258.99618125
"202" 0 0 242.060874249999
"203" 0 0 256.615294500001
"204" 0 0 485.91365125
"205" 0 0 354.204092500001
"206" 0 0 56.7847505000003
"207" 0 0 225.978171250002
"208" 0 0 118.695406249999
"209" 0 0 399.819111250003
"210" 0 0 282.633049000001
"211" 0 0 623.789260250003
"212" 0 0 260.7808025
"213" 0 0 298.497249249999
"214" 0 0 544.930624249996
"215" 0 0 275.474834
"216" 0 0 361.210368249999
"217" 0 0 144.806257000001
"218" 0 0 196.48892925
"219" 0 0 701.999092250004
"220" 0 0 180.3841385
"221" 0 0 227.870160250001
"222" 0 0 199.347163249999
"223" 0 0 446.334056500002
"224" 0 0 300.610150250003
"225" 0 0 244.41349
"226" 0 0 340.23424
"227" 0 0 570.259290250007
"228" 0 0 183.8242925
"229" 0 0 229.8091025
"230" 0 0 764.994431249999
"231" 0 0 341.8709125
"232" 0 0 251.47433125
"233" 0 0 640.356996500001
"234" 0 0 675.422817250002
"235" 0 0 175.58899625
"236" 0 0 443.895941249998
"237" 0 0 360.429001250001
"238" 0 0 679.549980250003
"239" 0 0 303.355831250001
"240" 0 0 355.504192249999
"241" 0 0 275.07676725
"242" 0 0 389.318943250001
"243" 0 0 233.57019925
"244" 0 0 310.148955250001
"245" 0 0 418.029644499999
"246" 0 0 272.052621250001
"247" 0 0 645.330000249997
"248" 0 0 421.977336250001
"249" 0 0 413.14713425
"250" 0 0 435.146632
"251" 0 0 442.335816249999
"252" 0 0 127.7475845
"253" 0 0 315.77625
"254" 0 0 365.623188500003
"255" 0 0 340.770656250002
"256" 0 0 815.257892499998
"257" 0 0 430.482406500001
"258" 0 0 345.953611250001
"259" 0 0 133.377668
"260" 0 0 463.912898000001
"261" 0 0 144.838586249999
"262" 0 0 268.563924250002
"263" 0 0 241.35451225
"264" 0 0 557.87969925
"265" 0 0 105.744135249999
"266" 1 193.6749625 241.18105432306
"267" 1 207.565520499999 241.280296354853
"268" 1 217.0909105 262.839457342265
"269" 1 217.121670249999 222.907425818331
"270" 1 223.158838500001 298.30466628098
"271" 1 230.43580325 237.106958268807
"272" 1 231.835586000001 231.835592816536
"273" 1 260.24146 421.427845007947
"274" 1 267.464191249999 268.967461815177
"275" 1 276.156061249999 343.353430337815
"276" 1 294.582057250001 294.833901744233
"277" 1 299.5567165 461.367614176013
"278" 1 300.16640725 302.254850953168
"279" 1 303.117178500001 349.580050099947
"280" 1 305.795266250002 513.749887802933
"281" 1 309.687237 439.802998520264
"282" 1 318.47856025 354.948155175722
"283" 1 319.514994 337.862749259886
"284" 1 328.1179525 385.402919447272
"285" 1 337.618864249999 361.168220413129
"286" 1 342.689829250001 369.633726233194
"287" 1 347.637691249999 507.739536538357
"288" 1 363.028911249999 414.601414984501
"289" 1 365.457722500002 798.39500720656
"290" 1 366.427728499998 571.756080880561
"291" 1 370.158331250001 449.787882445177
"292" 1 373.182527250001 392.864833027115
"293" 1 374.270926249998 432.785146859444
"294" 1 374.6384865 513.332985482817
"295" 1 378.875680000001 607.344182410451
"296" 1 386.461912499999 386.50968483148
"297" 1 386.668431249999 445.31023712291
"298" 1 391.289820499999 416.470796504567
"299" 1 395.404525000004 631.951131213017
"300" 1 397.27307525 422.360817171955
"301" 1 400.310009999999 400.664513009742
"302" 1 402.622188250001 526.887226543015
"303" 1 403.031966499995 536.913442875937
"304" 1 404.988798250004 943.563099357243
"305" 1 405.031100499996 523.227199869955
"306" 1 406.092719249999 518.890911478093
"307" 1 406.706275999998 406.746557632577
"308" 1 407.975056250003 512.924999217561
"309" 1 409.661690499998 476.912548509707
"310" 1 412.12033525 579.12102361025
"311" 1 414.684352999999 655.598383229305
"312" 1 415.948396249997 880.34494311252
"313" 1 417.898021250001 418.373287641512
"314" 1 423.34202725 424.053210887325
"315" 1 423.460057249997 618.199998528501
"316" 1 425.0559725 475.026223904021
"317" 1 425.955781250003 630.957927435654
"318" 1 427.317087250001 554.528314491542
"319" 1 429.165960499998 443.647932026436
"320" 1 430.234920000002 506.380705531485
"321" 1 432.277482499999 477.751739928366
"322" 1 433.410954250001 439.442451941719
"323" 1 435.70085 556.911468862025
"324" 1 438.237642250002 469.969223130145
"325" 1 443.084329 1212.01542408781
"326" 1 443.335202499999 471.297770339596
"327" 1 443.73518725 494.943704043547
"328" 1 446.750724999995 799.820086671052
"329" 1 448.600807250002 462.453902688845
"330" 1 448.7880105 455.980173581363
"331" 1 449.092986500001 545.004772098218
"332" 1 449.805126250003 875.128330940552
"333" 1 453.378193999998 1009.9442451601
"334" 1 458.263958500001 460.238953256893
"335" 1 458.462468250002 602.495309481924
"336" 1 458.583320500001 799.625031082212
"337" 1 460.585591250001 748.321675378462
"338" 1 463.346641000001 531.942405448782
"339" 1 466.663417999998 590.267456797693
"340" 1 466.847976249999 609.128241374144
"341" 1 466.98452825 547.689504389959
"342" 1 467.005561999999 947.158398601936
"343" 1 468.982400000002 984.989291152295
"344" 1 469.021717 569.655098176938
"345" 1 472.26257825 691.966470256107
"346" 1 475.620473249999 837.274825242949
"347" 1 476.50378625 790.472625999841
"348" 1 476.99520625 746.226868479569
"349" 1 477.91296725 903.137875626717
"350" 1 479.131178499999 675.279195900634
"351" 1 481.232245249998 494.87357675607
"352" 1 483.339829250001 580.224094821382
"353" 1 484.238186500001 484.284700156089
"354" 1 484.249068999997 939.113281050485
"355" 1 484.778053249999 617.395243388492
"356" 1 485.704426500001 537.840262966758
"357" 1 486.462908499999 599.318173251526
"358" 1 489.0727025 1128.03816943905
"359" 1 489.15777625 555.71159726259
"360" 1 490.645789000001 554.502407422867
"361" 1 491.943794000002 746.434289678004
"362" 1 495.89438725 497.338444209908
"363" 1 498.581832500001 499.139268254011
"364" 1 499.508740249999 513.95112303333
"365" 1 501.34088225 710.113544371502
"366" 1 503.470006250001 1277.99289406535
"367" 1 504.003424250001 597.791484827648
"368" 1 505.903005250005 592.484773733648
"369" 1 507.394285 587.752744012685
"370" 1 512.051152000003 523.726902016457
"371" 1 518.19633125 583.41050836516
"372" 1 520.129675250003 796.268657420619
"373" 1 523.0367545 977.414495918467
"374" 1 523.774460500001 589.493659984209
"375" 1 524.02701025 606.20422297397
"376" 1 525.55338425 529.609294519595
"377" 1 525.833945 1222.57314974891
"378" 1 526.092828999998 879.703815456012
"379" 1 526.266451250001 572.250197170713
"380" 1 527.092770499999 894.959146765723
"381" 1 527.612107249998 756.845096217846
"382" 1 528.989470249996 544.553112611108
"383" 1 531.33790625 541.127622480379
"384" 1 531.81173125 546.447612186675
"385" 1 534.001947250001 536.452448065868
"386" 1 534.34122725 671.654233077939
"387" 1 534.60194 826.071589260316
"388" 1 535.539351249996 608.938324329688
"389" 1 536.263396249999 536.459636277487
"390" 1 536.7681965 1037.62814850695
"391" 1 537.932688499999 625.116414522377
"392" 1 538.28573 1037.48584613081
"393" 1 538.624262500001 557.901993687578
"394" 1 539.688964000002 539.942159687754
"395" 1 539.909922499999 806.878841722672
"396" 1 540.428121249998 763.756026380189
"397" 1 541.674319250001 1029.95760800315
"398" 1 542.401740499999 1194.0210598155
"399" 1 543.606242499998 646.206929684133
"400" 1 544.00867225 607.447661635493
"401" 1 544.793319999997 745.281056337924
"402" 1 545.678628999999 709.272687078508
"403" 1 550.655557250002 827.569869480828
"404" 1 552.740169250003 587.44712159106
"405" 1 553.297638500002 699.101463177416
"406" 1 554.627073999999 632.77849293305
"407" 1 555.856445000004 558.576312801994
"408" 1 557.669058250004 610.104413780981
"409" 1 559.924040250003 720.773818504081
"410" 1 562.272669249997 729.109331649444
"411" 1 563.343678500007 681.601091189402
"412" 1 563.59260225 611.656164434208
"413" 1 565.463683250001 599.99950391302
"414" 1 565.68491425 610.10818504763
"415" 1 568.030066249997 619.135939980301
"416" 1 568.288611999997 571.028438697885
"417" 1 568.836115999999 806.070942195179
"418" 1 570.618518500001 608.06990224124
"419" 1 570.68313125 919.19586364422
"420" 1 572.454186499999 576.982638000838
"421" 1 573.71850125 681.480751377681
"422" 1 574.802714249999 601.309486680311
"423" 1 575.152024499998 654.932173627789
"424" 1 575.41464125 1429.10125375842
"425" 1 576.697522249999 576.721675867357
"426" 1 577.018496500004 649.364087554488
"427" 1 577.737456249998 613.312541679221
"428" 1 581.199026000003 1035.09660573969
"429" 1 581.53595125 599.648226425023
"430" 1 583.355552 640.348941989415
"431" 1 585.079563249997 644.76897003605
"432" 1 590.493063250002 1090.39437163763
"433" 1 591.531337 595.444273767314
"434" 1 591.787249999999 834.121388704692
"435" 1 592.988105249997 886.704256543755
"436" 1 594.111973250001 620.377496420522
"437" 1 599.283747249998 725.202073638642
"438" 1 599.538241249998 599.843354841171
"439" 1 600.138694249998 606.151444606292
"440" 1 601.258378499999 793.27234284921
"441" 1 601.635292250001 667.000184712608
"442" 1 602.916977 709.288698544187
"443" 1 604.751658249998 922.879442141001
"444" 1 604.786492249997 621.623418985733
"445" 1 605.630766249999 606.102266475785
"446" 1 609.469833999999 609.833895369511
"447" 1 613.288322000001 1446.6526310976
"448" 1 613.478662249998 613.653345951443
"449" 1 614.832177250003 1059.76104054423
"450" 1 615.82957925 615.834967127996
"451" 1 617.105056250004 977.850057250565
"452" 1 617.401902499997 957.40362664008
"453" 1 617.456596249999 690.681849753686
"454" 1 618.36037325 1201.28992756562
"455" 1 620.009480000002 690.767702615788
"456" 1 620.180282249998 851.721513976811
"457" 1 621.732188500001 636.577242359531
"458" 1 622.4718985 658.191535323464
"459" 1 622.568382500002 1244.84989687269
"460" 1 625.3328845 686.138417583524
"461" 1 626.624160999999 1129.01376167067
"462" 1 630.049854249998 639.418663261546
"463" 1 638.402976249998 781.577336023684
"464" 1 641.047561999999 747.736793633504
"465" 1 643.144730000005 764.332014066886
"466" 1 643.595208999997 942.540164466635
"467" 1 649.40959225 660.543864348771
"468" 1 657.554961999998 679.205913774373
"469" 1 658.705096999998 755.548355867818
"470" 1 660.618209 766.393929760852
"471" 1 662.8733845 684.423616362817
"472" 1 663.707631249999 1731.82735890043
"473" 1 664.818549249998 669.124605295047
"474" 1 665.037267249997 868.106004963632
"475" 1 666.309481 789.298163746539
"476" 1 666.412580500004 735.165700816026
"477" 1 667.301157 894.057315694651
"478" 1 668.150893000001 697.161358136327
"479" 1 668.483860000001 677.360612993741
"480" 1 672.242365 743.132755763349
"481" 1 674.728453249997 734.644933966831
"482" 1 678.093481000005 719.119642690753
"483" 1 679.742906000001 710.743041021276
"484" 1 680.580930249999 739.0033257418
"485" 1 681.179033000002 710.304169105293
"486" 1 681.987177249999 684.272985986957
"487" 1 682.185706249999 704.240603938037
"488" 1 684.15106825 929.98501317166
"489" 1 689.868481250002 807.412717688837
"490" 1 693.4318065 890.385926695197
"491" 1 694.264279250001 765.676957313493
"492" 1 694.330506000003 1099.03387926331
"493" 1 694.661402500002 759.322779135789
"494" 1 695.254674249994 925.26675473705
"495" 1 696.971583250001 998.013085864385
"496" 1 699.888198250001 944.840580338241
"497" 1 701.69207825 765.139937968812
"498" 1 704.425929999998 796.518301838965
"499" 1 706.932492249999 838.943262284744
"500" 1 707.202216499998 1461.67325024789
"501" 1 707.414684500001 880.416570566746
"502" 1 707.926264999998 745.405490497918
"503" 1 708.368912 821.852441303269
"504" 1 711.780318249998 732.43225299714
"505" 1 715.298230249999 721.934595218083
"506" 1 715.336093000001 721.333929053523
"507" 1 716.281616499998 837.878659000173
"508" 1 717.593887250001 718.647363900322
"509" 1 725.83741625 773.267200190325
"510" 1 726.379950499992 738.032116098275
"511" 1 727.958770249999 1145.71464476498
"512" 1 730.170678249998 1432.0744237458
"513" 1 731.465356249999 732.503804199715
"514" 1 736.694874500003 819.540736520941
"515" 1 737.675584999998 806.944423611436
"516" 1 739.274341000001 744.449660379969
"517" 1 739.375460499999 759.225756214353
"518" 1 740.662328249999 766.208528447952
"519" 1 741.530836999999 773.464784161669
"520" 1 745.05489125 773.911496509705
"521" 1 747.883027249999 794.792139754045
"522" 1 748.594407249998 782.5091231842
"523" 1 751.20072625 840.287611691052
"524" 1 752.347349 1352.72845221897
"525" 1 753.531932500001 788.661746551514
"526" 1 754.601920249998 755.261352753515
"527" 1 758.243868500002 801.377506146942
"528" 1 758.636534499999 760.275259952112
"529" 1 760.795690249998 807.962541507458
"530" 1 768.4214525 777.44519472373
"531" 1 769.264093000001 774.988323770272
"532" 1 770.691673000002 1037.95791162602
"533" 1 770.897415250002 1332.18935621934
"534" 1 772.0959805 808.791483110099
"535" 1 774.041368249998 804.026082025322
"536" 1 774.871032499997 831.826196271785
"537" 1 774.899468500001 1226.96118097191
"538" 1 778.567378250001 788.46529957434
"539" 1 783.19511525 1022.40461966183
"540" 1 786.820746500002 1372.34532292214
"541" 1 786.99321725 871.043467894067
"542" 1 787.729939249998 787.945417587353
"543" 1 793.789888999997 833.464793354939
"544" 1 794.705620249997 795.570542862518
"545" 1 795.190981250001 795.193557046705
"546" 1 796.338712249992 813.67100870029
"547" 1 796.416799999998 833.85360074265
"548" 1 796.942768499998 796.945558008426
"549" 1 797.478697250001 802.045611407334
"550" 1 800.532581000001 1452.05749411351
"551" 1 804.353849000001 850.87932653996
"552" 1 805.071963250002 816.124192076884
"553" 1 809.713470249996 819.338317714184
"554" 1 812.877106000001 873.442991136984
"555" 1 814.109091250007 924.389181989761
"556" 1 815.706990250001 844.878512301783
"557" 1 817.327012000007 991.031266715475
"558" 1 818.174050000001 839.150055911785
"559" 1 823.30967825 831.98865257033
"560" 1 828.945944500003 1299.66087390844
"561" 1 833.110222499999 876.562333397678
"562" 1 833.165641250003 956.705040495706
"563" 1 843.441735250001 872.585117191208
"564" 1 849.050680250002 852.793482534437
"565" 1 853.166277000001 870.598357881773
"566" 1 858.18651925 911.022895269825
"567" 1 862.290400500002 1219.48551047415
"568" 1 865.517806250001 865.517935840079
"569" 1 869.909636249999 946.53268406637
"570" 1 871.830432499999 882.90984155112
"571" 1 878.510703250005 927.470056759567
"572" 1 879.757352500001 957.690555139575
"573" 1 884.062744999999 915.615861709962
"574" 1 884.141168500003 972.878158915479
"575" 1 885.480115249998 885.672207329792
"576" 1 886.6264985 1144.71670557775
"577" 1 894.519706000002 1003.28080228251
"578" 1 897.198526249999 930.991842014627
"579" 1 903.037730499999 932.432763086808
"580" 1 906.73685425 908.746871494379
"581" 1 907.9209365 928.515969940021
"582" 1 911.918443249999 982.531079956988
"583" 1 912.592602499999 937.011302728422
"584" 1 914.965182499994 1301.04427149586
"585" 1 922.323710499998 973.531765821672
"586" 1 922.8145825 1192.4369389991
"587" 1 931.56692225 980.163917074373
"588" 1 943.762552249997 1285.14492837195
"589" 1 948.606136999999 1262.07580559146
"590" 1 953.33886125 1050.96264146687
"591" 1 958.535071250001 963.123585226267
"592" 1 966.108420000003 1610.59641523465
"593" 1 968.459157250002 1690.08540562155
"594" 1 977.365408499998 1064.89303313672
"595" 1 978.121991250002 1015.1036515393
"596" 1 986.310156250002 1067.85109730376
"597" 1 991.325500249996 1341.79773811018
"598" 1 996.7661425 1243.54746300478
"599" 1 997.72520725 1010.7711479553
"600" 1 999.208894499995 1048.12495088605
"601" 1 1000.13778225 1005.13197380599
"602" 1 1001.898217 1008.94584511418
"603" 1 1003.75551025 1096.42353536038
"604" 1 1008.13885 1188.71444983948
"605" 1 1022.876593 1031.59833362074
"606" 1 1050.902009 1053.9741950641
"607" 1 1060.0361845 1093.91594762479
"608" 1 1061.7023045 1129.55905955713
"609" 1 1076.973769 1146.41635111775
"610" 1 1095.993333 1231.1317940658
"611" 1 1107.31673125 1395.09216550807
"612" 1 1111.30429624999 1112.79137183433
"613" 1 1126.9255045 1143.90378032744
"614" 1 1153.4287805 1218.1821619273
"615" 1 1155.63018125 1423.90398808006
"616" 1 1173.36852925 1360.24218486348
"617" 1 1174.974184 1218.03419896745
"618" 1 1177.4594725 1208.42359266862
"619" 1 1191.71114225 1203.51513476212
"620" 1 1227.34260625 1247.12543130206
"621" 1 1228.21083125 1251.60229834327
"622" 1 1259.64382825001 1268.6260143048
"623" 1 1281.5453025 1406.35872334037
"624" 1 1283.5719625 1294.14303601663
"625" 1 1300.41972624999 1300.42428089715
"626" 1 1331.50361125 1528.06596405749
"627" 1 1346.8104 1351.45447169025
"628" 1 1361.05345125 1365.4000433798
"629" 1 1364.79721625 1424.08787571788
"630" 1 1381.96956125 1455.06816726193
"631" 1 1391.9509585 1513.17486863189
"632" 1 1453.475941 1453.63415233546
"633" 1 1496.00825525 1593.86349262458
"634" 1 1517.639945 1599.04116946768
"635" 1 1624.62192625 1647.6598271389
