"dimension" "Birth" "Death"
"1" 0 0 Inf
"2" 0 0 336.75650325
"3" 0 0 230.139783249998
"4" 0 0 432.302270500003
"5" 0 0 322.848584000001
"6" 0 0 361.739580249999
"7" 0 0 200.884771249999
"8" 0 0 247.856088999999
"9" 0 0 328.20889825
"10" 0 0 288.853265
"11" 0 0 174.846924500002
"12" 0 0 339.564724999999
"13" 0 0 303.481402249999
"14" 0 0 307.293636249999
"15" 0 0 277.220937999999
"16" 0 0 514.581800500003
"17" 0 0 199.1269625
"18" 0 0 188.077606250001
"19" 0 0 104.41637525
"20" 0 0 298.60357025
"21" 0 0 321.543982249998
"22" 0 0 93.4867985000005
"23" 0 0 298.595706249999
"24" 0 0 243.64001825
"25" 0 0 246.168208999999
"26" 0 0 104.390117
"27" 0 0 76.6838412499999
"28" 0 0 68.6809344999997
"29" 0 0 259.748065000001
"30" 0 0 326.550099999999
"31" 0 0 329.753905
"32" 0 0 86.0028462500002
"33" 0 0 275.816488250002
"34" 0 0 328.687029249999
"35" 0 0 53.0256904999996
"36" 0 0 230.68407025
"37" 0 0 199.683971999999
"38" 0 0 261.072606249997
"39" 0 0 74.0447045000008
"40" 0 0 334.944672499998
"41" 0 0 278.19654125
"42" 0 0 382.707523250001
"43" 0 0 171.600568250002
"44" 0 0 273.321425
"45" 0 0 121.527108250002
"46" 0 0 258.373177999999
"47" 0 0 182.047180249999
"48" 0 0 225.756918500001
"49" 0 0 303.8927705
"50" 0 0 206.654101
"51" 0 0 96.9278125000006
"52" 0 0 271.002469249999
"53" 0 0 239.68282
"54" 0 0 147.0235225
"55" 0 0 283.330625
"56" 0 0 219.28240325
"57" 0 0 321.781583250001
"58" 0 0 301.868530249998
"59" 0 0 261.335925
"60" 0 0 337.501947250002
"61" 0 0 50.9426824999994
"62" 0 0 459.43719325
"63" 0 0 243.83319025
"64" 0 0 234.497908250001
"65" 0 0 218.0427125
"66" 0 0 107.3370845
"67" 0 0 400.467521250004
"68" 0 0 314.734028500001
"69" 0 0 352.322990500001
"70" 0 0 116.685834250001
"71" 0 0 93.0500472500005
"72" 0 0 385.258214500002
"73" 0 0 106.8940025
"74" 0 0 336.615139250002
"75" 0 0 567.054868250002
"76" 0 0 283.008800499999
"77" 0 0 490.903634000001
"78" 0 0 174.363070249999
"79" 0 0 254.998556500001
"80" 0 0 137.847112250002
"81" 0 0 335.718205000001
"82" 0 0 428.880960499999
"83" 0 0 171.483036499999
"84" 0 0 548.535864500002
"85" 0 0 59.9103182499997
"86" 0 0 428.904073999999
"87" 0 0 347.717020250003
"88" 0 0 227.202012499999
"89" 0 0 94.3473362500006
"90" 0 0 474.217860500001
"91" 1 103.726641250001 126.261965352272
"92" 1 132.357892499999 136.220921505251
"93" 1 161.857455250001 167.428781599508
"94" 1 171.1036685 177.531361122797
"95" 1 199.948201 247.13289564041
"96" 1 203.0873125 220.316739802426
"97" 1 237.817514250002 258.597958323462
"98" 1 258.893515250001 330.837120307978
"99" 1 261.652500250002 282.360521104582
"100" 1 279.4779665 540.066243294404
"101" 1 283.912099249999 424.586889430197
"102" 1 307.05186025 316.997766491426
"103" 1 318.69418725 321.878022641759
"104" 1 319.854784499998 353.364678309305
"105" 1 325.6962085 359.596498531212
"106" 1 326.138019999999 331.586254099717
"107" 1 331.562125 414.971232206713
"108" 1 335.945898500003 382.501181159287
"109" 1 339.767288499997 404.213737332866
"110" 1 347.307862250001 516.784970560773
"111" 1 347.719548999999 758.905034122952
"112" 1 349.696236499999 372.202725245935
"113" 1 349.896912250001 897.406119549752
"114" 1 352.588597250001 366.476718529273
"115" 1 357.367720249999 368.991759494017
"116" 1 361.7533045 395.434455062284
"117" 1 363.2623625 483.632143340835
"118" 1 365.7081925 469.031571724475
"119" 1 368.536999999996 531.659475476996
"120" 1 370.034258499999 706.220235847177
"121" 1 373.627332000002 641.909497831089
"122" 1 377.208586250001 560.060735247315
"123" 1 377.971485250002 412.404729082506
"124" 1 378.1987285 1111.19998656335
"125" 1 378.59203125 399.874765681542
"126" 1 384.667606250001 438.154020379471
"127" 1 387.087684999998 456.435198085717
"128" 1 387.385651249998 516.768072001411
"129" 1 388.687141000005 389.703741979209
"130" 1 396.879577999999 603.95708992703
"131" 1 399.427352999998 476.349108144751
"132" 1 430.39365625 502.620525296573
"133" 1 439.803764499999 562.975594248842
"134" 1 439.967557249999 460.592002574888
"135" 1 440.314879250002 1281.07238425407
"136" 1 440.743891249998 754.765883828554
"137" 1 441.035067250002 663.857981759713
"138" 1 445.252726250004 514.847369272276
"139" 1 449.926009249996 534.420917105308
"140" 1 450.810633250001 483.367418638266
"141" 1 452.212984249999 453.185756783114
"142" 1 456.340789249999 1038.09904116634
"143" 1 456.519185000001 476.378671697481
"144" 1 460.872461249998 693.139805211913
"145" 1 461.552732500001 497.344652291069
"146" 1 462.920646249999 484.406781819967
"147" 1 463.503141249998 806.011036388769
"148" 1 465.774469000002 524.830546058277
"149" 1 467.346528499997 486.528283344932
"150" 1 472.45072025 490.236542088057
"151" 1 479.347852250001 563.807560204448
"152" 1 502.275699249999 591.494212667569
"153" 1 514.476378 606.294368249973
"154" 1 518.161734500003 578.511927888496
"155" 1 521.188452249996 748.174908117533
"156" 1 528.012240499998 569.665140217946
"157" 1 530.768679999997 579.627684607559
"158" 1 530.929462499998 535.91400179333
"159" 1 536.554021249999 552.597228457961
"160" 1 549.184563250001 606.072640204137
"161" 1 550.197804999997 637.534285158003
"162" 1 558.2753725 648.979104681716
"163" 1 561.809488999999 581.176721360625
"164" 1 563.836364999994 824.979715627949
"165" 1 568.786192250001 627.795281222503
"166" 1 582.63451025 932.591060084261
"167" 1 588.148782500001 588.156988098572
"168" 1 589.03607425 956.072133505088
"169" 1 612.195300249996 651.420895990652
"170" 1 616.159935250001 652.088968624413
"171" 1 619.866864499996 698.178382997529
"172" 1 621.330765249997 1087.018256028
"173" 1 625.160864000003 626.523919356722
"174" 1 642.631592500001 724.086745245629
"175" 1 643.537754500002 654.115386863045
"176" 1 670.628464250005 748.532028033412
"177" 1 699.113959999999 715.85911923228
"178" 1 704.815456250001 730.010182166281
"179" 1 722.5960325 724.282112996682
"180" 1 727.480522249996 895.219862004722
"181" 1 735.585978249999 735.753371961262
"182" 1 765.908319249995 823.002039879263
"183" 1 767.489050249997 1273.39832155707
"184" 1 769.309944499997 824.79535468632
"185" 1 770.915882250002 857.699942842885
"186" 1 819.588949000002 896.089590659762
"187" 1 820.427634 889.711181151998
"188" 1 859.42846925 1070.49498763537
"189" 1 890.247691250002 893.398767021882
"190" 1 893.630088 894.63939145381
"191" 1 990.069402500001 997.400234970125
"192" 1 993.689738000002 996.452405017431
"193" 1 1000.46869325 1003.44717487024
"194" 1 1000.547509 1066.83392572371
"195" 1 1009.92272 1012.28807637608
"196" 1 1012.13527325 1012.25863015355
