"dimension" "Birth" "Death"
"1" 0 0 Inf
"2" 0 0 255.9327865
"3" 0 0 240.691398249999
"4" 0 0 218.44295525
"5" 0 0 220.323273999998
"6" 0 0 143.280405000002
"7" 0 0 176.066837
"8" 0 0 165.47906125
"9" 0 0 222.753721
"10" 0 0 291.069201249998
"11" 0 0 164.262944499999
"12" 0 0 366.771859250004
"13" 0 0 285.249506000002
"14" 0 0 111.358716999999
"15" 0 0 233.278212250001
"16" 0 0 201.111450249999
"17" 0 0 195.020526499996
"18" 0 0 160.538190250001
"19" 0 0 135.790866250001
"20" 0 0 116.197272499999
"21" 0 0 108.156933
"22" 0 0 172.813925
"23" 0 0 107.449252999999
"24" 0 0 172.036385
"25" 0 0 145.713793249999
"26" 0 0 186.98128025
"27" 0 0 93.5489770000003
"28" 0 0 177.049981250001
"29" 0 0 161.266767249999
"30" 0 0 208.33764125
"31" 0 0 184.554462499998
"32" 0 0 166.57676125
"33" 0 0 277.629529000002
"34" 0 0 309.7916425
"35" 0 0 206.75002625
"36" 0 0 168.086070500001
"37" 0 0 101.605836249999
"38" 0 0 168.003188499999
"39" 0 0 151.437736000001
"40" 0 0 359.066605250001
"41" 0 0 204.711824250001
"42" 0 0 94.6483704999989
"43" 0 0 150.712105999999
"44" 0 0 271.651602500002
"45" 0 0 118.815864500001
"46" 0 0 78.4864205000009
"47" 0 0 156.116190500001
"48" 0 0 221.20182125
"49" 0 0 256.076706250001
"50" 0 0 210.063217250001
"51" 0 0 210.978375250002
"52" 0 0 166.841325249998
"53" 0 0 252.097822249999
"54" 0 0 148.137253249999
"55" 0 0 207.137473249999
"56" 0 0 180.640989250002
"57" 0 0 165.185443250001
"58" 0 0 217.109054499998
"59" 0 0 263.71586
"60" 0 0 445.175744500003
"61" 0 0 152.65682725
"62" 0 0 101.950080249999
"63" 0 0 162.951430499998
"64" 0 0 329.765297
"65" 0 0 153.815124500001
"66" 0 0 109.38285625
"67" 0 0 232.939611250002
"68" 0 0 348.594681250001
"69" 0 0 376.8074945
"70" 0 0 268.981320499999
"71" 0 0 249.374960500001
"72" 0 0 315.600118250001
"73" 0 0 204.367531249999
"74" 0 0 348.4709785
"75" 0 0 152.789562499999
"76" 0 0 353.99244025
"77" 0 0 255.227209250001
"78" 0 0 197.099850249999
"79" 0 0 251.5492225
"80" 0 0 119.466111999999
"81" 0 0 180.011520999999
"82" 0 0 240.42946825
"83" 0 0 166.883998500001
"84" 0 0 290.359042250001
"85" 0 0 228.975961249998
"86" 0 0 207.4110245
"87" 0 0 325.17948125
"88" 0 0 139.370996
"89" 0 0 104.760650249999
"90" 0 0 190.186009
"91" 1 113.246995999999 146.19885268304
"92" 1 148.921731249997 153.600234750943
"93" 1 176.717712249998 282.924334441489
"94" 1 185.54012825 232.460355984933
"95" 1 197.547680500001 286.237590476472
"96" 1 199.045051249999 240.119541889791
"97" 1 200.06970625 266.438338652144
"98" 1 200.684494249999 203.980827883221
"99" 1 205.975512500001 240.662574623486
"100" 1 207.974752250002 274.444822351636
"101" 1 216.336650500001 249.493858684795
"102" 1 217.586691250001 243.304622909702
"103" 1 221.02739425 266.32590975422
"104" 1 222.8634025 419.048127824559
"105" 1 224.377416250002 228.449982033479
"106" 1 225.031095250001 278.987918352432
"107" 1 225.606568500001 282.235140801125
"108" 1 226.12453925 243.57808934485
"109" 1 227.223681250001 271.323222380863
"110" 1 231.39713725 266.854996341225
"111" 1 231.793552999999 239.54718924258
"112" 1 233.475374499999 375.70623118404
"113" 1 236.302031250003 356.388413530022
"114" 1 240.210548499999 351.901121390855
"115" 1 243.041596249998 548.786909369481
"116" 1 246.655433249999 273.316759522451
"117" 1 246.84329925 346.010798825728
"118" 1 246.927592000001 282.283326200358
"119" 1 248.310339249999 264.943681202717
"120" 1 248.854600999998 313.158495714877
"121" 1 252.37143125 420.719628809079
"122" 1 252.839362499999 262.206401429423
"123" 1 255.07266625 389.019752100867
"124" 1 262.751973249999 331.871756785266
"125" 1 264.991316 303.34036256461
"126" 1 266.329692500001 317.314691497908
"127" 1 266.377225250002 439.481476316923
"128" 1 267.361129250002 404.050574364677
"129" 1 279.156008000001 329.390077115165
"130" 1 281.690108499997 442.748186581119
"131" 1 282.425406250001 325.090241159914
"132" 1 285.497780000001 362.740852338439
"133" 1 286.767440000001 481.612524931833
"134" 1 287.351802500002 504.396648131944
"135" 1 289.275909250001 488.554469723628
"136" 1 291.003419250001 323.476633054103
"137" 1 292.074793 334.347739663403
"138" 1 295.0709225 422.560103980325
"139" 1 295.117202000002 467.961279218308
"140" 1 296.822527250001 312.591837410774
"141" 1 297.79575125 526.315925600799
"142" 1 301.862569 302.226089410011
"143" 1 305.014329 492.272009434506
"144" 1 309.770475250001 434.121614114792
"145" 1 310.804765000001 345.263120331206
"146" 1 311.542130500001 329.660563790423
"147" 1 314.084329250001 350.89002337618
"148" 1 320.17077 334.2546801683
"149" 1 324.004050499998 421.125701021314
"150" 1 327.7413505 335.639551609377
"151" 1 328.919812 331.303527118195
"152" 1 329.076626000001 361.385730350524
"153" 1 329.295789249999 458.051528844802
"154" 1 329.421043249998 334.333852241087
"155" 1 329.853672249999 422.884743525227
"156" 1 332.268435999997 333.853058607586
"157" 1 334.874366499997 344.436537040698
"158" 1 335.605327250001 376.982978486888
"159" 1 340.194852000001 395.19601456833
"160" 1 340.339465 368.901261480835
"161" 1 350.755262500001 433.732815290247
"162" 1 351.391392500001 405.758107363371
"163" 1 353.105586500001 392.127504454452
"164" 1 356.456576250003 416.455943255659
"165" 1 361.944157 362.087881346851
"166" 1 367.737893 1076.21820758363
"167" 1 368.341507249999 381.736639827604
"168" 1 368.36320825 431.351257661877
"169" 1 371.361722499999 386.229786138769
"170" 1 377.318019249999 384.45179237344
"171" 1 380.6025085 432.249133296604
"172" 1 384.612929999996 390.14050905222
"173" 1 385.383448249999 865.746589899012
"174" 1 390.237360500001 438.867826361131
"175" 1 391.681972249999 416.760767994717
"176" 1 393.495762499996 426.624619254951
"177" 1 399.426936250002 399.462042330521
"178" 1 404.801934500005 454.691905413973
"179" 1 412.285524500002 464.183113052754
"180" 1 414.599996250002 439.472726238915
"181" 1 424.17633425 432.904439253029
"182" 1 426.29382725 440.333008175799
"183" 1 428.441262499998 631.062566000571
"184" 1 430.519206250003 777.298147306468
"185" 1 438.583298 438.873606614932
"186" 1 445.4614205 886.617120947828
"187" 1 445.557510250002 554.929356401068
"188" 1 452.24664325 513.074226481489
"189" 1 458.946417249998 605.615291895048
"190" 1 460.730076499998 613.265751993664
"191" 1 462.597232499999 555.262811532904
"192" 1 464.03461 481.175520403727
"193" 1 465.493977999999 470.668223787745
"194" 1 472.611530000001 478.267367687397
"195" 1 476.998133 483.772392797095
"196" 1 477.16819525 534.418022042979
"197" 1 477.32273425 483.545870295425
"198" 1 488.703724999999 502.842162942577
"199" 1 492.537256249999 492.820155739914
"200" 1 498.116774249999 498.456323511968
"201" 1 501.830276 554.477533360459
"202" 1 540.277696999999 543.102369395479
"203" 1 560.042480250002 620.55702594468
"204" 1 584.941939249996 585.097368634071
"205" 1 586.048480250001 647.901512894104
"206" 1 604.679071249998 622.119107553318
"207" 1 642.539452249998 729.172126639791
"208" 1 645.949836999995 649.480637642721
"209" 1 656.938570000001 669.445737107781
"210" 1 746.095722249999 748.532799175694
"211" 1 830.476224499997 830.47648564358
"212" 1 850.594956250002 865.028014621575
"213" 1 981.47474525 1081.15444385232
