"dimension" "Birth" "Death"
"1" 0 0 Inf
"2" 0 0 255.9327865
"3" 0 0 240.691398249999
"4" 0 0 218.44295525
"5" 0 0 220.323273999998
"6" 0 0 143.280405000002
"7" 0 0 176.066837
"8" 0 0 165.47906125
"9" 0 0 222.753721
"10" 0 0 291.069201249998
"11" 0 0 164.262944499999
"12" 0 0 366.771859250004
"13" 0 0 285.249506000002
"14" 0 0 111.358716999999
"15" 0 0 233.278212250001
"16" 0 0 201.111450249999
"17" 0 0 195.020526499996
"18" 0 0 160.538190250001
"19" 0 0 135.790866250001
"20" 0 0 116.197272499999
"21" 0 0 108.156933
"22" 0 0 172.813925
"23" 0 0 107.449252999999
"24" 0 0 172.036385
"25" 0 0 145.713793249999
"26" 0 0 186.98128025
"27" 0 0 93.5489770000003
"28" 0 0 177.049981250001
"29" 0 0 161.266767249999
"30" 0 0 208.33764125
"31" 0 0 184.554462499998
"32" 0 0 166.57676125
"33" 0 0 277.629529000002
"34" 0 0 309.7916425
"35" 0 0 206.75002625
"36" 0 0 168.086070500001
"37" 0 0 101.605836249999
"38" 0 0 168.003188499999
"39" 0 0 151.437736000001
"40" 0 0 359.066605250001
"41" 0 0 204.711824250001
"42" 0 0 94.6483704999989
"43" 0 0 150.712105999999
"44" 0 0 271.651602500002
"45" 0 0 118.815864500001
"46" 0 0 78.4864205000009
"47" 0 0 156.116190500001
"48" 0 0 221.20182125
"49" 0 0 256.076706250001
"50" 0 0 210.063217250001
"51" 0 0 210.978375250002
"52" 0 0 166.841325249998
"53" 0 0 252.097822249999
"54" 0 0 148.137253249999
"55" 0 0 207.137473249999
"56" 0 0 180.640989250002
"57" 0 0 165.185443250001
"58" 0 0 217.109054499998
"59" 0 0 263.71586
"60" 0 0 251.5492225
"61" 0 0 152.65682725
"62" 0 0 101.950080249999
"63" 0 0 162.951430499998
"64" 0 0 329.765297
"65" 0 0 153.815124500001
"66" 0 0 109.38285625
"67" 0 0 232.939611250002
"68" 0 0 290.942892500002
"69" 0 0 253.543809999998
"70" 0 0 268.981320499999
"71" 0 0 231.684028249999
"72" 0 0 315.600118250001
"73" 0 0 204.367531249999
"74" 0 0 348.4709785
"75" 0 0 152.789562499999
"76" 0 0 353.99244025
"77" 0 0 255.227209250001
"78" 0 0 197.099850249999
"79" 0 0 197.411056249999
"80" 0 0 119.466111999999
"81" 0 0 180.011520999999
"82" 0 0 240.42946825
"83" 0 0 166.883998500001
"84" 0 0 290.359042250001
"85" 0 0 194.431468999999
"86" 0 0 202.571426499998
"87" 0 0 217.002829249999
"88" 0 0 139.370996
"89" 0 0 104.760650249999
"90" 0 0 190.186009
"91" 0 0 298.610959250001
"92" 0 0 188.269713
"93" 0 0 278.585406249999
"94" 0 0 268.590650500001
"95" 0 0 231.204138499999
"96" 0 0 278.5850905
"97" 0 0 204.069590500001
"98" 0 0 208.157912499999
"99" 0 0 159.163624999999
"100" 0 0 78.6926452500009
"101" 0 0 171.231201999998
"102" 0 0 167.569416500002
"103" 0 0 211.92397425
"104" 0 0 416.399652500001
"105" 0 0 222.637908250002
"106" 0 0 179.862787250001
"107" 0 0 294.887162
"108" 0 0 235.948071250001
"109" 0 0 178.008722000002
"110" 0 0 240.60862025
"111" 0 0 316.995400250001
"112" 0 0 454.298727999999
"113" 0 0 245.189938499999
"114" 0 0 322.460722249998
"115" 0 0 263.55698125
"116" 0 0 173.759640500002
"117" 0 0 171.91750225
"118" 0 0 188.721016250001
"119" 0 0 328.353189250002
"120" 0 0 349.571420500001
"121" 0 0 378.94496425
"122" 0 0 225.67452625
"123" 0 0 151.597891250001
"124" 0 0 223.238508999998
"125" 0 0 140.317465
"126" 1 113.246995999999 146.19885268304
"127" 1 148.921731249997 153.600234750943
"128" 1 176.717712249998 282.924334441489
"129" 1 185.54012825 232.460355984933
"130" 1 197.547680500001 286.237590476472
"131" 1 199.045051249999 240.119541889791
"132" 1 200.06970625 266.438338652144
"133" 1 200.684494249999 203.980827883221
"134" 1 203.490944500001 381.430246556849
"135" 1 205.975512500001 240.662574623486
"136" 1 207.4110245 261.850648012826
"137" 1 207.974752250002 274.444822351636
"138" 1 216.336650500001 249.493858684795
"139" 1 217.586691250001 243.304622909702
"140" 1 221.02739425 266.32590975422
"141" 1 222.8634025 419.048127824559
"142" 1 224.377416250002 228.449982033479
"143" 1 225.031095250001 278.987918352432
"144" 1 225.606568500001 282.235140801125
"145" 1 226.12453925 243.57808934485
"146" 1 227.223681250001 271.323222380863
"147" 1 228.975961249998 434.121614114792
"148" 1 231.39713725 266.854996341225
"149" 1 231.793552999999 239.54718924258
"150" 1 233.475374499999 375.70623118404
"151" 1 236.302031250003 356.388413530022
"152" 1 240.210548499999 351.901121390855
"153" 1 243.041596249998 548.786909369481
"154" 1 246.655433249999 273.316759522451
"155" 1 246.84329925 346.010798825728
"156" 1 246.927592000001 282.283326200358
"157" 1 248.310339249999 264.943681202717
"158" 1 248.854600999998 313.158495714877
"159" 1 249.374960500001 404.050574364677
"160" 1 252.37143125 420.719628809079
"161" 1 252.839362499999 262.206401429423
"162" 1 255.07266625 389.019752100867
"163" 1 262.751973249999 331.871756785266
"164" 1 264.991316 303.34036256461
"165" 1 266.329692500001 317.314691497908
"166" 1 266.377225250002 439.481476316923
"167" 1 266.399851249997 287.292886629557
"168" 1 267.361129250002 308.536444971985
"169" 1 272.589576249998 494.983637314151
"170" 1 279.156008000001 329.390077115165
"171" 1 280.442781000001 298.045807006322
"172" 1 281.690108499997 442.748186581119
"173" 1 282.425406250001 325.090241159914
"174" 1 285.497780000001 362.740852338439
"175" 1 286.767440000001 481.612524931833
"176" 1 287.351802500002 504.396648131944
"177" 1 287.652097000003 546.920481306352
"178" 1 289.275909250001 488.554469723628
"179" 1 289.865961250003 333.410154596386
"180" 1 291.003419250001 323.476633054103
"181" 1 292.074793 334.347739663403
"182" 1 295.0709225 422.560103980325
"183" 1 295.117202000002 467.961279218308
"184" 1 296.822527250001 312.591837410774
"185" 1 297.79575125 526.315925600799
"186" 1 301.862569 302.226089410011
"187" 1 302.839930000001 537.855927146814
"188" 1 305.014329 492.272009434506
"189" 1 309.770475250001 373.620835136392
"190" 1 310.804765000001 345.263120331206
"191" 1 311.542130500001 329.660563790423
"192" 1 311.616370000002 366.922604274755
"193" 1 314.084329250001 350.89002337618
"194" 1 315.131738 481.605657405335
"195" 1 320.17077 334.2546801683
"196" 1 324.004050499998 421.125701021314
"197" 1 325.17948125 381.323438292224
"198" 1 327.583752499998 456.70767899293
"199" 1 327.7413505 335.639551609377
"200" 1 328.919812 331.303527118195
"201" 1 329.076626000001 361.385730350524
"202" 1 329.295789249999 458.051528844802
"203" 1 329.421043249998 334.333852241087
"204" 1 329.853672249999 422.884743525227
"205" 1 331.93707625 370.767065955245
"206" 1 332.268435999997 333.853058607586
"207" 1 332.934390499999 390.980647579275
"208" 1 334.874366499997 344.436537040698
"209" 1 335.364162250001 362.565135157716
"210" 1 335.605327250001 376.982978486888
"211" 1 338.1098725 390.613937725314
"212" 1 340.194852000001 395.19601456833
"213" 1 340.339465 368.901261480835
"214" 1 348.594681250001 865.746589899012
"215" 1 350.755262500001 433.732815290247
"216" 1 351.028951250002 433.436926052448
"217" 1 351.391392500001 405.758107363371
"218" 1 353.105586500001 392.127504454452
"219" 1 356.456576250003 416.455943255659
"220" 1 359.185430500001 413.681285479228
"221" 1 361.944157 362.087881346851
"222" 1 367.737893 1076.21820758363
"223" 1 368.341507249999 381.736639827604
"224" 1 368.36320825 431.351257661877
"225" 1 371.361722499999 386.229786138769
"226" 1 373.78721425 410.262514425737
"227" 1 376.8074945 561.139633788097
"228" 1 377.318019249999 384.45179237344
"229" 1 380.6025085 432.249133296604
"230" 1 384.612929999996 390.14050905222
"231" 1 385.383448249999 777.298147306468
"232" 1 386.009651250002 435.120394631243
"233" 1 390.237360500001 438.867826361131
"234" 1 391.681972249999 416.760767994717
"235" 1 393.495762499996 426.624619254951
"236" 1 395.204383249999 411.611629638871
"237" 1 395.3134645 425.953195534888
"238" 1 399.426936250002 399.462042330521
"239" 1 399.769031249999 462.074458453924
"240" 1 403.60316125 404.976060677202
"241" 1 404.801934500005 454.691905413973
"242" 1 412.285524500002 464.183113052754
"243" 1 414.599996250002 439.472726238915
"244" 1 415.224187250002 439.487615003072
"245" 1 424.17633425 432.904439253029
"246" 1 426.29382725 440.333008175799
"247" 1 428.441262499998 631.062566000571
"248" 1 428.949630250001 436.517839415943
"249" 1 430.519206250003 569.606165885917
"250" 1 431.3664725 709.888689936394
"251" 1 436.440190250002 456.617023228803
"252" 1 438.583298 438.873606614932
"253" 1 442.895050000003 520.260015156737
"254" 1 445.175744500003 450.057053079385
"255" 1 445.4614205 886.617120947828
"256" 1 445.557510250002 554.929356401068
"257" 1 458.946417249998 605.615291895048
"258" 1 460.730076499998 613.265751993664
"259" 1 460.941885 799.221583966677
"260" 1 462.597232499999 555.262811532904
"261" 1 464.03461 481.175520403727
"262" 1 465.493977999999 470.668223787745
"263" 1 472.611530000001 478.267367687397
"264" 1 476.998133 483.772392797095
"265" 1 477.16819525 534.418022042979
"266" 1 477.32273425 483.545870295425
"267" 1 478.419113250001 680.251376827606
"268" 1 484.0543485 734.126024496781
"269" 1 488.703724999999 502.842162942577
"270" 1 491.890779250001 566.400668056809
"271" 1 492.537256249999 492.820155739914
"272" 1 498.116774249999 498.456323511968
"273" 1 501.830276 554.477533360459
"274" 1 518.917105000001 644.632242363222
"275" 1 523.273864249998 572.99311986678
"276" 1 537.396171250002 582.250616343355
"277" 1 540.277696999999 543.102369395479
"278" 1 540.370351249999 1081.15444385232
"279" 1 547.259341000002 553.11758795837
"280" 1 560.042480250002 620.55702594468
"281" 1 570.932880499999 734.068552614967
"282" 1 584.941939249996 585.097368634071
"283" 1 586.048480250001 647.901512894104
"284" 1 596.177224249998 618.65153372126
"285" 1 604.679071249998 622.119107553318
"286" 1 642.539452249998 729.172126639791
"287" 1 656.938570000001 669.445737107781
"288" 1 692.010922250001 709.570655000061
"289" 1 699.990352000001 707.67812935425
"290" 1 719.659678249999 720.060931559261
"291" 1 746.095722249999 748.532799175694
"292" 1 805.450565000002 1009.91660356685
"293" 1 830.476224499997 830.47648564358
"294" 1 834.507660499999 834.772778800381
"295" 1 850.594956250002 865.028014621575
"296" 1 981.47474525 981.64878083369
