"dimension" "Birth" "Death"
"1" 0 0 Inf
"2" 0 0 671.513165000002
"3" 0 0 870.05299525
"4" 0 0 288.509836249999
"5" 0 0 766.242151999999
"6" 0 0 762.347837000001
"7" 0 0 471.093066000001
"8" 0 0 863.630146249995
"9" 0 0 605.300845249999
"10" 0 0 760.092992499996
"11" 0 0 752.971590499995
"12" 0 0 721.103159249999
"13" 0 0 577.437510500001
"14" 0 0 532.795452500002
"15" 0 0 460.359290250001
"16" 0 0 785.303522499997
"17" 0 0 482.064040000002
"18" 0 0 354.521724500001
"19" 0 0 376.042277250003
"20" 0 0 385.345480500003
"21" 0 0 443.327439249996
"22" 0 0 398.641172500002
"23" 0 0 319.117771250001
"24" 0 0 736.088658499999
"25" 0 0 643.555112499998
"26" 0 0 581.871124249998
"27" 0 0 546.190450000002
"28" 0 0 709.997836250002
"29" 0 0 479.406072500003
"30" 0 0 318.701593250002
"31" 0 0 819.399276249997
"32" 0 0 454.593112250001
"33" 0 0 394.387965249999
"34" 0 0 729.112932250002
"35" 0 0 436.138892499997
"36" 0 0 658.220133249996
"37" 0 0 581.22511625
"38" 0 0 676.93298625
"39" 0 0 535.389096250002
"40" 0 0 182.673319999999
"41" 0 0 357.695545000001
"42" 0 0 207.114592499999
"43" 0 0 457.5295765
"44" 0 0 413.924499250001
"45" 0 0 658.99172
"46" 0 0 302.614978250001
"47" 0 0 570.330730250001
"48" 0 0 540.8731505
"49" 0 0 651.283408
"50" 0 0 505.311682000003
"51" 0 0 159.584028250001
"52" 0 0 527.066536249996
"53" 0 0 254.106474499998
"54" 0 0 822.555701000005
"55" 0 0 517.629960250001
"56" 0 0 296.435808500003
"57" 0 0 1050.39124425
"58" 0 0 872.618324499998
"59" 0 0 687.384531249999
"60" 0 0 451.197500499999
"61" 0 0 644.279449250001
"62" 0 0 471.364982500003
"63" 0 0 472.329442000005
"64" 0 0 653.353672499998
"65" 0 0 738.660169999997
"66" 0 0 528.345605000001
"67" 0 0 605.401440499998
"68" 0 0 950.980987250003
"69" 0 0 710.043852499999
"70" 0 0 722.1856645
"71" 0 0 487.907578000001
"72" 0 0 600.936646249997
"73" 0 0 489.649512499998
"74" 0 0 780.851825000003
"75" 0 0 395.880325000001
"76" 0 0 256.745241250001
"77" 0 0 795.217836250001
"78" 0 0 605.033384499999
"79" 0 0 598.832928500001
"80" 0 0 257.090264999999
"81" 0 0 418.871056249996
"82" 0 0 524.664550249999
"83" 0 0 326.315194250002
"84" 0 0 623.571510250001
"85" 0 0 465.162750249999
"86" 0 0 572.2051625
"87" 0 0 252.715329249999
"88" 0 0 848.3724365
"89" 0 0 624.295068500001
"90" 0 0 587.446785250001
"91" 0 0 668.253525250002
"92" 0 0 294.88659925
"93" 0 0 641.916932500001
"94" 0 0 489.79843925
"95" 0 0 664.855002500004
"96" 0 0 681.008937249997
"97" 0 0 998.982618499996
"98" 0 0 697.783427999995
"99" 0 0 446.689236249995
"100" 0 0 334.585162
"101" 0 0 418.738479249998
"102" 0 0 795.226144999998
"103" 0 0 309.3913
"104" 0 0 740.881712500004
"105" 0 0 392.292073999998
"106" 0 0 679.971602500004
"107" 0 0 376.981875249999
"108" 0 0 476.193649999996
"109" 0 0 326.6046445
"110" 0 0 431.843450000004
"111" 0 0 324.731745000002
"112" 0 0 752.846133249996
"113" 0 0 506.373852499997
"114" 0 0 757.774712499998
"115" 0 0 776.9974185
"116" 0 0 535.477432999999
"117" 0 0 596.6658365
"118" 0 0 485.975573000003
"119" 0 0 198.618862499999
"120" 0 0 734.397950499997
"121" 0 0 255.01098125
"122" 0 0 904.295410000001
"123" 0 0 644.149405250001
"124" 0 0 343.321342249999
"125" 0 0 342.118065250002
"126" 1 241.505757250001 273.986690513739
"127" 1 352.710777250001 819.782015716257
"128" 1 375.774938499999 452.083505524451
"129" 1 380.341205000001 601.103811928925
"130" 1 394.751112999998 513.824568278456
"131" 1 407.442998500001 538.862663623512
"132" 1 418.96982725 505.882096523746
"133" 1 421.20387725 498.731478453989
"134" 1 436.730260000002 638.135217547293
"135" 1 442.944912499999 632.624818055212
"136" 1 455.426796249999 588.42294548489
"137" 1 459.318118249996 494.898991609467
"138" 1 518.72562425 658.273707880849
"139" 1 525.773684000002 694.296500486087
"140" 1 533.141916499999 654.330819076833
"141" 1 536.452839249999 587.011312721309
"142" 1 554.150188250001 654.253291100066
"143" 1 562.276368000002 690.630818651793
"144" 1 567.257541249999 573.886358844825
"145" 1 572.680082499999 637.009465730253
"146" 1 577.234352500004 640.229216394031
"147" 1 581.318834 658.726638050191
"148" 1 593.054626250001 646.780890866456
"149" 1 595.266454250005 711.829433804185
"150" 1 595.28343825 719.496944156336
"151" 1 598.438759250003 803.004105037641
"152" 1 611.433348500001 755.953691607352
"153" 1 617.035986499999 619.800376904483
"154" 1 619.444495999996 639.472724654486
"155" 1 623.455118499999 997.45346236486
"156" 1 631.118832499995 828.987437728803
"157" 1 635.273508250004 876.356164315374
"158" 1 637.138390249996 663.601427864147
"159" 1 648.75920525 676.576340074477
"160" 1 667.416444500002 773.358163176307
"161" 1 667.469785250001 748.779660998909
"162" 1 673.732820000004 862.154254668857
"163" 1 679.32619625 1035.04017482859
"164" 1 683.489322499997 745.540840881793
"165" 1 692.651458 831.524911077409
"166" 1 709.349161250001 1178.10739942324
"167" 1 711.057434000002 1113.73010424554
"168" 1 711.957394250005 763.215219014549
"169" 1 716.453181250001 854.898740801291
"170" 1 721.593102249998 862.258510482377
"171" 1 721.780962500001 1040.22684783489
"172" 1 746.3311265 953.6163333864
"173" 1 748.487214499996 762.784381392391
"174" 1 766.4879525 817.426976393313
"175" 1 769.903540249997 1078.31999097275
"176" 1 770.482716250002 802.377175854104
"177" 1 771.0749325 807.757136692176
"178" 1 772.373862499999 1483.4054493886
"179" 1 780.10701625 982.566992448883
"180" 1 780.89903125 1383.05739031527
"181" 1 784.933380249999 833.473222123606
"182" 1 792.781944999997 928.14154870085
"183" 1 793.672420999998 971.534481752907
"184" 1 803.02920525 972.041776223266
"185" 1 809.091633999999 945.319344315752
"186" 1 811.781652999998 943.21186378514
"187" 1 812.766774249996 988.903835276567
"188" 1 817.479221000003 1738.73194375539
"189" 1 818.840322499997 903.727680372827
"190" 1 818.985915250001 1052.3759893811
"191" 1 822.190965250001 896.536962063254
"192" 1 834.875173249998 974.871866387637
"193" 1 837.830646499999 873.64284653064
"194" 1 838.004822499999 1554.75671776311
"195" 1 841.522831249999 901.87610714231
"196" 1 858.601001250002 959.566735741495
"197" 1 858.678538250001 959.967101078976
"198" 1 859.067550500003 902.734233842488
"199" 1 866.828728999996 1661.07420527934
"200" 1 870.450916250002 1693.74686172344
"201" 1 881.893714 1139.24323037173
"202" 1 892.710821000001 897.662918259741
"203" 1 896.911609249998 896.99780191433
"204" 1 898.72586425 1026.91244020477
"205" 1 899.014456250001 1141.41905292092
"206" 1 899.442807250001 997.119472355601
"207" 1 905.457569000002 1032.49660479668
"208" 1 908.374327249995 968.505068437672
"209" 1 909.269125 1803.48019637498
"210" 1 909.841780999998 1111.51981509823
"211" 1 918.371164249998 1094.10498682152
"212" 1 918.832086250001 1087.62931724236
"213" 1 922.693268500001 1390.84009229138
"214" 1 927.433207249999 934.40881918788
"215" 1 931.6190225 1054.86941700084
"216" 1 935.732756249998 1068.865978681
"217" 1 938.468102499999 1091.78841847736
"218" 1 943.068113999998 947.767887860503
"219" 1 943.6890125 1089.78665859552
"220" 1 953.942216 1597.69625353899
"221" 1 955.935946250001 1236.65860508273
"222" 1 956.992728249998 968.195571622294
"223" 1 957.027350500001 1006.55677140972
"224" 1 959.68829125 1179.44861452405
"225" 1 964.193358500001 1583.48124891517
"226" 1 972.004431249999 1021.50672033233
"227" 1 973.284909250001 1080.84524012578
"228" 1 985.765937000001 1366.33251041533
"229" 1 986.214930500006 1753.28316856267
"230" 1 986.968585 1126.06175148784
"231" 1 991.706976250005 1422.31226812847
"232" 1 1002.46674125 1398.33779245949
"233" 1 1004.72666125 1119.67023671272
"234" 1 1004.9243965 1618.94043032322
"235" 1 1007.7184625 1137.77175018639
"236" 1 1011.9061305 1329.60294542517
"237" 1 1014.063362 1476.87795067285
"238" 1 1014.68648125 1223.0850709857
"239" 1 1022.00516225 1152.56867230253
"240" 1 1023.7679525 1023.7712207741
"241" 1 1026.4325625 1046.27977433348
"242" 1 1037.2433625 1157.90216396621
"243" 1 1038.532405 1290.8634846106
"244" 1 1044.85829225 1693.4743155959
"245" 1 1048.62225425 1053.05217318365
"246" 1 1051.650433 1051.76534903902
"247" 1 1052.44874125 1313.75079273552
"248" 1 1062.2544725 1249.73824958346
"249" 1 1073.873224 1253.2280863914
"250" 1 1074.274321 1613.6563268261
"251" 1 1078.04521625 1175.41294008087
"252" 1 1079.01588425 1090.72472812485
"253" 1 1079.12525299999 1244.34849504304
"254" 1 1095.5389365 1148.99219991357
"255" 1 1099.7736305 1230.30278725923
"256" 1 1101.71803625 1286.17717697717
"257" 1 1104.48512225 1247.35746195616
"258" 1 1105.45508 1121.5803645249
"259" 1 1118.42260625 1498.27420251267
"260" 1 1130.15496625 1145.82834377196
"261" 1 1130.61722625 1204.80069183633
"262" 1 1134.34515625 1207.80296809617
"263" 1 1160.578181 1199.49054363258
"264" 1 1162.551688 1166.8083798123
"265" 1 1168.7940045 1257.27408190908
"266" 1 1179.73602125 1240.56536773397
"267" 1 1191.4719625 2065.60103645783
"268" 1 1204.40996325 1225.78169019589
"269" 1 1223.362714 1351.16096045275
"270" 1 1229.6553305 1728.77488789866
"271" 1 1243.198324 1306.21641909414
"272" 1 1243.7417725 1426.48373301713
"273" 1 1245.01756624999 1655.2447325563
"274" 1 1250.332465 1392.1574994549
"275" 1 1255.70343725 1552.4944683561
"276" 1 1269.056401 1295.17048367734
"277" 1 1283.8346405 1726.58832369406
"278" 1 1288.9990825 1768.27884427342
"279" 1 1302.5863705 1524.46500013159
"280" 1 1304.94857225 1988.32063332209
"281" 1 1307.423146 1307.44968379885
"282" 1 1310.02309325 1310.75695765221
"283" 1 1325.761813 1338.49483236465
"284" 1 1342.21127125 2193.92683818478
"285" 1 1350.14176525 1350.31584893025
"286" 1 1373.48761225 1935.33711218525
"287" 1 1389.16253125 1452.67492868197
"288" 1 1411.48580624999 1591.91762803233
"289" 1 1445.47907125 1581.05320848105
"290" 1 1449.60553 1464.89821116541
"291" 1 1456.0071345 1535.34151437291
"292" 1 1463.04793325 1575.30662902005
"293" 1 1463.061141 1600.86600141097
"294" 1 1517.40850825 1517.44732115381
"295" 1 1533.82957325 1533.88039384014
"296" 1 1539.1743965 1580.35522453064
"297" 1 1573.8828565 1599.41158456594
"298" 1 1577.54817700001 1580.46224263976
"299" 1 1600.99132825 1610.52684450768
"300" 1 1607.216474 1761.82300227576
"301" 1 1613.00996225 1630.55463602402
"302" 1 1619.44364125001 1620.58219105862
"303" 1 1637.119685 1640.79971044806
"304" 1 1642.35330225 1725.60699450065
"305" 1 1657.329649 1675.10220412537
"306" 1 1723.77505625 1789.64372695392
"307" 1 1723.84592125 1751.91808811505
"308" 1 1751.06532625 1880.44876217961
"309" 1 1782.63201625 1803.51740790433
"310" 1 1817.578597 1828.82292988065
"311" 1 1870.154497 1883.44988211524
"312" 1 1939.35779325 1986.56402820341
