0 0 Inf
0 0 443.076698000001
0 0 474.404801000002
0 0 431.3907065
0 0 394.003129250001
0 0 397.133809000002
0 0 564.0109525
0 0 456.911770500001
0 0 240.43688
0 0 360.899815249998
0 0 285.984901000001
0 0 209.287779999999
0 0 367.1814485
0 0 638.203066000001
0 0 392.256458500001
0 0 386.480188250001
0 0 420.244785000001
0 0 339.38713
0 0 470.324342499999
0 0 238.00626425
0 0 181.942364499998
0 0 412.292303999998
0 0 346.34666125
0 0 386.152782500002
0 0 421.42693725
0 0 421.03827625
0 0 152.5910585
0 0 197.52028025
0 0 170.646599249999
0 0 432.704385249999
0 0 361.439866249998
0 0 317.2622605
0 0 298.584360500003
0 0 292.5226125
0 0 470.560572499995
0 0 330.906612999999
0 0 385.57549125
0 0 323.810189
0 0 249.46754125
0 0 443.013981250002
0 0 160.9771325
0 0 425.464774250002
0 0 248.742672250003
0 0 335.04339625
0 0 146.044028499999
0 0 375.584866000001
0 0 263.982872500001
0 0 117.033931249997
0 0 155.789286250001
0 0 267.346724
0 0 246.9019045
0 0 370.981325249998
0 0 208.301560999999
0 0 178.769272500001
0 0 259.77594625
0 0 438.779881250003
0 0 390.663772999998
0 0 149.964792500001
0 0 155.0398985
0 0 345.241822249998
0 0 110.814746499999
0 0 241.10579225
0 0 296.081676999999
0 0 319.34513025
0 0 722.76352325
0 0 294.311130249998
0 0 273.215191250001
0 0 272.530154250004
0 0 357.864549250002
0 0 383.225370249998
0 0 221.801889249999
0 0 215.736496249997
0 0 673.526010249996
0 0 325.66178025
0 0 251.691312499997
0 0 209.316696249998
0 0 236.931610250001
0 0 460.035554499998
0 0 305.6460065
0 0 385.7975125
0 0 213.11815325
0 0 276.061818500003
0 0 199.3620065
0 0 191.18744525
0 0 297.8008625
0 0 337.795686500002
0 0 347.989267250004
0 0 158.255478250001
0 0 348.234088000002
0 0 241.295851250002
0 0 370.026382499999
0 0 174.29845
0 0 167.122712500001
0 0 318.336189249997
0 0 451.333296249998
0 0 298.289221249999
0 0 396.484778
0 0 312.191990499999
0 0 313.852746500001
0 0 402.29078125
0 0 738.55370125
0 0 222.126603250001
0 0 373.545860499998
0 0 231.331158500001
0 0 292.211946000001
0 0 230.957301250003
0 0 197.938483999999
0 0 209.38345
0 0 480.02600125
0 0 533.775964999996
0 0 227.8379925
0 0 206.318821250001
0 0 140.39120925
0 0 470.574810499999
0 0 359.898997249998
0 0 268.503625
0 0 276.995434000001
0 0 264.94400725
0 0 246.129781249999
0 0 271.11435525
0 0 147.441217250002
0 0 356.700722499999
0 0 239.0637665
0 0 221.542051250001
0 0 354.305585000002
0 0 345.728369
0 0 411.710415999997
0 0 227.584825
0 0 342.97841825
0 0 365.067366499999
0 0 226.861147249999
0 0 259.501166500002
0 0 266.636815999999
0 0 357.42401725
0 0 490.897241000004
0 0 105.657597249999
0 0 435.364996250001
0 0 302.907881249999
0 0 260.364444249997
0 0 256.381537249999
0 0 222.342498500001
0 0 362.99977425
0 0 324.831841249999
0 0 392.984442250001
0 0 370.211962249998
0 0 501.722948249998
0 0 270.625585000001
0 0 250.065472500001
0 0 356.124124249999
0 0 201.199505000002
0 0 408.48115625
0 0 195.65450125
0 0 409.747034250002
0 0 257.479413250002
0 0 279.528365000001
0 0 336.56235325
0 0 565.379786499997
0 0 196.4854145
0 0 311.175496999998
0 0 270.367457000001
0 0 133.565989249998
0 0 258.063668
0 0 359.24035825
0 0 134.321857
0 0 192.78812125
0 0 267.991931249999
0 0 278.032468250001
0 0 198.851209
0 0 127.046803249999
0 0 256.929361000001
0 0 316.045922
0 0 448.758870499999
0 0 223.29508825
0 0 218.988528999999
0 0 185.526592250001
0 0 311.307066250002
0 0 214.541212499999
0 0 211.41829125
0 0 559.52704625
0 0 441.646852999999
0 0 272.724212499999
0 0 189.437396000001
0 0 313.778248249999
0 0 285.63662125
0 0 119.915969
0 0 211.184350250002
0 0 455.5682465
0 0 233.39881625
0 0 229.363928500001
0 0 366.753998500002
0 0 438.934173250001
0 0 693.714555250002
0 0 427.928670499998
0 0 455.539020250001
0 0 425.784385000001
0 0 308.513069
0 0 199.200190249999
0 0 209.13535625
0 0 210.57566725
0 0 104.63156125
0 0 217.546143249999
0 0 274.026116249999
0 0 241.32546225
0 0 614.943823249999
0 0 205.240432250001
0 0 362.376732250004
0 0 398.162423250002
0 0 163.238074000002
0 0 375.336579249998
0 0 349.3519805
0 0 182.16211625
0 0 162.109689250002
0 0 187.437313999999
0 0 326.87245
0 0 162.19325
0 0 152.189859999999
0 0 141.554100499999
0 0 303.629741000001
0 0 164.945487249998
0 0 267.145953999998
0 0 297.932296000001
0 0 180.559810249999
0 0 643.1547905
0 0 276.934333249999
0 0 296.2096685
0 0 284.58713025
0 0 147.142522
0 0 367.93936325
0 0 407.121528250001
0 0 408.1910825
0 0 331.015975999999
0 0 443.572268499995
0 0 377.459476249999
0 0 391.046691999999
0 0 155.688324250001
0 0 325.4664365
0 0 331.88963525
0 0 363.710890000004
0 0 409.76226625
0 0 346.8994405
0 0 439.969210249995
0 0 165.452842000001
0 0 362.126156499998
0 0 420.7271765
0 0 282.757396000001
0 0 242.144465000001
0 0 355.178026250002
0 0 442.575330249999
0 0 409.564502500001
0 0 415.75136525
0 0 345.2674625
0 0 152.5864385
0 0 288.02755525
0 0 249.191730500001
0 0 226.333020499999
0 0 331.990267250001
0 0 559.983125000002
0 0 401.721016499999
0 0 240.00420925
0 0 397.0299785
0 0 135.195332
0 0 248.25076625
0 0 354.4122985
0 0 193.7134625
0 0 332.522100499998
0 0 189.238585249999
0 0 378.076888999999
0 0 295.932276
0 0 197.752848499999
0 0 160.626003250001
0 0 342.265420249998
0 0 503.6353765
0 0 147.75475025
0 0 549.058429000001
0 0 1334.98335625
0 0 206.0906305
0 0 464.619665250001
0 0 161.605142499999
0 0 276.080573
0 0 286.389980500002
0 0 582.138486249999
0 0 195.146739999999
0 0 258.16780925
0 0 312.493346500002
0 0 351.343507250003
0 0 315.2649805
0 0 258.9769645
0 0 401.023624999999
0 0 148.17196525
0 0 217.150874500001
0 0 338.58801
0 0 439.777466500002
0 0 516.262212499997
0 0 141.2494825
0 0 384.524139250001
0 0 238.138553250001
0 0 200.855073250001
0 0 366.7033825
0 0 250.260387250001
0 0 135.951185
0 0 224.009982250001
0 0 218.22400625
0 0 121.620746
0 0 536.668988500002
0 0 314.3006905
0 0 336.1087625
0 0 286.682176999998
0 0 249.399051249998
0 0 298.638433
0 0 290.013513250003
0 0 127.1215985
0 0 217.58544325
0 0 476.033521999999
0 0 216.155841249999
0 0 216.71595025
0 0 238.842705999999
0 0 261.952042250002
0 0 258.75087625
0 0 510.389221250001
0 0 369.084816250001
0 0 276.358056250003
0 0 461.560695249999
0 0 234.86328325
0 0 253.306602249999
0 0 310.3799305
0 0 293.792671249999
0 0 221.699745
0 0 702.801864999995
0 0 170.88803125
0 0 371.800874500001
0 0 316.605906500003
0 0 236.975972499999
0 0 205.213817
0 0 487.822837000003
0 0 391.165806249999
0 0 180.098928249998
0 0 170.380960250001
0 0 582.90872525
0 0 377.367884499999
0 0 249.125622500001
0 0 379.355442250001
0 0 225.808312250001
0 0 230.497448000002
0 0 292.526904500001
0 0 438.7520605
0 0 204.85465925
0 0 117.028212500001
0 0 342.790020499997
0 0 215.053849
0 0 163.352712500001
0 0 390.433087250001
0 0 375.667477250002
0 0 410.830891249999
0 0 421.5330505
0 0 1056.918122
0 0 556.022212
0 0 475.282098249997
0 0 247.413103249999
0 0 381.505340500003
0 0 310.586462499999
0 0 328.2524145
0 0 593.203431999997
0 0 227.087324499999
0 0 444.524730250001
0 0 515.746242249996
0 0 454.663652500001
0 0 199.266951250002
0 0 473.78000225
0 0 297.627625999999
0 0 487.584012499999
0 0 398.752981249997
0 0 393.85636225
0 0 233.11478125
0 0 291.111941000003
0 0 233.276932250001
0 0 448.020862249997
0 0 242.027189000002
0 0 624.479399999999
0 0 229.85906
0 0 283.081333250001
0 0 148.464048500002
0 0 331.058781
0 0 461.553682249998
0 0 325.052492500003
0 0 164.86656625
0 0 406.893706250004
0 0 238.89922425
0 0 319.43396525
0 0 350.086474
0 0 401.298380499999
0 0 396.4885145
0 0 223.485346250001
0 0 130.343909
0 0 192.04338625
0 0 642.601722499999
0 0 409.411642250001
0 0 330.178496499999
0 0 313.548446249998
0 0 341.8553645
0 0 178.07458
0 0 585.224328250001
1 192.910504250001 240.944172857146
1 193.78303925 394.611975239717
1 225.777593 285.696748605471
1 236.213688500005 282.513451771871
1 243.0572125 370.78568990419
1 243.954626499999 296.655789905512
1 263.052388249999 511.573067305879
1 263.247978499997 460.859236966031
1 274.489985250001 450.660049936442
1 280.327404249999 358.989661620858
1 281.675424999996 415.010385078464
1 286.046179250001 324.366687040126
1 286.531876999999 650.283429854836
1 290.409486250002 610.227364266088
1 290.992978250001 378.829771132639
1 291.813065000003 476.285861409161
1 296.899536250001 297.054226659081
1 296.930492500002 327.746540618917
1 301.470209 565.889932065554
1 306.575928499998 376.149194737695
1 307.339731249998 548.346704550612
1 308.411417 439.963457876604
1 308.942190499999 351.271087005062
1 311.370562 559.019406378093
1 311.777220250001 342.724665327247
1 311.915844499997 375.022031044623
1 313.206660000003 397.24539248617
1 313.282550250003 327.490493953639
1 314.455276250002 349.166756114829
1 314.5541225 636.005129482018
1 314.878148999999 573.914871838765
1 317.780449999998 376.692511926317
1 319.780002500002 337.269044838093
1 320.294578499999 397.922384179591
1 327.740724000001 527.671073113008
1 328.715781250001 336.826330560829
1 333.281041250001 552.649822272233
1 341.577382250003 342.554871804155
1 343.8521425 384.318369721505
1 344.732838500002 384.654062588289
1 346.46151625 708.944669550516
1 346.462454500002 587.020812616949
1 346.843349000001 444.836341803392
1 347.495843250001 706.849627525236
1 347.5782245 359.274373826673
1 348.579451249999 611.035954467628
1 350.0482985 351.009314821664
1 355.420354249998 652.832347783813
1 356.38422625 425.161378975009
1 358.023502250001 391.514950915576
1 358.169664249999 469.627723212207
1 359.042461 376.124853623447
1 361.3937045 411.65365823982
1 363.496536250001 468.634736284389
1 363.993872499999 364.18316017536
1 364.54485625 368.402020227099
1 364.571071249999 745.464487267785
1 365.533044250001 381.486595137076
1 365.631122000001 1011.55266054815
1 365.726232499998 383.569486335454
1 366.026052500001 423.183272480745
1 367.481649999998 472.757156103691
1 371.0798825 445.011347155028
1 372.450114250001 381.520866103163
1 376.602856249998 495.282195934207
1 377.947966249999 398.764110613075
1 378.0389105 412.057522816363
1 380.758677249999 649.398186731358
1 381.345542499998 474.435494100917
1 384.75340025 426.776888738652
1 385.5819845 525.068593931668
1 385.926738500001 415.64107471641
1 386.510393000001 629.490906553332
1 387.16053625 423.892095538227
1 388.01462225 456.658433759729
1 389.317882499999 544.507836576036
1 389.388481000001 389.528073817992
1 389.97702125 496.560503712283
1 390.628383999999 405.878415027127
1 391.044571249999 460.478348841515
1 392.754534250002 710.81210823987
1 393.55590025 641.377090604745
1 396.029222500001 398.821865869607
1 396.233359249998 667.518479375279
1 396.910782499999 685.016360741749
1 397.57234525 737.770352487558
1 398.003995249998 642.107457913659
1 400.667978249998 505.488752215905
1 401.093042499999 595.124468296837
1 401.963232499997 613.145709041288
1 404.0975025 480.096541936606
1 404.876451249998 582.880819564499
1 406.695202 667.824233183791
1 407.192256250001 437.766637452162
1 407.991418250001 787.027227960455
1 410.240286250001 430.802604095786
1 411.370558249997 534.440027045313
1 411.66508725 413.232106288762
1 412.50535225 790.577466919543
1 412.846741249997 474.846303133067
1 413.34418925 443.853510899188
1 413.88244 770.171598384323
1 414.207931249997 646.06151153198
1 414.53601925 825.576965219987
1 415.43610625 415.633545929189
1 415.678221250005 1006.88867779179
1 415.81782125 427.421602617899
1 416.232818000001 418.613628147817
1 416.418704 421.03311135906
1 417.01362425 711.435386531464
1 418.962438499998 450.480472871197
1 419.716465250001 584.872280428259
1 419.841127249999 468.004306719602
1 420.209788999999 704.560945844538
1 420.238378249999 504.979969683944
1 420.532297250001 808.723695287978
1 421.522801249999 515.881190804015
1 422.606067999998 820.78766125268
1 422.670324249999 490.96527344097
1 423.080404000004 434.848600522384
1 426.209953000002 428.351931187619
1 426.3216385 535.664094868466
1 427.445138500001 461.286001533016
1 427.517029250003 663.072847514696
1 428.00500625 645.458567837316
1 428.419913000002 542.387556124644
1 428.610051999996 634.496289574216
1 429.500520249996 546.205921718346
1 430.20812425 430.325259132961
1 434.21875525 462.202290760963
1 434.598401249997 488.888639147848
1 434.618594500003 508.711027829735
1 434.857149250001 536.837404745097
1 435.075100999999 600.182789624928
1 435.3171385 1040.49824292481
1 435.35869625 636.700542867718
1 438.248097249998 1094.19738298513
1 440.134420999997 444.443561093219
1 440.17537925 467.815829063548
1 441.429162499997 457.027003303601
1 442.889275249998 590.102752885557
1 443.100877000003 567.856119273421
1 444.04370425 484.225479941205
1 447.118236999999 466.560401270354
1 447.744544250001 489.611747247312
1 448.398050000001 480.534259423027
1 448.694888499998 813.625456565013
1 448.728763249999 494.22163285788
1 449.065325 561.724365089845
1 449.334375250001 475.959346130634
1 449.629525250001 831.865146978497
1 451.890434250001 466.444097679901
1 455.158876250001 478.093281459301
1 455.546710250001 496.642339897714
1 456.913470500001 497.568520701383
1 457.945256500001 724.770870325513
1 458.799999249998 564.971440622887
1 459.564961000001 505.026857270511
1 460.979583249999 717.472989064525
1 461.297025999998 511.020359289626
1 461.42499625 557.390883227243
1 462.19045625 813.199024698784
1 462.438267250001 910.41339712395
1 463.23446625 499.276646796105
1 463.68847125 469.841325756936
1 464.201273 837.350527891119
1 466.139300499996 719.188221135893
1 466.289910250001 670.656634209309
1 467.834418500001 1034.72345420771
1 469.9813625 713.769149842325
1 472.263874 526.601980150857
1 473.564725 473.712974109351
1 473.64616 522.454939062921
1 474.811188250004 776.522620919205
1 474.963906500001 481.159034275284
1 475.718547999999 1027.84340163403
1 475.7218825 627.15011460649
1 475.843120999994 820.066400375515
1 475.883498499997 833.228298093298
1 477.064088499999 507.469263179604
1 477.776532499998 562.297124224612
1 479.257253 752.737921722012
1 479.382547250002 771.327916013579
1 479.978069000002 577.935251667682
1 481.163940250002 607.240550785319
1 481.24223225 498.744991883832
1 481.46545325 656.121689521937
1 482.0287205 899.363070335084
1 482.453413250003 523.371202988393
1 482.723976500004 893.123144259951
1 484.088019999996 503.982305949334
1 484.489368250001 484.943213633309
1 486.17932625 989.393600305318
1 488.468968 507.549541819155
1 488.954351250001 516.400368062174
1 489.320745250001 1010.81386075977
1 489.60978125 855.928045896842
1 489.956845249999 619.134955092056
1 491.007427250001 904.017490172219
1 491.103384999999 759.173957731485
1 491.462035999999 585.646284831653
1 492.2833 493.216160464694
1 492.607262500001 529.110161693143
1 492.6709285 633.357537013697
1 494.271845 628.485843531867
1 494.835629 551.804500270691
1 498.395787249998 632.318535908618
1 498.474531250001 516.539728672504
1 498.875869 652.857138655106
1 500.780405249999 550.98445725493
1 500.8626145 716.453834477676
1 501.821700249999 736.955228316506
1 501.935188249998 700.181756040528
1 502.172360000003 759.402022986203
1 502.380756250002 520.745948560262
1 503.551722499996 509.09077879181
1 503.589186250001 1052.2044446312
1 504.626814249999 870.79743993355
1 504.739362499999 535.897598898159
1 506.672389000004 922.921159775619
1 506.840612499999 625.728108182534
1 509.4941125 817.069081494065
1 509.764825249998 560.70008406759
1 509.772396249996 727.406006789673
1 509.782145 782.389452008524
1 510.582881250003 639.344636171266
1 511.2280485 1080.79905345372
1 513.65090025 844.533876022901
1 515.15729825 578.078718626709
1 516.417345000002 943.364552355805
1 516.492468999999 910.369880343581
1 516.512746250002 594.887084891518
1 516.593830500001 522.566601317924
1 516.7678345 559.874699677265
1 516.947960500001 609.253660948598
1 517.494542499999 533.38975696074
1 517.638400000001 522.130318542934
1 517.643009000004 519.659808049251
1 519.260202500001 591.677909201875
1 519.422491250002 795.31008620341
1 519.886252250001 1106.1250812594
1 521.00326625 527.577525622551
1 521.3323625 664.433649768126
1 521.426388499998 574.498605663004
1 521.727768250001 531.948506105187
1 522.537245000001 522.705036685653
1 523.188186250002 969.990426346194
1 523.433311249999 764.976605703637
1 524.498216499999 908.526151610354
1 524.733405249998 628.638356795839
1 525.878067249997 542.292228776837
1 526.10677425 836.001950650053
1 526.3759265 541.632177659286
1 527.15218825 619.14051028619
1 528.266852500001 786.759760428789
1 528.309782500005 530.358075818228
1 528.34343525 599.834191672335
1 528.829779999999 533.076063950707
1 530.896996249996 621.042719103131
1 530.989647249999 543.67395122673
1 533.542332500001 725.231942520796
1 533.5730045 534.699973595763
1 533.574822500004 800.899907296817
1 534.081316250001 800.742899103963
1 535.514386250001 758.270533913382
1 536.417978500001 608.473960230133
1 538.18869325 647.861300677331
1 538.269165249998 939.915821493567
1 538.3122785 654.344892542733
1 538.408621250004 774.157073904539
1 539.365962499999 757.573320395003
1 540.215545 542.605572199335
1 541.973977249998 544.78002347638
1 542.122323999999 546.859873173592
1 542.212134499998 546.696260355104
1 543.380698000001 662.717901786857
1 544.281770500001 592.465042342936
1 544.427822249999 546.780103584545
1 544.672956249998 639.831306040622
1 546.394358499998 592.630104339583
1 546.533766250001 572.353938364546
1 548.305696249999 583.901022259138
1 548.444905000001 615.226449054585
1 551.336165000001 580.648168210688
1 553.294938249999 644.07240031353
1 554.625760999999 843.48023701637
1 555.052278499998 758.998114021324
1 557.09901925 575.799040776897
1 557.578245250002 622.09661705463
1 558.38452925 576.986942043073
1 559.772376249997 567.011771702489
1 560.362244000002 593.108852820071
1 560.70588125 1106.14378461268
1 560.91870125 659.778709043332
1 562.06724725 996.719137306426
1 562.124340999999 784.081778920644
1 563.4472405 786.339604433438
1 564.518172250001 738.084887780488
1 564.707850250001 747.296862249098
1 565.035890000001 609.048098554387
1 565.206043249999 945.97873375019
1 566.512505000001 804.872439117407
1 566.532394000002 791.542809501858
1 567.264374499999 569.943786682492
1 568.29423625 819.44489772203
1 568.560067999998 649.885983385255
1 568.624686499996 793.219521974937
1 569.049232 1133.6133465749
1 569.372619250002 637.987717741796
1 569.882929249997 593.831469118942
1 570.167586 939.45175072357
1 571.419652499998 916.519785958679
1 572.400469250001 592.05742464612
1 573.487294250003 629.231765402544
1 573.695018000001 750.442506281196
1 575.342024499999 588.056809044088
1 575.8438465 638.767132687839
1 576.166792499997 579.182646934401
1 577.280892499999 778.112150248755
1 577.62105125 577.638328453703
1 578.331276999999 611.420248080874
1 578.396581250001 920.494396594333
1 579.776499999996 723.797837138582
1 580.015666249998 599.581090968361
1 580.15586525 599.517396298061
1 580.631268499999 614.032967951033
1 581.470281250001 794.055039365268
1 583.653134500002 595.799041486427
1 583.681924 705.13373437545
1 584.516181250004 624.09015342161
1 585.763693249999 605.004583642806
1 586.697642000003 589.974355413772
1 587.843457249999 668.213784601184
1 588.576258250001 676.126870031436
1 588.83411925 724.248697501275
1 590.657728249998 614.626705795519
1 591.592066249999 615.629827875195
1 591.630471250001 603.863500407703
1 591.842236499999 858.120515617777
1 592.307276500001 699.449858493825
1 595.721680000002 798.479531148349
1 596.929000999998 640.74629877698
1 597.908610500002 1133.93852805353
1 599.017459999998 715.038670353888
1 599.525932999999 681.733170331613
1 599.731183249999 709.912399176105
1 600.501272500002 616.312133011655
1 600.694229 601.308022605136
1 601.716642500002 870.902140871828
1 602.824712500001 653.968217537927
1 603.63630625 624.932879438481
1 605.847489250001 618.828415661877
1 606.524007999998 634.261080704116
1 606.60054425 769.860956286655
1 607.866510500003 629.615208274172
1 608.042514249999 691.614086989872
1 608.708016500004 609.0704293729
1 609.366398499999 681.962445137863
1 609.572636999999 695.502329729724
1 609.665828500004 640.258630424933
1 610.110766250004 638.221181945529
1 612.211390250002 697.632983118961
1 612.6058 1351.66302504312
1 612.833428250004 671.300523901337
1 613.410037249999 654.694588346278
1 614.154276250002 762.042092939298
1 614.197064 694.028816438054
1 615.266304250002 695.004945800012
1 615.336995250001 684.18512178858
1 615.71937325 633.553957244767
1 615.855290499999 726.11087808564
1 618.293916249997 778.565872043635
1 618.557229249996 709.974241794713
1 619.146824500001 655.588928568108
1 624.515546250003 645.170859182702
1 624.801650000001 627.18798320464
1 625.851151250002 627.270544217967
1 627.139375249998 699.794717244391
1 627.198356000005 628.83371308081
1 628.033659249999 726.128150533217
1 628.230665 666.444320325072
1 633.230046499999 828.179816113465
1 633.31008625 643.58582008415
1 634.197012499995 754.246665554058
1 634.334821000002 637.848258620606
1 634.533678499998 991.449242854271
1 635.265542499999 637.319001049603
1 636.616129999999 657.648948337087
1 637.765368500002 884.3591848171
1 638.779581249999 766.776707570439
1 639.056474499999 642.760249795444
1 639.099602000002 865.237439830774
1 640.705558250001 868.934463031141
1 641.104364499999 655.911598980912
1 641.257338249998 755.427996005219
1 642.14209225 788.095424469558
1 642.394990249997 648.057124359684
1 642.98101225 831.654415731206
1 643.681988999999 856.655154936517
1 644.41730125 780.539906462762
1 646.405940500007 854.88721355589
1 646.767005000002 695.145218012754
1 650.334985250001 763.086673830747
1 651.22412725 790.21126981659
1 651.331188999994 739.433271316596
1 652.4430265 767.056365343485
1 654.534302499998 743.625798893239
1 655.0613 750.634296521943
1 655.204864250003 707.742868253847
1 656.806996250001 833.768112662667
1 657.168772499999 913.856617317136
1 657.460797249999 837.916654906528
1 657.552643250001 1371.91286461832
1 658.073856250003 1430.48679470812
1 658.580785250001 662.565789949229
1 659.053520500002 664.875739721659
1 659.544730000001 660.235818279877
1 659.652895249997 764.882685946808
1 663.35325125 850.798304570995
1 664.078428249997 695.259108792569
1 665.398111249999 726.746202475173
1 666.423807250001 701.455930394729
1 668.551656249999 677.848003632239
1 668.694945999997 707.72412823504
1 668.745877 782.447403893962
1 669.386211250001 766.129867269983
1 669.590450000002 813.096748158252
1 671.627304999996 720.00162075147
1 672.29205625 781.365169581612
1 672.847353000002 705.372763359129
1 673.609223249999 775.748733532692
1 678.672036249999 688.547152316842
1 680.242473 719.927529685144
1 681.780842000002 807.930842211972
1 682.19264125 682.236756715885
1 682.420246250004 713.815128473229
1 682.4560865 1215.46670645497
1 686.900738250002 713.234356541638
1 687.477465999999 705.305520050714
1 688.037574249995 1178.76590085816
1 690.157848250001 730.802161068903
1 690.836912999999 964.25835637951
1 691.413416 815.389021715774
1 692.29020725 933.132253394588
1 694.113948250001 801.152401863585
1 694.297638249996 715.93538835451
1 694.374376250001 710.768222415001
1 694.654385000001 1003.37481353832
1 695.296836000001 810.705355381004
1 697.465199250001 776.74891469532
1 698.333596999996 966.917548420498
1 700.510231249999 813.015289276764
1 700.982755249999 702.078633136542
1 701.112584499997 705.066688865322
1 701.711148500003 891.97553733085
1 702.3107765 703.066918030295
1 703.630253249998 719.733439793447
1 705.32366125 727.328897068401
1 705.47692225 715.643285656141
1 707.72290625 785.121637022453
1 711.522256249995 1038.69733731284
1 712.010011249999 714.944513059493
1 713.112324999997 961.387626809557
1 713.831273999997 729.867268244875
1 715.974986250002 764.526978365432
1 716.7693425 734.023431345252
1 720.535876249999 770.807702612141
1 730.768978250001 786.659174031173
1 731.972842250002 750.835729901395
1 732.062423250002 783.422659605012
1 732.2850685 747.240818795999
1 734.753587249996 874.2227280077
1 735.49522925 757.464554453717
1 736.033184 744.538068466643
1 736.487119250001 755.299508432101
1 739.045668500006 746.511692630475
1 740.244037250004 877.23985793482
1 741.04580125 757.967227921785
1 741.780260000002 744.149596282136
1 741.889510249996 759.891775911754
1 742.314304249997 793.986987532765
1 744.81997525 746.093084811261
1 746.18197625 759.624468068296
1 748.185508250004 801.038973686424
1 750.612825250003 751.576999963826
1 750.876788500001 754.550052869914
1 757.504743250002 809.763473341223
1 760.51306 760.728542151595
1 766.24694425 845.423419200872
1 768.692978 768.903796176042
1 768.813303249998 776.965872958956
1 770.337024250001 785.459210811202
1 775.330783250001 775.333980514814
1 775.658145250003 790.455955283904
1 776.850062499999 785.159774441581
1 777.366775249995 866.233438782638
1 777.394758499999 780.129486588369
1 778.076224999999 831.252417093192
1 780.318660500005 1408.28091978132
1 780.594682249999 796.043775205791
1 780.7734325 826.451529150914
1 781.604226000001 793.775506819664
1 783.428431250002 808.615852699515
1 785.588136249999 1572.31014227733
1 787.974961249999 817.380542515084
1 787.9755425 1065.76302784081
1 788.78268925 808.07635610462
1 788.875175249999 803.578241860126
1 789.220896249997 881.306761015425
1 789.922995249999 823.346908477345
1 791.015600500006 1266.33789806074
1 792.180178000001 1356.94153407195
1 793.599534499999 805.4730716802
1 793.869952000001 842.899015021932
1 799.472181250002 841.575627270339
1 799.681501 820.119171309833
1 800.28587825 823.579713473611
1 802.104783999998 816.531342735957
1 802.8269285 856.797075107295
1 806.043661000002 811.314672899459
1 809.086576249998 970.028018487419
1 809.44585825 810.691296884667
1 811.543456249997 829.714013517559
1 812.458870250001 890.497410705466
1 817.411024000001 836.115025939186
1 820.175721250004 829.701427465058
1 822.488420499998 824.774660478467
1 824.291376999999 828.522706114845
1 831.620070249999 831.742070252518
1 832.959822500004 1279.81343268228
1 835.162906250001 1016.50495404371
1 837.797549 838.9044953005
1 838.856204499998 924.137948098264
1 840.264437000003 1285.35489418996
1 841.815158499995 841.979080816321
1 847.483456250005 1997.11097192965
1 848.947753249996 850.556270767061
1 856.976827249999 1050.42948805179
1 858.10670125 955.976753965889
1 858.639681249995 872.099759098649
1 864.089356249995 1139.65801502041
1 865.43998025 907.403013643812
1 865.959868249995 982.873548140813
1 868.98431425 903.896252722229
1 874.45830125 1073.11129585077
1 874.769342499997 879.380305443521
1 877.3849225 966.372539474303
1 878.206983249999 888.885903948447
1 879.51630125 908.57310880963
1 881.970985999998 888.327630347624
1 893.748732499994 974.024098746215
1 894.661760500004 895.66439882606
1 897.792556249999 898.95478593988
1 899.064166249999 900.700316116544
1 902.860161999998 937.655849114294
1 909.990452499997 1114.35727535343
1 914.032296250004 1044.50812428544
1 919.232656249996 924.139189594586
1 920.616585249998 936.65334565248
1 921.525708500001 921.753483986538
1 922.357832499999 923.468490122461
1 926.37747425 926.384739502467
1 928.105402500001 934.709150210929
1 932.856775249998 954.617412348835
1 940.039316 951.435087421156
1 940.228062250002 954.276862756974
1 944.496633250002 948.205165090665
1 946.935866500005 978.911743333849
1 982.358828999997 988.87876338872
1 985.412521 1003.24066372492
1 985.446146249996 996.338761223214
1 988.938511249997 1020.90079697125
1 998.913149000001 1060.97686142132
1 1004.60542625 1013.90899962468
1 1018.039802 1018.14178483017
1 1022.48681625 1035.79220990767
1 1026.950125 1066.38170017557
1 1027.42049525 1038.95745929467
1 1039.22184925 1068.57784992103
1 1084.2094745 1225.36300719657
1 1085.9769845 1127.0244817705
1 1094.73124625 1191.59481259601
1 1094.78587525 1356.60223214898
1 1101.58902325 1167.19739301234
1 1133.56797325 1223.45986054121
1 1145.36023325 1566.42827195102
1 1176.55447025 1257.48357905137
1 1201.91927525 1220.05796510004
1 1241.1496925 1286.62180827981
1 1278.15180125 1349.50385521884
1 1342.8353125 1427.0640168998
1 1390.99908625 1434.86363201614
1 1411.077157 1491.46109176074
1 1461.76976500001 1461.9597922365
1 1677.0292325 2021.03879926819
1 1712.27091625 2110.37569207281
1 1805.81759125 1835.90992242598
1 1960.401754 1961.59078786737
1 2026.29504025 2174.62674017302
1 2035.57411625 2091.97311507055
1 2200.874009 2593.48045972398
1 2354.3916905 2480.31557011071
1 2485.21940125 2546.46849006747
1 2639.74060925001 2888.35206027169
1 3481.21879625 4051.87808251933
1 3959.79089124999 3962.59758058113
