0 0 Inf
0 0 248.04840625
0 0 232.820993
0 0 201.416706249999
0 0 243.668305250001
0 0 225.373611249998
0 0 256.331575250001
0 0 212.20711625
0 0 230.875722250001
0 0 406.957630250001
0 0 207.996145999999
0 0 216.134873999999
0 0 217.510505999999
0 0 298.650529250002
0 0 254.958972500001
0 0 236.6898185
0 0 172.539075250001
0 0 305.855944249998
0 0 401.954467999998
0 0 167.109642500001
0 0 301.057529
0 0 178.02151925
0 0 157.353706249999
0 0 102.54045625
0 0 264.673814499997
0 0 282.499528499999
0 0 243.599749
0 0 263.478880249999
0 0 252.871529
0 0 261.925261249998
0 0 322.984537000001
0 0 256.107231250002
0 0 273.803953249998
0 0 307.79008225
0 0 233.236441250001
0 0 304.5584165
0 0 290.329042249999
0 0 240.448776499999
0 0 196.954854500001
0 0 293.820818
0 0 200.115276250002
0 0 103.010518250001
0 0 113.377130000002
0 0 232.421590249999
0 0 251.02617425
0 0 248.358150499999
0 0 212.612632249999
0 0 139.826490500001
0 0 165.545978
0 0 236.92988225
0 0 321.217255250001
0 0 79.7789425000011
0 0 237.959649250001
0 0 284.419537249999
0 0 176.32610825
0 0 236.1385
0 0 285.198004999999
0 0 260.566433
0 0 227.589081249999
0 0 248.438532499998
0 0 287.236611250002
0 0 251.099785000001
0 0 137.236551999999
0 0 177.724119249999
0 0 238.162944500001
0 0 330.096421
0 0 290.52257625
0 0 232.675893000001
0 0 204.661669
0 0 205.708802500002
0 0 168.321141
0 0 182.98819925
0 0 239.021580250001
0 0 284.595228249999
0 0 222.755357250001
0 0 277.564276249999
0 0 199.287468999999
0 0 150.250824000002
0 0 206.439030249999
0 0 234.783534499999
0 0 243.43160425
0 0 193.13007925
0 0 295.6980965
0 0 181.48566125
0 0 283.002244
0 0 267.67794425
0 0 241.617645250001
0 0 205.787059999999
0 0 194.82500425
0 0 137.8016865
0 0 215.120634249998
0 0 481.377359250002
0 0 247.08904525
0 0 189.42156125
0 0 102.790052499999
0 0 217.659289999998
0 0 277.832964500001
0 0 200.574677
0 0 195.537325
0 0 282.667332250002
0 0 201.5053225
0 0 199.748019249998
0 0 112.0773025
0 0 251.23481725
0 0 224.744480000002
0 0 244.2413705
0 0 203.654364499999
0 0 202.937384250002
0 0 179.626836999999
0 0 174.395796249999
0 0 189.805686249999
0 0 151.366601249998
0 0 194.508281249999
0 0 157.5550105
0 0 238.927162000001
0 0 316.948061249999
0 0 235.275559999999
0 0 223.36743725
0 0 168.949486249999
0 0 246.710724499999
0 0 149.694740000001
0 0 238.283202250001
0 0 158.133456
0 0 112.356222499999
0 0 366.029829250001
0 0 373.206891249998
0 0 189.39136625
0 0 227.484292250001
0 0 184.644056249999
0 0 138.067741249999
0 0 234.743725000001
0 0 197.57965825
0 0 171.867050500001
0 0 267.09929725
0 0 274.002354000001
0 0 228.8332345
0 0 160.638688999999
0 0 120.0430465
0 0 239.119063249998
0 0 147.95073225
0 0 269.302644000001
0 0 227.458832
0 0 277.803132999998
0 0 229.237986500001
0 0 110.7036685
0 0 201.091884499999
0 0 239.28225125
0 0 145.981556500001
0 0 274.371896249999
0 0 274.286104999999
0 0 96.8773352499999
0 0 132.142756499999
0 0 249.470896999998
0 0 263.04834125
0 0 248.001662499999
0 0 135.464225
0 0 195.39225625
0 0 249.121631249998
0 0 314.30105125
0 0 251.983966250001
0 0 185.589253250001
0 0 313.821987250003
0 0 235.02942125
0 0 273.004296250001
0 0 218.374482499999
0 0 423.011728249999
0 0 293.374386500001
0 0 170.895309250001
0 0 136.740132999999
0 0 319.2867625
0 0 204.769389250002
0 0 253.085136250001
0 0 214.18435325
0 0 165.295066250001
0 0 178.02569
0 0 399.228541000002
0 0 280.98383625
0 0 201.4824325
0 0 207.3853525
0 0 187.47609425
0 0 212.548884250001
0 0 132.398146250001
0 0 267.27593525
0 0 170.424136250001
0 0 201.9978325
0 0 129.109303250002
0 0 115.90266125
0 0 108.01852525
0 0 293.591546000005
0 0 153.026288499998
0 0 132.188550500001
0 0 173.239256499996
0 0 181.1816905
0 0 116.638882
0 0 181.2436025
0 0 191.64859625
0 0 202.277870500002
0 0 290.800976000001
0 0 282.728738500001
0 0 174.5811365
0 0 112.496189000001
0 0 278.275985999999
0 0 113.853805000001
0 0 220.681377999999
0 0 240.532980500001
0 0 270.940421
0 0 115.111748250002
0 0 293.139606249999
0 0 251.7765925
0 0 248.856593
0 0 312.0779525
0 0 295.034084999998
0 0 202.194809
0 0 322.989751249998
0 0 211.537061000001
0 0 126.094101249999
0 0 252.899760500001
0 0 232.34424525
0 0 138.09707825
0 0 242.735722000001
0 0 242.994838500001
0 0 158.853139249999
0 0 278.70669125
0 0 230.7843625
0 0 332.457509000001
0 0 226.934191250002
0 0 199.917162250002
0 0 206.750172250002
0 0 176.577626250001
0 0 330.310801999999
0 0 199.886325249999
0 0 173.006934249999
0 0 173.687331249999
0 0 250.056499999999
0 0 100.119392500001
0 0 213.3510625
0 0 308.908624999998
0 0 382.807566249998
0 0 264.00087025
0 0 186.096162249997
0 0 217.26495625
0 0 230.72461025
0 0 158.080724000001
0 0 217.6488025
0 0 260.20033225
0 0 156.12226425
0 0 210.191318500001
0 0 179.310171249999
0 0 212.81294125
0 0 261.255324999999
0 0 130.222628
0 0 265.6373345
0 0 227.903034250001
0 0 136.857986000001
0 0 234.564786250001
0 0 262.747806249999
0 0 254.372028250002
0 0 215.80716625
0 0 341.84898425
0 0 155.4736625
0 0 289.9069785
0 0 139.785342499999
0 0 179.75029225
0 0 201.680221249999
0 0 147.399111250001
0 0 224.334732499997
0 0 298.363008499999
0 0 218.270252250001
0 0 191.907951250002
0 0 194.445902500001
0 0 286.962101
0 0 145.641637000002
0 0 194.028852499998
0 0 348.633366249998
0 0 152.1250765
0 0 221.38789325
0 0 164.468838499999
0 0 102.318736
0 0 162.609589250001
0 0 315.618484
0 0 251.11430425
0 0 234.977431249998
0 0 324.3091025
0 0 250.451032499999
0 0 162.808402500001
0 0 182.7681305
0 0 253.484964999999
0 0 195.749557249999
0 0 213.394881250001
0 0 226.67881025
0 0 258.893333000002
0 0 268.499977
0 0 210.732242499999
0 0 201.249320000001
0 0 231.996352250001
0 0 366.575194000001
0 0 245.561300000001
0 0 179.700081249999
0 0 330.265664500001
0 0 130.677360999999
0 0 183.850382249999
0 0 188.267729
0 0 199.372977250002
0 0 219.038209999999
0 0 197.80805225
0 0 289.86063625
0 0 82.7747612499998
0 0 244.737291249999
0 0 180.14060725
0 0 179.032176250001
0 0 233.789145250001
0 0 428.345935999998
0 0 231.143774499999
0 0 204.532944250001
0 0 490.838753250001
0 0 262.673953000002
0 0 354.18541625
0 0 225.057354250001
0 0 210.348493000001
0 0 244.746713249999
0 0 295.012956250001
0 0 175.896759249999
0 0 174.034631250001
0 0 246.1984825
0 0 181.95861325
0 0 259.8940705
0 0 203.783784999999
0 0 282.190509249997
0 0 190.043416250001
0 0 51.9135545000002
0 0 243.16071925
0 0 243.554146250001
0 0 168.081032250001
0 0 276.46237
0 0 233.436476499998
0 0 441.986418250002
0 0 161.239754
0 0 269.535490249998
0 0 164.558962
0 0 390.40877025
0 0 128.651426499999
0 0 432.726364250001
0 0 189.641880500001
0 0 286.02434925
0 0 313.115555250001
0 0 237.941449999999
0 0 308.892231249999
0 0 412.981580500002
0 0 244.41618825
0 0 180.288466249999
0 0 174.5229985
0 0 133.58466025
0 0 194.721540250002
0 0 233.13833225
0 0 298.412378499999
0 0 176.426239999999
0 0 281.145476249998
0 0 220.242740000001
0 0 226.5725465
0 0 288.546817
0 0 271.382665
0 0 207.921514250001
0 0 190.66069325
0 0 57.5852784999981
0 0 216.705417999999
0 0 320.579700999996
0 0 148.770336249999
0 0 303.98463225
0 0 540.291244249999
0 0 200.479446249999
0 0 249.939696499998
0 0 173.687569250001
0 0 97.4651762500008
0 0 233.380314
0 0 183.511952500001
0 0 259.371965249999
0 0 285.84610225
0 0 319.288754000001
0 0 249.344020250001
0 0 223.701830499999
0 0 57.2108170000016
0 0 458.079846250001
0 0 173.3735725
0 0 176.563998250001
0 0 169.822810000001
0 0 200.067880000001
0 0 337.634236250002
0 0 216.498150249998
0 0 115.638222500002
0 0 141.11868725
0 0 141.98185825
0 0 169.444863249999
0 0 210.61920625
0 0 303.892560999999
0 0 292.961484999999
0 0 202.215697999999
0 0 273.89349425
0 0 256.014697999999
0 0 227.378573
0 0 255.74378425
0 0 281.49545425
1 145.210236249999 186.191268664192
1 184.09632425 228.338767110255
1 185.53136825 404.675050601534
1 187.909966249999 368.243819851148
1 191.725471999999 199.831980208032
1 191.912008500001 199.847043506017
1 199.31649425 249.760782041919
1 208.378940499999 385.769999026756
1 212.30365325 270.838210070567
1 217.941381249999 263.266671142969
1 223.487847250002 248.930194815809
1 226.054280000001 246.78678722905
1 230.639386249999 414.118721917333
1 231.363083249999 354.31777698938
1 232.2155425 239.894850024998
1 234.000099999998 496.389627264591
1 234.831864500002 267.575296689473
1 235.51375825 434.966419429588
1 236.502641000001 444.830347016188
1 237.334172499999 278.894357118968
1 241.742727249999 535.18376709102
1 243.399345250004 268.418270215691
1 244.955092999999 296.766797842373
1 246.013671249998 317.886609196755
1 246.865347249999 280.764069034242
1 248.366043250001 311.17130416577
1 248.578843249999 285.652312315113
1 248.73709725 421.079358721259
1 248.866962499999 262.421467740621
1 249.413970249999 252.572064813237
1 250.809494499999 256.608292568307
1 250.98494425 318.824475728761
1 251.22069625 303.407159124486
1 251.567676999998 314.872687916752
1 254.422741 322.429461272322
1 255.723290000002 524.800848252189
1 255.796726250001 298.161082200545
1 257.123908000001 480.736411674936
1 258.456125249999 282.722807220906
1 265.968796250001 501.737219790527
1 267.34487525 376.716195383172
1 267.518526499999 317.788594399982
1 267.99188725 318.846441029677
1 268.204573250001 276.784733054645
1 269.18602025 587.922456211514
1 270.746682500001 564.211807360326
1 271.098564249997 471.908586096813
1 271.647435249997 328.80168258889
1 272.111490250001 275.407808215269
1 272.19793225 324.944516845505
1 272.298461 433.003113280506
1 274.02764525 286.87644429214
1 275.239656249999 448.360927477703
1 275.240218250003 343.92667666118
1 276.4504625 332.73481605123
1 276.57018425 488.859446035853
1 276.88047525 317.530014233253
1 277.079040249999 302.82405154307
1 278.295561249999 297.462242524832
1 279.958880499999 353.437622096145
1 280.284412499996 317.858215619899
1 280.890362249999 359.503832071555
1 281.99797225 332.415232489594
1 282.195516250001 387.403620036326
1 282.676692499999 308.363259799574
1 283.125146000002 513.093572776205
1 283.192661249999 312.824610586388
1 283.869722 306.641440067584
1 284.048031249999 345.079330552417
1 284.23899025 442.042617611033
1 284.996644 418.977074122072
1 285.424929250001 386.632635942709
1 285.52121525 591.431473562947
1 286.315621 487.829969723516
1 287.376224500002 328.865017766605
1 287.720390500001 565.590676014876
1 288.010264249999 317.458589664999
1 289.837711250001 497.755858909163
1 289.981233249999 338.45754850307
1 292.109233 317.709885352166
1 292.42945825 834.937197089206
1 292.535629249997 383.147850195246
1 292.646240999998 474.53249109726
1 292.651436250002 392.350362509257
1 293.10584525 325.738984533019
1 293.373221000001 363.167950067001
1 293.742987250002 495.399377690048
1 294.720079249999 346.731347819319
1 294.952480000002 295.114188348171
1 295.257552499999 511.899838291825
1 295.739022499998 597.944689324818
1 296.103905000001 523.813891231178
1 296.938996249998 369.837429647559
1 297.26681725 377.628720096666
1 297.271680249999 722.04887860699
1 298.164982249998 512.845241441053
1 298.22608825 621.771821199464
1 298.779988249999 503.116901000744
1 300.039307249998 480.537859313142
1 300.33528125 377.814638522847
1 302.07547025 334.411728763518
1 302.298340499997 364.111684644036
1 302.570144499999 544.816737948669
1 302.887742499999 368.479357354323
1 303.403905999998 525.655752436921
1 303.42229525 328.754546848115
1 304.05056225 308.294441889044
1 304.301491249999 486.698305766479
1 304.624011250001 338.327533705481
1 305.344748249999 349.041076245691
1 305.356891250001 340.861244008493
1 305.804706500001 532.403655401118
1 305.898526250002 690.877337395658
1 306.9278665 467.698348249067
1 308.309860000002 462.950545910851
1 308.78460425 640.58094383994
1 310.393352 533.852999761878
1 310.42335025 329.521322221049
1 310.801345 480.691940846547
1 310.992562000001 331.63868962332
1 311.1508025 337.828528004808
1 311.241062499996 392.469756445337
1 311.277624499997 344.51260751382
1 311.284394499999 316.934024043547
1 311.96516825 312.272128890345
1 313.094148250001 315.202901129679
1 313.121452249999 575.020602419991
1 313.452578000003 502.647576478906
1 313.573386250001 321.357271350079
1 313.704622249998 352.907340973136
1 315.042192249997 362.904747684818
1 316.308452499999 604.10420523205
1 316.3502525 921.775879402687
1 316.384396249999 364.915338191906
1 316.40282425 334.34356326879
1 316.496234000003 906.977582267647
1 316.918400000001 353.828196837905
1 317.012235249999 462.633209381681
1 317.25608125 471.480244899827
1 317.593212250001 419.60095008771
1 317.8904625 405.242119144539
1 318.990181249998 357.990456217196
1 320.168773250001 392.86970462687
1 320.902156250002 396.680929448286
1 320.952111249999 558.702229667863
1 321.06539125 570.131686015647
1 322.120682499999 606.531114887073
1 322.48923125 614.715871257836
1 322.839374499998 365.370742619849
1 323.677498499998 340.811235051556
1 324.112073 729.108683068779
1 324.14861025 343.29803001969
1 324.421006500001 624.338537615096
1 324.505119249999 399.754210225733
1 324.569249999999 504.138716418329
1 324.975496250003 541.856580994134
1 325.457402000001 354.360543315728
1 325.478348500001 431.899690829587
1 326.20986925 486.849129759629
1 326.473528999999 343.217376505861
1 326.692146250002 867.105590931699
1 326.69302625 411.613620193809
1 326.70932125 402.69556217681
1 326.739583999997 844.090522183306
1 326.785691249999 385.24764842942
1 327.20546825 339.734349486406
1 327.232782500001 472.882580489133
1 327.338266249998 343.913434639119
1 329.407095249999 536.347331904411
1 329.499201249999 502.732826294435
1 329.987501000001 348.73991862713
1 329.998581250002 404.783387086786
1 333.065548249999 499.214739085763
1 333.71190625 399.628378795395
1 333.83430125 435.043425954667
1 334.89819025 576.409118857251
1 335.997390249999 375.309568245244
1 336.202127999998 435.195441917595
1 336.230444499999 378.271327860414
1 336.309387250001 373.185545149339
1 336.928770249999 364.655520858923
1 336.990061250001 350.275571108981
1 337.135753250001 642.023176118762
1 337.4041045 480.070415705672
1 337.582439999999 578.366155073434
1 338.004919249997 371.722829639081
1 338.093309 433.309396185592
1 339.9164005 439.366796208172
1 340.087875249998 470.640426109524
1 341.67849925 690.76977430436
1 343.224608499999 352.666373640964
1 344.734088500001 885.719498384151
1 346.30621 346.314798761478
1 346.592641249999 347.113098061687
1 347.25540625 413.358507308885
1 347.377622499998 375.265003943639
1 347.408494250001 391.969925557942
1 348.450796250002 432.446204409498
1 349.416384250001 517.274358011747
1 350.086899999999 409.417479631558
1 351.29989 594.430409812702
1 351.428304250001 528.61054246015
1 351.741025249998 631.109266867475
1 352.32028625 392.4810904637
1 352.430202499999 537.17440063347
1 352.749332 449.321380854464
1 352.873404499998 382.986278699179
1 353.217653 395.62990058851
1 353.374059249996 513.719856738423
1 353.398252500001 599.520308404859
1 354.445952500001 404.589443218378
1 354.48864725 559.176151043018
1 355.3686545 513.17300822371
1 355.76092325 377.865005521379
1 357.121543999999 657.721975233678
1 357.83481125 415.893991213732
1 358.20652825 550.951900043475
1 358.305553250001 379.145121578322
1 358.51326625 431.747067476395
1 358.853231250001 382.964737110368
1 359.035921000001 426.950640055563
1 359.877582499999 458.027878579425
1 359.960852499999 372.939186997471
1 360.306492499997 439.647377071657
1 361.237760000002 570.302022558312
1 361.539050500001 366.230867093151
1 361.780829000001 396.680243582214
1 362.570013000002 392.22046847503
1 363.413220999999 491.119292795892
1 364.320693250001 364.330087160789
1 364.766977 418.16306282202
1 364.77146225 561.482295112652
1 365.500230249999 388.509896217741
1 365.508622249999 439.154702615942
1 366.25833925 464.901751952519
1 367.22423725 412.948281465701
1 367.330043249997 399.307045565996
1 367.62905125 424.58182522216
1 368.076062499998 413.905205903247
1 368.739231250001 611.467100307166
1 368.802017000001 446.455581234065
1 369.224324999997 443.474330801046
1 369.363856249999 410.821015005077
1 369.966414500004 429.75723036609
1 370.663731999999 401.149778519321
1 370.848473000001 576.046486030532
1 370.919622249999 494.255517039478
1 371.380371249999 385.278877854955
1 371.39380325 645.198462699574
1 371.787374500002 422.479139649595
1 372.27656225 592.334537509357
1 372.539657249999 523.237150413186
1 372.740511250002 403.599263089457
1 372.8007545 384.084250213001
1 374.457619999999 378.806201413798
1 376.648489999999 485.60987815154
1 376.87480625 520.219338003627
1 377.73257625 392.323558703112
1 378.95842025 737.614703956156
1 379.725856250001 767.071185566743
1 379.737898000001 390.727588337847
1 381.195365000001 392.048457617484
1 381.556531249997 382.53524347623
1 381.957796250001 382.573442074309
1 382.430344 450.625325461611
1 382.87058 415.135126254069
1 383.11018225 393.678078284284
1 383.203921249999 589.5703073614
1 384.737804999999 435.011619951559
1 384.77505725 646.386361112092
1 385.485464249999 450.504561705473
1 386.090066 389.444654590589
1 386.150818250001 436.546988329832
1 386.260027250001 491.410709278577
1 386.443897249999 469.053708277481
1 386.614116499999 528.919610842349
1 387.20249 412.55347171562
1 387.7537325 399.545798095138
1 388.750372999999 423.285147374415
1 389.393634500002 412.777078454981
1 389.909202500001 587.718473785505
1 389.957710250001 460.865713923021
1 389.979172249999 471.084505884046
1 391.300149249996 392.872112271965
1 391.422444249999 425.742113803124
1 392.019852499999 435.238979952024
1 392.221901000001 400.576780782935
1 392.449325000002 604.11973953217
1 392.796569249999 485.118994110871
1 394.242842499999 436.826465543581
1 396.707620250001 402.281383519348
1 396.80978125 479.413911513705
1 396.912741250004 653.161443472018
1 397.176124499999 397.423864572789
1 397.502240000001 422.101312849206
1 397.670438500001 418.926890988862
1 398.253411249997 404.553094917977
1 398.377010000001 415.063301426823
1 399.169182249998 496.647858395328
1 399.228580999999 880.725268332472
1 399.458406250002 407.429691855291
1 399.713348 780.524967410153
1 400.185675249999 416.706085413857
1 400.208056249999 511.450649119836
1 400.698612500001 403.975749593046
1 401.5615525 456.922597228663
1 401.577064250002 588.502795285374
1 401.60553625 416.745797853562
1 402.3902165 547.348720998322
1 402.423932500002 408.399329358163
1 404.537613249999 695.486730611367
1 404.75706925 468.355247398634
1 405.456885000001 461.883942628391
1 405.5486525 544.886698720153
1 406.43002 542.192123143919
1 406.657932499999 475.049434625791
1 406.9628065 411.951206409117
1 407.3085845 504.313725650771
1 408.3748245 499.665173801488
1 409.418869000002 445.949568948163
1 409.7304125 684.220858608237
1 409.7745745 449.32048853484
1 410.121278499999 680.328657701684
1 410.829849 411.932225500021
1 411.225804250001 486.359180211551
1 411.302947249998 416.951352908605
1 411.389831249998 451.751044882136
1 411.8163305 422.801601936666
1 413.857634500002 655.631449372436
1 414.59482325 709.837985272723
1 414.59733625 663.655096602167
1 414.84077125 467.712558941604
1 415.175538499998 702.286943134338
1 416.361078249999 417.358540768585
1 416.6056465 474.002546766933
1 417.53792825 570.718336111107
1 417.848526249998 460.967601094633
1 417.970979999999 568.695636834127
1 418.112386250001 452.906466428114
1 418.212369250002 461.606995849904
1 418.346468000001 485.659019201391
1 418.916962249999 419.270651007591
1 419.00899925 511.160021484389
1 422.466916499998 812.01873777907
1 425.013985999997 473.638676375056
1 425.12467325 455.595073225534
1 425.405633 550.170535010534
1 425.4717925 509.970713200298
1 425.925704250001 599.097710049017
1 426.533885 482.951277578639
1 426.649741249999 443.914153500921
1 427.189421000002 508.398704678301
1 427.446997 481.004417020806
1 428.070024499996 444.413491629669
1 428.190984000001 581.550540235205
1 428.719638250001 437.349618139387
1 428.983974250003 819.762487718977
1 429.743923999999 471.028384307788
1 431.021320999999 431.915415888697
1 431.35351625 461.340810637667
1 431.5117525 432.738144955639
1 433.02096125 589.090068693028
1 433.027146500002 477.662407111556
1 433.1042585 505.470335676497
1 433.197510250003 532.275486247066
1 433.441724499998 472.177125785201
1 434.128176499997 434.569533422384
1 434.725425 435.111966734542
1 434.92847125 453.028950782461
1 437.75515625 466.448041031183
1 437.77466125 470.554111812201
1 437.986628499999 647.778008952321
1 438.052257250001 483.997396684154
1 439.015225 738.400431613932
1 440.193478249997 809.783336170498
1 441.288056250001 518.24741418558
1 443.299021250001 488.633111544081
1 443.426571250001 461.375489083885
1 443.717429000001 444.10476029438
1 444.664064 453.838474610345
1 445.24246225 449.74698130424
1 445.570082000002 633.302277873732
1 446.020744999997 620.7979128482
1 446.23021825 452.603190577361
1 446.485311249998 500.596665212443
1 447.09689 574.556540515005
1 447.562532499999 451.37027579903
1 447.857938250001 447.859744619045
1 449.052404 483.273973058047
1 449.1692285 450.331977584767
1 449.573508249998 492.551763696974
1 449.776805000001 458.243038475739
1 450.089364500001 884.166754563075
1 450.7990385 565.947736784219
1 451.280049999999 453.907507030011
1 451.801406249999 467.342415825062
1 451.836964999999 452.00896134844
1 451.87559325 503.384764599931
1 452.338900000001 465.873904193626
1 454.262970500002 593.726602744953
1 454.926780500002 527.838873900957
1 456.497856250001 457.184554660275
1 457.178680249999 478.950876750671
1 457.498824249997 489.229752034998
1 457.585512249999 571.986260947446
1 457.911931249999 488.396386935128
1 459.2347885 459.949152216726
1 459.94788325 461.099337545558
1 461.039915249998 493.012074505902
1 461.208145 561.002307033583
1 462.146708499996 612.068469264866
1 463.167001249997 509.937679553188
1 464.825957 468.000289935734
1 465.087090249998 465.133294966909
1 466.056031250001 481.818259121204
1 466.277684499999 904.742292996495
1 466.29501125 514.166738079462
1 466.50142025 511.777052420939
1 466.547624999999 466.949012972065
1 466.658637250003 510.228252647463
1 466.69197125 470.100195320182
1 467.472762500001 593.166965167357
1 469.460765 515.326014232003
1 469.624449999999 469.682013454244
1 469.765395249999 485.988202085208
1 470.277945999997 504.076132502622
1 470.585882499997 481.705546641981
1 471.083990499999 518.296743316059
1 471.636245000001 501.486663092365
1 471.705879250001 846.999249586739
1 476.128209249998 504.271041998577
1 478.3194205 504.711635607078
1 479.143416250001 544.226759305866
1 480.521520250001 542.877852731428
1 483.280056250001 556.909469437909
1 483.325949 483.486111766033
1 484.032018500001 636.954680077192
1 484.672420000001 487.694231080627
1 486.72984925 520.665831938962
1 489.041765 530.846811684031
1 489.878031250002 492.776856497356
1 490.377202250002 730.798790769142
1 491.58955625 725.238365459112
1 493.208251249998 592.688188429523
1 493.801248249997 763.579230893813
1 494.472345250002 539.624412098003
1 494.90769325 588.967146116345
1 495.421228250001 572.265894575477
1 495.977461249999 512.025488879687
1 497.380156250002 539.655672884319
1 497.596882500001 511.82285396117
1 498.606696249999 511.621556993138
1 499.166712999997 502.779323308479
1 499.797258249998 525.11490290732
1 500.250101000003 1061.8457571639
1 500.990527999999 506.088565916357
1 501.167586249999 527.400302219478
1 501.332665 506.446477082609
1 502.102387250004 503.24435295639
1 503.315105 552.913811303514
1 503.973506250002 578.12138981407
1 504.295291249997 713.910276920968
1 504.387559999999 521.675762503052
1 505.579432500002 653.506565322647
1 507.293508250002 512.053450570662
1 507.350635249998 588.422881833382
1 510.778554249996 563.874214375468
1 514.863981250002 515.510589203903
1 517.181910499999 520.032087191747
1 518.127246250003 595.992762539355
1 519.836960249999 527.505011504305
1 521.111922499997 553.57860150672
1 522.111082250002 524.586816825162
1 522.275011249998 593.056845766805
1 523.775232999999 540.98198582165
1 524.326148 578.940209396912
1 525.6925265 715.017795319314
1 526.812126249999 537.924404511091
1 529.376476250002 637.705392752947
1 529.889284250003 744.313636324997
1 531.182830250001 551.849182944091
1 532.224961999997 536.500311567665
1 533.818404249999 688.92192217626
1 535.337698249999 562.856085601318
1 536.077736000001 536.314978333843
1 537.511313250001 560.693110863854
1 538.162123249998 543.528164679423
1 538.266171250001 620.90253813907
1 539.2602925 568.438836213035
1 540.779065 573.095702571935
1 541.104649999999 1238.40709411533
1 545.300317249999 552.840914997207
1 545.724020000001 571.999721273796
1 547.883350250001 584.94707935718
1 547.926222500001 594.286452810648
1 548.105032999995 772.961617381485
1 548.53625 557.140868137593
1 549.620405 572.912682874239
1 556.157649999998 557.16422174152
1 556.367774499999 559.188424711581
1 556.806802500002 573.408394077823
1 557.8976465 557.897881728692
1 558.185761249999 558.322728916233
1 559.843397000002 560.887338118431
1 559.985448250002 562.173138781494
1 560.200632999999 607.268649819551
1 562.199796250001 571.3020949062
1 562.988041250001 886.05295198722
1 563.273212999998 577.459635800814
1 565.343545000002 567.819639375698
1 566.924159249999 883.599890741279
1 568.070304500001 667.721344042108
1 570.847443999995 578.440481422074
1 571.340609999999 583.769067301925
1 572.880432500001 604.705817581155
1 573.034499999999 703.642634976201
1 573.419645000002 581.389032002953
1 580.015570000001 669.963825756571
1 580.575033999998 608.58105155043
1 582.329672500004 614.07494644082
1 583.07786 589.966212615306
1 584.551593249997 585.636662119758
1 585.186554499998 588.483547922422
1 585.450524249995 626.19581477832
1 589.222640500001 589.439270236624
1 591.813928000001 598.826825077304
1 593.977021000001 595.194813106588
1 594.191523250001 691.960422405797
1 594.9180425 596.17968676933
1 596.503857999998 763.580377697342
1 600.290896500002 638.865393532194
1 601.590922250003 974.446024328895
1 603.444178000003 611.965732805869
1 605.809050499995 609.986562508527
1 609.394141250001 654.180052206844
1 609.47385425 1113.51461612461
1 609.59396925 624.374326309453
1 611.543136249998 675.805453243235
1 612.032790500002 614.935360808198
1 615.06451625 690.876476353841
1 617.112917 626.287003389904
1 618.041720500002 756.972353368546
1 619.04484025 634.948410684841
1 619.766053249998 620.559380344746
1 623.07712025 951.411402439612
1 624.643301249999 752.015879089888
1 624.661956249999 640.835907621772
1 627.351229000002 636.947544595573
1 627.936378500001 638.617554578137
1 630.54565425 631.593646815625
1 639.410541249992 671.659335400105
1 644.695392500001 676.423816442765
1 644.9360825 645.16608086945
1 646.926708250001 647.270103590487
1 648.345521000001 659.31923008702
1 654.16083325 657.255826787696
1 654.3360925 749.236190561684
1 656.778629000002 656.906045374695
1 664.78476125 680.499831924514
1 665.42653125 665.554224821536
1 665.578439999998 700.203009146767
1 679.289521249999 679.28972844744
1 682.067362500004 707.209443254788
1 682.988861 683.005192807605
1 687.346172999994 759.952477630083
1 688.854724000001 691.761489711194
1 689.762886249999 706.987591423768
1 697.299024999999 765.05225708109
1 702.81780725 940.426461335903
1 703.417351250004 703.477671962564
1 714.803853250003 745.310923921475
1 717.594135250001 717.789367547727
1 720.571562499999 1140.8894520477
1 726.311802250003 838.455734524602
1 726.417477250003 729.538482001911
1 738.213512500001 739.242997526449
1 738.3584645 779.292184962539
1 741.093965000005 757.417418954861
1 744.577824249999 747.302023013211
1 746.303856500001 786.188387330351
1 750.830224999999 863.718796496305
1 753.766562249999 822.270054246108
1 758.377142500001 762.355810916983
1 761.110686250001 765.659640367212
1 771.215732500001 776.708188937647
1 783.965762500002 788.808460254125
1 791.924071249995 929.56068602908
1 794.296148000001 855.994024863557
1 798.109536250003 853.658467542743
1 808.841056250005 881.512920117683
1 811.753698250005 822.405005849466
1 820.885582250001 830.399706254295
1 823.568660499998 845.991126046991
1 831.329165000003 866.256351501076
1 853.304736249999 853.306903904943
1 859.05872825 862.624747531771
1 879.145756249999 920.887048753869
1 895.813272500004 910.760316317431
1 947.956652499998 950.515990194086
1 1000.6918225 1000.90419507538
1 1129.856177 1133.21696739171
