0 0 Inf
0 0 205.013937250001
0 0 156.131648
0 0 147.137539250001
0 0 140.72637725
0 0 220.310136249998
0 0 185.741824999999
0 0 139.823993000001
0 0 225.80974225
0 0 212.435012500002
0 0 211.076929999998
0 0 127.878086250001
0 0 148.544230500001
0 0 132.233100249999
0 0 193.308385
0 0 186.387267249998
0 0 157.881781
0 0 353.777356250003
0 0 73.7271922499989
0 0 90.6347632500006
0 0 252.157656250001
0 0 277.146724000001
0 0 123.956845
0 0 162.844136999999
0 0 322.492591250002
0 0 225.599545999998
0 0 218.945367249999
0 0 231.51103825
0 0 295.133705000003
0 0 238.25190925
0 0 170.771684500002
0 0 252.35952725
0 0 217.277921250001
0 0 223.697492500001
0 0 188.364751249999
0 0 269.272340499999
0 0 109.50387725
0 0 182.559933249999
0 0 321.872836500005
0 0 240.941724500003
0 0 304.407024999997
0 0 210.20760625
0 0 205.991126499999
0 0 224.39280425
0 0 215.975220500001
0 0 260.874462499999
0 0 169.468435249999
0 0 229.724962
0 0 143.838418
0 0 166.681316000002
0 0 174.872564499999
0 0 209.74503625
0 0 165.1718605
0 0 219.18774925
0 0 180.934188499999
0 0 207.024547249999
0 0 217.90378125
0 0 208.288485250001
0 0 150.05702725
0 0 219.07961225
0 0 139.41422725
0 0 318.916396250005
0 0 179.4950965
0 0 266.32745825
0 0 240.330772249998
0 0 172.138402249999
0 0 227.469493
0 0 209.28339325
0 0 118.077408499999
0 0 141.951106250001
0 0 189.78074125
0 0 109.3969
0 0 247.898781250002
0 0 167.78171125
0 0 153.594556250001
0 0 206.286226249999
0 0 225.385351999999
0 0 92.2907679999982
0 0 270.616405
0 0 198.347470250001
0 0 110.064925000001
0 0 268.0155205
0 0 191.738683250003
0 0 220.066964999999
0 0 185.45844025
0 0 229.712540499997
0 0 145.07177
0 0 308.440779250003
0 0 218.333476999999
0 0 241.786866500001
0 0 139.100210000001
0 0 211.400322499999
0 0 277.764328
0 0 182.926445000002
0 0 177.8744925
0 0 189.84385625
0 0 130.91171125
0 0 168.811975249999
0 0 131.925690250001
0 0 122.254145
0 0 193.594985
0 0 361.99803625
0 0 108.607297
0 0 203.212257250001
0 0 274.740442250001
0 0 202.177707250002
0 0 193.433677000001
0 0 224.367708500001
0 0 183.004496
0 0 182.720820250001
0 0 115.525816249999
0 0 184.100260249999
0 0 217.0863125
0 0 151.764721
0 0 164.1042
0 0 100.34634425
0 0 253.296900000002
0 0 234.281612499998
0 0 239.625725000003
0 0 96.68665625
0 0 177.125054499999
0 0 170.392112499999
0 0 83.7219999999996
0 0 142.557235249999
0 0 231.0846525
0 0 144.56132325
0 0 166.7358225
0 0 218.1952565
0 0 244.448517250002
0 0 184.9581005
0 0 230.6702565
0 0 112.0689225
0 0 180.85098625
0 0 158.107009249998
0 0 348.916879999998
0 0 170.33029525
0 0 103.247185
0 0 152.673880499999
0 0 180.214742499997
0 0 138.987559250001
0 0 222.372326250001
0 0 131.367361249999
0 0 185.995448499999
0 0 159.222622500001
0 0 294.850562500001
0 0 156.44218025
0 0 187.907716
0 0 111.47423625
0 0 117.14411925
0 0 128.47042325
0 0 227.606065999999
0 0 212.4457925
0 0 257.386945000002
0 0 123.274544499998
0 0 179.392198249998
0 0 179.00795225
0 0 168.885158500001
0 0 220.784761249999
0 0 196.755541
0 0 267.983180500001
0 0 119.524232
0 0 178.792662250001
0 0 270.837814250001
0 0 142.086741250001
0 0 152.405638250002
0 0 165.182238249999
0 0 83.8646210000006
0 0 114.88825325
0 0 148.95862525
0 0 259.08712425
0 0 171.840552249998
0 0 100.117818
0 0 138.479428
0 0 149.1557905
0 0 160.729504
0 0 101.731178250001
0 0 62.7110942500007
0 0 117.802501
0 0 200.95748125
0 0 225.180957250001
0 0 175.978369999999
0 0 62.5869512500004
0 0 175.163958500003
0 0 258.377580499999
0 0 152.976791250001
0 0 140.421856250001
0 0 238.488308
0 0 299.264170000002
0 0 74.8424659999993
0 0 188.329472999998
0 0 134.335556499999
0 0 296.378277250001
0 0 229.493561
0 0 160.035560000001
0 0 226.778547250002
0 0 97.1857212500002
0 0 210.7188845
0 0 182.90960725
0 0 138.449551999999
0 0 132.164806249999
0 0 158.21635725
0 0 178.18319025
0 0 143.29618925
0 0 317.992810250001
0 0 109.237098500001
0 0 260.98479625
0 0 174.147121
0 0 150.718395249999
0 0 162.532634500001
0 0 207.6843145
0 0 147.943766499999
0 0 249.976694250002
0 0 183.000678250001
0 0 125.240614249999
0 0 169.799668000001
0 0 133.13
0 0 219.163048000001
0 0 123.993552499997
0 0 208.859811250001
0 0 82.2217324999993
0 0 94.4398202499989
0 0 376.292671249999
0 0 156.32781025
0 0 167.53956525
0 0 134.0128525
0 0 114.602860249999
0 0 49.8534864999996
0 0 117.138435249999
0 0 168.57981625
0 0 176.320072999998
0 0 182.7154485
0 0 131.036005000001
0 0 207.513446500002
0 0 151.972886500001
0 0 100.0132325
0 0 241.068042500001
0 0 336.219558250001
0 0 163.35277
0 0 164.115994499999
0 0 236.232156249999
0 0 324.8808905
0 0 132.8232545
0 0 274.857226250001
0 0 125.334762249999
0 0 124.456784500001
0 0 184.895220500001
0 0 178.319268499999
0 0 118.830072499999
0 0 75.4075864999998
0 0 212.271596499999
0 0 161.86655225
0 0 263.707038499999
0 0 262.175365
0 0 169.745239249999
0 0 187.333219999999
0 0 150.580981250002
0 0 292.257658250001
0 0 223.741228250001
0 0 111.911068250001
0 0 239.657209249999
0 0 200.094288249999
0 0 86.3982409999996
0 0 323.003706250001
0 0 195.777939999998
0 0 149.254062250001
0 0 183.07640425
0 0 207.086326250001
0 0 109.14778125
0 0 186.924121
0 0 148.78765625
0 0 135.21615125
0 0 123.6345785
0 0 178.568324999999
0 0 223.191297249999
0 0 142.48229425
0 0 298.96911125
0 0 222.50102525
0 0 232.439946500002
0 0 139.887660249999
0 0 109.26762025
0 0 175.603853
0 0 77.2911602499997
0 0 158.64619325
0 0 167.891689999999
0 0 370.168344500001
0 0 140.743144000001
0 0 130.32192725
0 0 298.655882499999
0 0 199.974471249998
0 0 277.76490625
0 0 205.875636250003
0 0 149.6695005
0 0 86.1621184999995
0 0 187.4007925
0 0 134.518032500001
0 0 156.244149000001
0 0 299.762704000002
0 0 200.412378500002
0 0 175.779614249999
0 0 223.944436249996
0 0 134.893154499999
0 0 114.426925
0 0 106.52192525
0 0 174.431104249999
0 0 158.50153
0 0 123.13952125
0 0 133.8675845
0 0 224.276745999997
0 0 203.020577
0 0 213.990708250001
0 0 292.1720045
0 0 167.511136249997
0 0 141.95688125
0 0 127.703488249999
0 0 194.85855625
0 0 141.034311999999
0 0 342.864145000002
0 0 88.1077850000004
0 0 97.3905860000002
0 0 134.792125
0 0 221.077657249999
0 0 90.4284144999991
0 0 158.855557249999
0 0 169.82948925
0 0 288.21112225
0 0 111.372920500001
0 0 369.2071825
0 0 297.103688499999
0 0 90.5571632500014
0 0 167.240787250001
0 0 145.594521
0 0 189.195818499998
0 0 241.143248
0 0 175.729205
0 0 110.140562249999
0 0 194.33569
0 0 305.260579999998
0 0 157.89430625
0 0 402.351474500003
0 0 159.02550625
0 0 193.373440000001
0 0 118.14738725
0 0 219.720901249999
0 0 133.65122625
0 0 284.693500999999
0 0 208.039328499998
0 0 336.725498500001
0 0 181.181412250001
0 0 133.589573
0 0 189.283715999997
0 0 65.4067124999994
0 0 175.718152250001
0 0 240.789209000001
0 0 182.51837425
0 0 241.792840000001
0 0 116.254125000001
0 0 333.23479825
0 0 104.271317
0 0 193.0610205
0 0 320.760163249999
0 0 171.132426000001
0 0 119.20622125
0 0 177.17696125
0 0 390.71021125
0 0 161.188446250002
0 0 157.4425045
0 0 348.882111250002
0 0 268.657040500001
0 0 301.601799999995
0 0 91.0155485000002
0 0 152.2589045
0 0 169.621028
0 0 220.10292925
0 0 198.298780250002
0 0 254.97658125
0 0 263.78801
0 0 256.501212500006
0 0 178.337911249998
0 0 186.056994250001
0 0 137.738920500001
0 0 497.40665125
0 0 236.113748000002
0 0 188.406582499999
0 0 168.965192250001
0 0 254.335481
0 0 253.551078500001
0 0 258.380107250001
0 0 168.430585999999
0 0 145.01619625
0 0 228.1409885
0 0 118.5236165
0 0 174.43440625
0 0 238.875594500001
0 0 334.970922500001
0 0 126.32490625
0 0 169.374481250001
0 0 136.44573325
0 0 266.063790249998
0 0 207.236317249999
0 0 279.281209999999
0 0 166.735764
1 131.89051025 148.181550863224
1 137.23394 203.435477552984
1 139.700453 171.576283358742
1 140.0823905 165.8471121198
1 144.733826 172.64104749236
1 148.49439125 171.001292804587
1 148.749351249999 167.570331983754
1 149.201861 289.023336232897
1 157.0544485 183.126977988896
1 162.56942125 262.437234070861
1 163.079916249999 230.807137980247
1 163.638122000001 186.50332726428
1 172.220105000001 224.549588890163
1 173.457706249999 350.813079046952
1 174.64171825 286.606368867723
1 175.453056999999 222.339435480264
1 176.374006250001 195.909422267721
1 178.425450249999 238.423009576983
1 180.515091249999 206.999350104334
1 180.78375125 182.018413523482
1 181.61505225 198.885530024232
1 181.890492250001 238.308514026538
1 182.397171250001 212.031957996161
1 182.724556249998 188.477727189803
1 183.373537000001 280.044323153464
1 183.66097 421.502689893384
1 184.70009025 402.703613857854
1 185.2488565 230.474533153519
1 185.36486625 365.130051024398
1 185.856281000001 212.102226020964
1 188.63859625 209.003254314478
1 188.740305 278.574426866392
1 188.955376250001 199.138082374739
1 189.314976250001 204.010367726886
1 189.478452499999 213.894052314032
1 190.288925 220.447972914928
1 191.247205000001 331.7331751538
1 192.16469425 233.303163954522
1 192.591780250001 298.749345242263
1 192.615837250001 203.420699235578
1 192.726339999999 204.408806740506
1 192.795750499999 287.791571065756
1 195.414240249999 295.07001736585
1 196.262768250001 356.09414666923
1 196.975304500001 219.381381046848
1 199.55764925 413.882776992423
1 200.054467999998 218.881524246838
1 200.208172249999 237.828729082857
1 200.985124249999 228.509778172195
1 201.256463250001 242.021887509572
1 202.104888500001 334.262379021342
1 204.786632000001 262.954938263246
1 204.8381585 224.197662543996
1 205.069922499999 230.911316707553
1 205.952468499999 244.576165621922
1 206.094956499999 267.741816271528
1 207.156076249999 261.843403985722
1 208.044314500001 223.359564953904
1 208.35886725 293.437362229971
1 208.659424500001 301.534272761452
1 208.692829 299.790691260064
1 208.7239625 262.566357618517
1 211.56384325 287.106131603056
1 211.5819205 234.362034609054
1 211.672624250001 314.435082850521
1 211.83746625 245.158161693163
1 211.982761250001 357.92456282275
1 212.389078499999 290.131199241931
1 212.460084 262.718561004583
1 213.04191325 386.286950992689
1 213.478874499998 562.20166641634
1 214.082527250001 227.297477485888
1 214.779841250001 230.841588497418
1 215.013602 265.743485041309
1 215.09179225 216.286023722861
1 215.981461249999 493.422628469327
1 216.549265 388.267213124062
1 217.811802500002 360.684907959959
1 217.88327125 254.390193332133
1 218.09609725 311.052548507122
1 218.135616250001 315.013887209673
1 218.326410250001 244.987564169504
1 218.44119125 366.105164069612
1 218.735749 266.70064144306
1 219.001820499999 335.180500143206
1 220.704606249999 377.852950824744
1 221.136680000001 267.767072519689
1 221.860692250001 324.270584728841
1 222.606643999999 251.876688284547
1 223.016982250002 572.606020643077
1 223.5321085 337.055438591649
1 223.601332499999 253.646448884468
1 224.006600000001 254.571517675962
1 224.202420499999 298.981125114643
1 225.010913000002 407.256339742047
1 225.217892249999 283.084006661625
1 225.37838825 269.216750839355
1 225.586665250001 416.622853650185
1 226.42451325 283.040421583935
1 226.91547625 312.252539816044
1 227.683957 357.238941703845
1 227.972384999999 230.05487039855
1 228.091833249999 441.815287667649
1 228.459808250001 254.835735821176
1 231.044490000001 248.794098152806
1 231.357682 323.393436106653
1 232.0609105 515.072373181755
1 233.190696249999 252.001004790253
1 233.2383085 293.256919594726
1 233.31740125 238.286835772514
1 234.4386865 456.753518407425
1 235.460762000001 282.092732980469
1 235.95937 262.629498159999
1 236.7784125 491.311620187402
1 237.29700425 265.654095515809
1 237.489218000002 510.777899652577
1 237.9000205 283.670231214236
1 238.066557250003 396.865250033715
1 238.83209225 352.397576399491
1 239.035122500001 338.649440253265
1 239.74627925 279.51551887997
1 239.841128499998 322.689782442149
1 240.803788249999 473.444283742286
1 241.598125000001 358.964677206207
1 241.748496249999 311.939361696086
1 241.86918925 281.988768645751
1 241.955028999999 321.714439174765
1 242.262665000001 291.336537712449
1 242.943689250001 259.114162309243
1 243.67474025 347.727925265607
1 243.822135250002 330.362949766278
1 243.975678500003 396.189688282043
1 244.657591249999 382.708078605419
1 245.42217625 401.826883631991
1 246.071125 273.750164842227
1 246.097867250001 695.009460684787
1 246.29202 286.92763726188
1 246.883626250001 425.012021662857
1 247.654842250001 262.03001109039
1 248.275344500001 319.608773547869
1 248.660501 290.496974611924
1 249.104297000001 255.116147624597
1 249.52338625 318.718791197106
1 249.75908325 273.386002003733
1 249.871105250001 266.11029665001
1 250.496652500001 274.122415816645
1 250.979823250001 273.635497841008
1 251.133596499999 386.451808380304
1 251.63814825 314.609507578422
1 251.864146 398.63409675297
1 252.204780499999 329.569195478083
1 252.2833345 394.776224407038
1 253.294022250001 295.167265761088
1 253.402548500002 458.926098085459
1 253.601967250002 304.576200626478
1 253.857278249999 556.568929994176
1 253.8631265 275.862262750317
1 254.198529 295.396336837725
1 254.603126500001 298.229157436815
1 254.77258 400.645981142826
1 255.65484425 274.710088658363
1 255.686862499995 284.824546607726
1 256.277369 293.424952336512
1 256.380141249999 350.988280974864
1 256.537625000001 318.020774668363
1 256.724164999999 278.902753143726
1 256.836700249999 542.675177152114
1 257.095342250001 259.448621421826
1 257.32540025 333.424269799443
1 257.431850000002 414.872852024507
1 257.4843245 326.419821281315
1 258.468785 316.850326014019
1 258.514240000001 310.311858969325
1 258.804965 287.63597926391
1 258.828486249998 430.70122392887
1 258.966318500001 344.29106686385
1 261.027267250001 501.785779173353
1 261.604309250001 331.397388690303
1 261.860510250001 349.095139310708
1 261.9392625 371.683831542972
1 262.551269249999 285.823865834992
1 262.614462500001 395.083867717237
1 262.741548499999 307.042721573024
1 263.27559025 283.302526971004
1 263.597288 279.420899587967
1 263.680609000002 270.878958384607
1 263.789224 553.044114837245
1 264.134682500001 553.035654112021
1 264.44622425 264.810006699057
1 264.534516249999 342.962718231125
1 264.744810499998 403.827101111993
1 265.014580999999 294.698007413057
1 265.331182249999 506.035946312784
1 265.340988250001 291.060837627181
1 266.397438499999 276.179164868973
1 267.469256 285.05645269729
1 267.6781 271.821077125291
1 268.096793 509.150817974935
1 268.45170625 277.806811951047
1 268.771028500001 474.986440491664
1 269.205786249998 287.449827671115
1 269.309097250001 549.580430245462
1 269.77482725 289.993689271427
1 270.026770249999 291.753379069478
1 270.478712500001 295.945921304204
1 271.413004250001 273.425710648958
1 271.495780999999 285.644039707306
1 272.10888725 419.638956464148
1 272.517965000001 309.254760948503
1 272.873054250001 304.143506525645
1 272.912602500001 276.039606243995
1 272.942410250001 313.126002375048
1 273.322533249999 476.729079731868
1 274.161465 443.977087900933
1 274.84924025 361.776697466547
1 276.505548249999 308.406453377688
1 276.5324725 424.494107266782
1 276.766288999999 331.777063322233
1 276.770708000002 300.949607267714
1 276.772176499999 331.501127242886
1 276.924853249999 360.009668587685
1 277.071572000002 434.569581904841
1 277.458809000001 297.350223867831
1 277.629266000001 486.808531099372
1 279.249636250002 544.144001035764
1 279.712497999999 380.805628838346
1 280.00383525 375.242193298828
1 280.699380250001 313.463545222435
1 281.514111250001 365.170059613521
1 282.543158250001 289.329061056555
1 282.706179999999 335.575205989071
1 284.304145 286.147447253674
1 284.80995625 312.832021676238
1 284.864256500003 330.467587380851
1 284.884012999999 289.947354446324
1 285.15369625 299.800279159997
1 285.317648500001 367.901694159576
1 286.339628500002 411.168310647407
1 286.579505 514.847944620264
1 286.593123999998 350.757183129477
1 287.455642000001 289.136238357747
1 288.303557000001 304.279540392085
1 288.4642945 294.408427915012
1 288.766789000001 481.314029348345
1 289.306854499999 618.980514132692
1 290.24849025 369.101398834578
1 290.44373625 301.555113928489
1 290.9815225 324.85245988017
1 291.247869249998 321.755511526761
1 292.290844499999 322.201684374125
1 292.7787725 303.612771143203
1 294.167942500001 314.675810268783
1 294.396610000001 316.545089346106
1 294.573009250001 333.979610672157
1 294.658632500002 334.749814186956
1 295.164423249999 303.229120465482
1 295.218762500002 316.841141324875
1 296.008594249998 584.439466916765
1 296.191284249999 332.818437863102
1 296.249321249999 337.869499380597
1 297.530976249999 301.453105559725
1 297.978537249999 909.178099846674
1 299.523651250001 306.879126229737
1 300.050977249999 460.916153148709
1 300.286245249999 392.799293469069
1 300.98635925 329.76233272699
1 301.079853 306.672798192324
1 303.222676000001 320.034217675064
1 303.308102500001 341.399412601369
1 303.430114250001 473.763668840594
1 303.649751250002 311.092213080478
1 304.221088999998 563.499179627099
1 304.656040250001 351.10838102163
1 305.241462250002 321.160738894889
1 306.355543249999 581.742285743588
1 306.355880500001 324.813895113175
1 306.80745625 409.717348616994
1 307.329374500001 348.134537941161
1 307.334116999998 548.808060887094
1 307.508889999998 695.924487162897
1 308.289364999998 537.52907386532
1 308.33526025 310.250142573919
1 309.231620000001 313.827412829023
1 309.248976250001 311.429555853631
1 309.777222249999 323.340855922134
1 309.92795325 320.761330868716
1 311.084345000001 313.748211291614
1 311.481522250001 322.66543664701
1 311.506714 376.321849983369
1 311.59002825 315.88932734312
1 311.945581250001 772.014823113479
1 312.761488499999 375.827201733511
1 312.9905525 325.413907625682
1 313.354482250001 425.453682225213
1 313.986486250001 458.468545478251
1 314.011130499999 315.949735572743
1 314.148125000001 381.703189356107
1 314.3756125 336.017649296222
1 316.043456499999 318.29658203739
1 316.134751250001 359.687906560152
1 316.353342500002 333.13525299894
1 316.405456000001 321.510148404399
1 316.4085665 368.179680676306
1 316.521988249999 384.16547623864
1 316.522675250001 316.597633516286
1 316.668886249998 384.250515319991
1 316.953468249998 641.374953514754
1 317.31263525 370.622394731079
1 317.331584 340.894679884407
1 317.521950499999 469.35496573367
1 318.3311765 318.461591638288
1 318.545996500001 360.657930329995
1 318.5998965 495.005298433193
1 321.069060000001 336.918017073307
1 321.099491249998 402.799321177805
1 321.453145250002 543.654970262694
1 322.117099250001 339.349446583743
1 322.816578249999 324.688791390624
1 323.13945625 323.158489953709
1 323.433156249997 692.392660672564
1 324.110217250001 353.558382471736
1 325.208148999998 343.810990640917
1 325.41885025 374.945329205299
1 326.297249999999 626.638471997833
1 326.554634249999 327.983038861379
1 327.77945525 333.599893448276
1 328.34814725 535.676658338414
1 328.903281249999 678.931728462391
1 329.334806250001 414.958201759172
1 329.445999249997 329.929188616074
1 329.842375249999 356.621170411936
1 330.155233000001 353.424954957464
1 330.372333249999 337.074373209632
1 330.836382499999 353.236602439992
1 331.149565000002 542.432780355563
1 331.168531999999 331.252613013068
1 331.613868999999 445.411279643673
1 331.715412500001 433.063286806868
1 331.811825 336.59391859163
1 332.287320499999 342.603628583753
1 332.61110125 428.279179848032
1 332.717224249999 451.557167998763
1 333.65131225 397.991800408895
1 333.731648499997 334.698618658585
1 333.885633250002 394.739432609018
1 334.083990499999 405.758326737616
1 334.212604999999 605.622101333663
1 334.505425249999 335.643110295309
1 337.065010000001 345.88991405922
1 337.24058425 338.951858104637
1 337.271922 386.713943824144
1 338.275285 345.922021937271
1 338.826348250001 354.633004797714
1 338.874112249999 371.63614545522
1 340.243095250002 342.740181828
1 342.076212999997 381.110111087379
1 342.551670250001 502.92250812864
1 342.803236249999 387.098667757104
1 343.4906225 418.944825241489
1 344.566527250001 386.492418560098
1 346.296332500001 423.203868921577
1 346.614685249999 351.568419849165
1 346.702060250001 396.355091443408
1 347.456427250005 369.44952130741
1 347.760340000001 389.488814519098
1 348.857539999998 510.543324228787
1 349.877508250001 364.797547280891
1 350.3318425 579.126514185484
1 350.775877250001 350.788055118618
1 352.082377 367.896372022861
1 352.445762499999 353.10499312679
1 352.468209999999 367.176801472343
1 352.609802499999 360.439042051296
1 353.7678425 459.421027646635
1 354.770728249998 438.399116715123
1 355.111210249999 852.682336311385
1 356.0169245 400.617884835413
1 356.334352249999 466.147351387424
1 357.299546499999 384.035326297081
1 357.790620499998 362.439830705428
1 358.203603250001 358.359985875931
1 358.530208249996 517.362915172273
1 358.696300999998 415.391736953846
1 358.901180499998 526.530256498602
1 359.36677325 385.240918491793
1 359.4560645 411.946960738436
1 359.61168025 364.59195500221
1 359.64115525 579.858270614996
1 359.651756250001 392.4067477263
1 361.749681249998 429.339282828849
1 361.898026250001 734.863576029111
1 361.948346499998 408.048088179759
1 362.27052325 381.670257993648
1 362.500063250001 365.327881382189
1 362.5533325 465.631807708961
1 362.755539250001 454.076518873971
1 363.166365249999 565.03771816583
1 363.814618000002 372.312311431056
1 364.264387999997 385.139169230355
1 364.34151225 379.956679821129
1 365.194884500001 405.830248500445
1 365.501444500002 650.601861225539
1 365.59380125 417.073135265822
1 367.319730500002 395.6964041585
1 367.772752999999 400.497834266686
1 368.014893250003 410.940462294793
1 368.482403250001 395.476020291793
1 368.83809925 473.524549853155
1 369.712362499999 390.83268339401
1 370.869131249999 371.541837824475
1 371.020107250001 377.995035223353
1 371.727826000001 428.320564541014
1 372.175345000001 399.698795772151
1 372.252480499999 378.801518917533
1 373.196556250001 476.319151006166
1 373.765395250001 445.712194605679
1 373.835636500002 405.64049573495
1 373.974784999997 395.710700200135
1 374.299578249998 394.662969578127
1 374.474364500001 393.633372770839
1 376.087422500004 380.452130765559
1 376.63046525 389.743165577298
1 377.259273249999 445.041439673428
1 377.750760250002 561.465906549041
1 378.326712249999 488.376776731354
1 379.33362 520.961566190024
1 380.125416249999 732.290400307535
1 380.680737999999 426.832747802844
1 380.7425 395.792510704131
1 381.428966500002 383.782964430598
1 382.733488249999 474.124701699728
1 383.7553645 387.338637102709
1 384.235649999998 437.716473604232
1 384.313468999999 389.656413059244
1 384.449233249999 461.544574439781
1 386.241456249999 386.391097531882
1 386.692416999997 745.919299564957
1 386.972345000001 387.912929096933
1 387.54144325 406.473658211803
1 388.0435045 396.695116759976
1 389.841147250001 422.090470821437
1 389.967007249997 402.399105003661
1 390.17776025 431.62541071496
1 390.228641999999 390.63844530909
1 390.27036625 468.546160344951
1 391.61967125 721.815745933591
1 391.686608250003 416.928958506843
1 391.858576250001 426.802148203731
1 392.771392 417.885714301192
1 394.175564499999 528.03252950476
1 394.300550249997 541.427654324353
1 395.9688365 439.632247194409
1 396.494016250001 398.030037693284
1 397.006507249999 440.486981973969
1 397.604408500001 477.35381933802
1 397.974469249999 626.803796369376
1 398.782156250001 485.714135112367
1 399.133716499997 429.401054120957
1 399.262745250001 402.98115603936
1 399.472512500004 473.429154801937
1 399.740152499999 453.972194703661
1 400.142783249999 425.613167010973
1 400.730946499999 494.756137130032
1 401.233371250001 820.56295231863
1 401.298489999998 524.616180891756
1 403.420649 416.650449747581
1 404.167796000001 421.567717069056
1 405.753463249999 406.198457914052
1 406.700825 445.589703069107
1 407.08117225 443.735231128114
1 407.726372500001 500.104220116657
1 407.97593525 491.346791523503
1 408.815197249998 486.727703068111
1 409.323833000001 418.663132785249
1 409.59689225 417.170054754725
1 410.736621249999 465.015139675782
1 411.463985 539.301754260276
1 411.677184999998 438.098598048819
1 413.578890500001 448.03472792633
1 416.241993250001 473.286982793627
1 416.614585000001 416.618277178309
1 418.188161250001 426.749661668948
1 418.421916250001 773.157595245783
1 420.320352500001 465.374087468903
1 422.071261249997 422.073682275272
1 424.642660250001 468.987399226278
1 425.16638225 672.314556262427
1 426.5458425 427.143439318462
1 426.92891125 457.239998237398
1 427.254331249999 577.978628809607
1 427.470663250003 500.481754190806
1 428.954292500002 514.616775652408
1 429.424019999995 457.602859106246
1 430.367312250001 439.007470948181
1 432.441734499996 448.217150440877
1 434.564749000002 457.323721490401
1 434.67832325 442.848256510987
1 435.7077525 449.298388990166
1 436.197124250002 482.210995870176
1 436.767258499998 454.800516447651
1 437.434572500002 770.926007619869
1 440.541494500003 451.00578256868
1 441.992812500001 449.083831428183
1 442.224936249999 450.939069424151
1 442.952622500001 443.322954754869
1 443.052702249999 444.069581269671
1 443.458257999999 516.590325670441
1 444.9246605 458.568198608788
1 445.228576250001 445.757766974319
1 445.809324499997 448.22573385419
1 446.020144999997 470.782941603766
1 450.023049999999 450.138209733259
1 450.503220500002 470.816900204028
1 451.327537 511.231859368693
1 451.580142500001 506.465531576237
1 451.992937999998 461.81289551419
1 452.779024 457.775782320679
1 452.873059249999 453.001978654409
1 453.696123250001 491.659366952549
1 456.659407250002 501.189939323242
1 457.051611250002 495.488843966493
1 457.546893250002 558.469451370648
1 458.705415999998 544.232170836303
1 458.88949 694.133378224303
1 459.851926250001 819.141375461729
1 460.213354249998 484.370136866754
1 461.877064999999 470.260955423824
1 462.032916499998 505.116352545397
1 463.687351249999 487.22722625279
1 463.950763250003 648.030812186373
1 464.9264845 470.683323279746
1 465.146347249998 469.438219481724
1 466.364522500001 718.957360398869
1 466.845002000002 467.442544870376
1 468.550804999997 479.121156577587
1 470.150584999999 589.973904868194
1 471.102056500001 523.214945286916
1 471.197997000001 472.500486661983
1 472.838067250003 475.392502628335
1 473.662974249997 608.605249546507
1 474.703280500001 698.449832357572
1 474.75177125 474.797181730787
1 475.088546000003 536.737327715779
1 481.750086249998 482.726714457548
1 484.523736499999 535.226482492327
1 485.196274000001 718.12021529099
1 485.947809999997 505.700444381648
1 488.505503250002 488.620039042622
1 488.8445805 503.688118917955
1 489.776338250001 511.347964483224
1 489.805296499997 765.016200496718
1 492.665586249999 514.004065784044
1 493.735377249999 496.749314512944
1 496.751263999995 623.950424689519
1 497.692120250001 549.567406162647
1 499.155762500002 500.948570513148
1 499.769525 555.394635492765
1 501.27111425 501.348700780063
1 505.294985 506.967196940778
1 506.527515250002 509.987311822434
1 508.717234249999 532.930001194313
1 510.54413525 514.121392697803
1 510.581612500002 534.227309831002
1 512.192981249997 883.338470832652
1 513.051465999998 701.439234950991
1 513.970865000001 528.205821200315
1 518.141969000001 518.14399327997
1 519.867010000002 524.304054859943
1 521.145085 535.927552623972
1 521.409306499999 522.896922829902
1 523.386382250002 541.765903114191
1 524.591532999999 538.562693509225
1 526.019849000001 659.881979530322
1 526.13513325 553.647985885142
1 535.122136250001 536.474129375227
1 535.251212500002 585.849018288856
1 535.540409 635.407261209264
1 535.831418249999 548.972332658838
1 538.7010605 541.020905978896
1 540.971442250002 555.404372986992
1 546.297231250001 551.206222308709
1 546.43977 546.718068249667
1 547.083189250003 576.336678329957
1 550.00317325 716.6129777427
1 550.423285000006 558.30905339353
1 551.657192499999 572.093088367471
1 554.139271249999 601.967709985654
1 554.42042125 698.53217134005
1 558.157826 559.288582048935
1 562.355943250006 565.300611285283
1 563.331249999999 563.482245663179
1 568.405265000002 606.913103755032
1 568.627033 569.907208760759
1 569.544663249997 651.270581080997
1 569.582820999999 626.072910313339
1 570.436075249999 572.152496615039
1 577.251700249996 599.866431818738
1 577.89196225 598.839958548067
1 588.455918499999 601.688630034412
1 596.084505250001 604.710775785056
1 602.786852500002 615.25282325289
1 607.737288500001 638.330992617437
1 608.667117249995 698.520857970833
1 612.495250000002 619.881012681752
1 619.228462250001 765.629557946166
1 624.70259525 636.184104713203
1 626.421024999997 640.576724759787
1 626.646366249999 637.7884998266
1 628.446532999994 629.736425695445
1 630.891745250006 657.011771755472
1 631.214125249998 642.857794355454
1 632.929727249996 686.110161370387
1 639.437133250001 640.292105522112
1 646.534329999998 652.584048855601
1 646.613442499999 667.478581893182
1 648.097849999998 691.261643166683
1 664.68486825 673.33842040052
1 667.532178000001 673.618153602925
1 672.032897999997 673.054939234465
1 675.564789250002 705.101751615443
1 688.07967025 709.431723456836
1 689.740908249998 692.743096764393
1 720.02971125 721.726874564795
1 727.502479999999 780.465063754498
1 739.034116250004 740.689663788549
1 741.253253 898.355785868942
1 764.026164500002 833.358317055884
1 774.151729000003 802.488797601564
1 793.906387250003 796.394344034258
1 852.464294499996 869.922979758049
1 872.259660499998 890.704250026989
1 874.630812500002 912.42037978876
