0 0 Inf
0 0 431.540016500002
0 0 395.493800000001
0 0 253.325634249998
0 0 424.262936499999
0 0 536.606658250001
0 0 285.074625999999
0 0 236.46777125
0 0 370.824085000003
0 0 356.058889250003
0 0 345.937598500002
0 0 320.543838499999
0 0 465.10551425
0 0 288.875996499999
0 0 394.29957725
0 0 313.2460885
0 0 246.862545249999
0 0 292.608881
0 0 259.258398250002
0 0 310.414645
0 0 250.096680500002
0 0 321.247146250001
0 0 216.51081425
0 0 249.003202
0 0 446.808387999999
0 0 153.7391825
0 0 365.274706249999
0 0 247.365122499999
0 0 249.302092499999
0 0 338.539837250003
0 0 383.495125
0 0 168.64711025
0 0 148.64091125
0 0 311.018154250001
0 0 233.189506
0 0 313.618934250001
0 0 364.825754000001
0 0 370.062900000001
0 0 387.45326225
0 0 424.032422499997
0 0 195.895451250001
0 0 230.334620499998
0 0 216.812488249999
0 0 210.70971325
0 0 382.757409
0 0 319.6745545
0 0 240.42054425
0 0 296.671636
0 0 141.80704025
0 0 388.987577999998
0 0 331.906884999999
0 0 155.325314250001
0 0 368.068116249999
0 0 163.466392500001
0 0 342.214278250001
0 0 270.19847525
0 0 210.66350825
0 0 314.46418225
0 0 400.25914
0 0 280.952319250002
0 0 291.444730250001
0 0 207.729805
0 0 199.929084999998
0 0 287.866156250001
0 0 169.077720500002
0 0 211.998440249999
0 0 258.277380250001
0 0 264.650428250002
0 0 353.99454025
0 0 432.925515249999
0 0 309.26508925
0 0 269.66109125
0 0 287.191212500003
0 0 380.553201999999
0 0 262.391242499999
0 0 360.106644249999
0 0 352.58585225
0 0 330.593391249998
0 0 213.14819525
0 0 366.252186249998
0 0 529.066624249996
0 0 376.3034405
0 0 438.747187249998
0 0 414.21773425
0 0 309.779651250003
0 0 342.873947250001
0 0 262.962377
0 0 283.35173425
0 0 233.41337225
0 0 231.9177625
0 0 264.409756249999
0 0 310.517901250003
0 0 414.617326250001
0 0 273.6315385
0 0 363.36542125
0 0 509.619012499999
0 0 174.089033
0 0 272.502152499999
0 0 374.719057000001
0 0 362.93513125
0 0 192.976738250002
0 0 393.043862500001
0 0 345.00623725
0 0 339.996681249999
0 0 345.283537999999
0 0 207.6709625
0 0 171.505944499999
0 0 333.541842499999
0 0 282.98471125
0 0 324.62720525
0 0 161.7842665
0 0 266.229764500001
0 0 250.0576285
0 0 349.21509925
0 0 243.877475249998
0 0 328.9579465
0 0 327.103382250003
0 0 176.750972499997
0 0 311.812152250001
0 0 216.889672
0 0 362.03409225
0 0 351.519949250002
0 0 278.664473249999
0 0 367.9022665
0 0 401.729010499999
0 0 252.690896250003
0 0 342.160549250002
0 0 365.538584499996
0 0 237.411235999999
0 0 374.398965
0 0 301.37090525
0 0 346.364432499998
0 0 308.406951250002
0 0 250.238076249999
0 0 386.92270025
0 0 212.5597465
0 0 442.052872999998
0 0 146.213905000003
0 0 342.153440499999
0 0 383.424493249999
0 0 457.603129999999
0 0 269.715749000001
0 0 302.366220500001
0 0 206.63777825
0 0 276.408312499997
0 0 243.4490825
0 0 303.010299250001
0 0 304.411888250001
0 0 185.256726499998
0 0 433.810666000003
0 0 162.63241525
0 0 271.686944500001
0 0 349.097664500001
0 0 285.409361249999
0 0 355.904479249997
0 0 289.394893249999
0 0 230.965374250001
0 0 269.7423705
0 0 270.891342499998
0 0 545.579312499999
0 0 236.73151325
0 0 257.97600025
0 0 393.0403205
0 0 278.31292925
0 0 377.008354000001
0 0 341.995124250002
0 0 433.084653249999
0 0 269.228979999999
0 0 327.94545325
0 0 224.570825000002
0 0 228.753404500001
0 0 303.75109025
0 0 304.9455925
0 0 193.261756250001
0 0 362.846025000001
0 0 331.012986250002
0 0 322.733852500001
0 0 324.717441249999
0 0 313.33176625
0 0 335.147655250001
0 0 289.8960725
0 0 286.526004499999
0 0 197.42643925
0 0 262.2536905
0 0 270.749704999999
0 0 341.76760425
0 0 256.275450249998
0 0 462.231283249999
0 0 241.100359999999
0 0 289.985862500002
0 0 152.22143925
0 0 276.556216249998
0 0 296.701738249999
0 0 265.682128
0 0 380.059366249999
0 0 289.64878925
0 0 257.377981249998
0 0 324.06826
0 0 267.893244249999
0 0 294.89440825
0 0 317.486745249999
0 0 317.78636625
0 0 315.60970725
0 0 215.155824999999
0 0 477.050246500001
0 0 266.622707250001
0 0 174.035530000001
0 0 329.170067999999
0 0 323.548324999997
0 0 352.998521
0 0 383.315869
0 0 298.155300249999
0 0 317.024958499999
0 0 233.10512825
0 0 340.679462499999
0 0 174.2393
0 0 362.172940999999
0 0 248.54876325
0 0 94.3353725000002
0 0 305.81657525
0 0 304.123479250002
0 0 178.718654249999
0 0 315.886805
0 0 312.619336000005
0 0 430.996190500001
0 0 230.523735250001
0 0 327.763686499998
0 0 343.910090499999
0 0 348.467877
0 0 178.47177925
0 0 365.547662500001
0 0 409.675970500002
0 0 244.148724250003
0 0 345.830914249998
0 0 278.993641250002
0 0 237.64324025
0 0 172.01645
0 0 259.515461
0 0 376.929639250002
0 0 226.733373000001
0 0 292.30144025
0 0 181.00383625
0 0 218.206445000002
0 0 302.67877925
0 0 481.288286249999
0 0 295.94373425
0 0 165.0877385
0 0 349.512550250003
0 0 325.8274825
0 0 354.311664249998
0 0 303.853692250003
0 0 281.577366500001
0 0 271.84706125
0 0 287.259121250001
0 0 487.838549250001
0 0 321.214249249999
0 0 106.789192250001
0 0 245.390715249999
0 0 220.7390005
0 0 309.440826
0 0 283.023616999997
0 0 198.439940250001
0 0 290.118465000001
0 0 247.575032500001
0 0 388.2046865
0 0 290.241415249999
0 0 228.289456250001
0 0 312.9645385
0 0 238.79803025
0 0 202.850508249999
0 0 198.410114
0 0 336.227425249998
0 0 179.033821250001
0 0 441.91620625
0 0 298.48550125
0 0 322.780357249998
0 0 294.844237
0 0 228.62593225
0 0 267.903786249998
0 0 166.939494499998
0 0 449.855401
0 0 186.043914499999
0 0 283.514062499999
0 0 408.917779250001
0 0 254.597305000001
0 0 191.817204999999
0 0 610.356971249996
0 0 191.184666250001
0 0 395.03937425
0 0 442.465580500001
0 0 263.508226250003
0 0 403.826924499998
0 0 298.01128925
0 0 354.470796500001
0 0 348.959988
0 0 221.986228500002
0 0 211.42589225
0 0 154.401561
0 0 199.49912725
0 0 368.37022625
0 0 113.171686250001
0 0 295.751964499997
0 0 395.9193325
0 0 220.583743249999
0 0 306.203006249997
0 0 281.092673
0 0 166.907931250001
0 0 189.146070249999
0 0 180.29685125
0 0 323.83445825
0 0 177.04463725
0 0 591.203472500001
0 0 251.217228999998
0 0 352.778976249999
0 0 388.1826805
0 0 369.632954500002
0 0 317.868375249999
0 0 361.10721825
0 0 382.167416249999
0 0 268.96259125
0 0 160.005890499998
0 0 327.047072500001
0 0 257.648476250002
0 0 239.029300249998
0 0 205.439312499999
0 0 417.819228249999
0 0 392.738206250001
0 0 158.872068500002
0 0 479.268528999995
0 0 151.226335250001
0 0 178.286474000001
0 0 319.873746249997
0 0 416.8419125
0 0 187.57153825
0 0 401.5565425
0 0 213.105132500002
0 0 325.970482500001
0 0 377.045670250003
0 0 407.147520249999
0 0 248.4046085
0 0 148.533466
0 0 412.336004499997
0 0 429.6296285
0 0 225.3713545
0 0 226.322000000002
0 0 237.462331250002
0 0 227.751618249997
0 0 274.482832500002
0 0 338.896049
0 0 295.373081249997
0 0 256.925900499999
0 0 315.21425
0 0 205.30808525
0 0 180.307162249999
0 0 322.4993225
0 0 257.414120000002
0 0 423.630883999998
0 0 298.601365
0 0 287.469168250001
0 0 192.986475250001
0 0 373.04896825
0 0 333.146436249999
0 0 190.468944
0 0 331.27722
0 0 535.8368165
0 0 612.3053045
0 0 165.357945249999
0 0 347.563664999999
0 0 356.079376249998
0 0 368.63312
0 0 188.1652865
0 0 221.7717125
0 0 145.258480249999
0 0 250.919898499999
0 0 296.291240499999
0 0 387.80231825
0 0 299.152072000004
0 0 427.457630499999
0 0 259.84792025
0 0 143.1821425
0 0 226.383991250001
0 0 214.54006625
0 0 287.156736249999
0 0 148.44119425
0 0 423.168048249999
0 0 548.727546250001
0 0 635.80073125
0 0 450.66850425
0 0 207.439537
0 0 413.73988
0 0 457.731405
0 0 82.1448062499995
0 0 295.545701250001
0 0 99.6791432500014
0 0 245.481891249999
0 0 334.477185249999
0 0 584.1633065
0 0 277.678127249998
0 0 182.996489
0 0 279.476118499998
0 0 437.550536000001
1 217.818531249998 329.213278361315
1 230.21335625 559.073064957146
1 265.791197249999 324.736670726787
1 268.7571025 279.744952838301
1 273.51797125 296.677630407311
1 277.764633249999 364.440123281916
1 289.047579249999 290.211911113296
1 294.664381249999 393.366917180221
1 297.48812125 363.304267600899
1 301.439676500001 301.469309024151
1 303.952964499999 446.942556090553
1 305.030022249998 315.62184584697
1 305.528278249999 366.657544293539
1 310.6163845 348.903072906246
1 311.483431249999 555.525074660099
1 313.4982325 382.727577074915
1 318.947372500002 408.448207206366
1 326.906191249999 511.768013546482
1 330.052782250001 353.346716349188
1 331.0675965 370.216673081624
1 331.167621250001 425.601157766377
1 331.641288250002 429.418322877612
1 335.68138925 507.325000427278
1 336.507895250002 431.893001959903
1 337.493000000001 387.073967005184
1 337.515125000002 371.408134149971
1 339.184085 387.842604789164
1 341.87124425 504.377668839067
1 342.143306000001 426.162699834788
1 344.170242500001 391.449004935774
1 345.034765000001 690.724376414773
1 346.571763250002 368.948111908947
1 346.65484225 367.268976470026
1 346.694992000002 500.9722817773
1 347.151433000001 505.607100177242
1 347.351476250001 769.918158869332
1 349.959025 371.041263740908
1 350.706625000001 393.381624154258
1 354.197520999998 713.551711727544
1 355.1278685 409.769613886785
1 357.645081999998 738.44241685385
1 358.9128505 553.30547507626
1 359.595775250001 619.062180470715
1 359.8717825 569.921030210848
1 360.110794500002 390.862399406157
1 361.154515999999 409.601375418878
1 361.424308500002 450.688151056016
1 361.670421249996 605.050950800181
1 361.927716250002 864.928048235373
1 362.139908 412.858062261477
1 365.970074499999 825.48559970613
1 366.508503249999 630.562857653292
1 366.853980999999 371.057915747819
1 369.337201249999 518.811606968312
1 370.0452125 837.452994819136
1 370.562126499998 529.085542017168
1 371.95549625 493.714867028106
1 372.086816499999 426.827411376592
1 372.486722 875.373199697037
1 372.524065999998 859.111335090446
1 372.901000500001 441.848340475221
1 373.500493249999 816.310367723881
1 375.502281250001 410.856468243896
1 376.142766249997 454.557627200906
1 376.832937999999 824.740044214039
1 377.119768500003 444.187652764458
1 377.98395125 560.230643484628
1 378.057462249999 446.299865197057
1 379.742672249998 484.137075171083
1 379.889451249999 412.310633756828
1 380.88417625 973.201879210661
1 381.27461425 444.653113474768
1 381.309307249998 486.673836649286
1 382.727792250001 825.133550134928
1 384.680395250004 789.862329886393
1 385.543106000002 387.615301928035
1 386.150464999998 697.235924912719
1 387.511386249998 498.335539831346
1 388.495942250001 389.026264387103
1 389.561156499998 689.687232767433
1 390.206342499999 467.22772423325
1 390.227133249999 898.319233592608
1 391.1686025 474.095536854312
1 391.8761485 408.188309447832
1 394.878381250002 683.6850560399
1 395.910382499999 590.702385700985
1 396.068797 484.463233350735
1 396.08453125 943.050445643693
1 396.212672250003 571.820999847684
1 396.340855250003 431.562499397656
1 396.405860500001 807.128453172035
1 396.631314000001 441.014321252138
1 400.000185250002 589.794983167777
1 400.801808500001 726.517242680361
1 401.371270249999 423.101366309851
1 401.747698249999 467.740086448447
1 401.98478825 522.37251649628
1 404.565711249999 485.144081066809
1 404.662313249998 697.97652363517
1 405.135150500003 517.58354741099
1 405.551086250001 978.103064174429
1 405.55317925 488.144363745423
1 405.997684000001 898.766996331991
1 406.659105250001 471.099004579847
1 409.057918250002 427.40042985185
1 409.209040000001 410.948742694319
1 411.126066250001 690.17508572113
1 411.427204250002 907.152175092674
1 412.12429 696.935088219514
1 412.803365000002 658.247857432405
1 414.041881250002 481.685425732254
1 415.005512500002 738.976276967865
1 415.095924999999 428.460300075566
1 415.7280625 796.978105055175
1 417.459622500001 708.745451188848
1 417.470658249999 472.494854866852
1 417.627918499999 637.724322293587
1 417.7466 816.723213256939
1 418.29113 539.565222791161
1 420.318084499999 903.838737965307
1 420.828289999999 646.739335583505
1 420.953242500003 575.568130155642
1 421.183282250001 487.525499898529
1 422.711572999999 641.274435289261
1 424.168553250001 804.501672253151
1 424.84844525 651.920559408331
1 426.208292500001 459.173909402457
1 426.429436499997 588.685640928958
1 426.532130000001 737.728101643772
1 426.780512500001 487.639671058729
1 427.344176500003 975.16405384555
1 428.06360125 466.574439673655
1 428.547002500004 473.825516046123
1 429.208352499999 781.087269343025
1 429.352418250003 474.073788082343
1 429.625518499998 554.915710699758
1 429.99044625 492.624507076245
1 430.718824000002 1212.7230687798
1 431.12775325 767.328624237727
1 431.251570249998 560.727187143148
1 433.860152499998 536.573491364852
1 434.067666249999 800.445736052347
1 435.12248025 821.286620213182
1 435.708392500001 505.750600500092
1 436.67755625 443.15689988888
1 436.9341025 1208.29312041504
1 439.281016250002 1191.18674472592
1 441.729376249999 515.819844779403
1 442.02893725 722.745394379882
1 442.59501725 1044.22632382958
1 442.608276500003 470.783861978268
1 443.9245345 542.692518333149
1 444.104978500003 445.244496470157
1 444.9184445 846.187117328987
1 445.738401249997 490.956835025246
1 446.440153999998 867.402006172311
1 446.603056250003 529.111604664228
1 446.65099025 780.427897354968
1 447.568654499999 815.605839132731
1 447.930072250002 460.920200851772
1 449.114122 622.117678339931
1 451.004565250002 568.066928491095
1 451.149344999996 493.120413104441
1 451.478808249996 602.066965416841
1 452.505612249998 501.496495930423
1 452.698624250001 729.617686791932
1 453.4346945 489.523308884126
1 454.281576500001 525.329848555777
1 454.5702145 646.212285009819
1 455.10060125 897.620698223765
1 455.42532725 611.782719240822
1 456.16840625 514.857884383936
1 456.431611250001 546.851604148473
1 456.638196500002 460.475115965841
1 456.91169 558.222143917464
1 458.353760499999 525.509030775151
1 458.58107425 603.352600080409
1 458.833529250003 466.937337064272
1 460.204886499999 796.478954680849
1 460.579402000001 518.516542995811
1 461.406177000001 533.661271797416
1 462.209192 660.425438208433
1 462.790379250001 507.45554434411
1 463.228460999999 882.145385978467
1 464.4393625 646.234875986331
1 464.965162249997 569.958677206817
1 465.11010925 520.797820099991
1 465.743020249998 700.937770112428
1 465.76924225 524.243021598642
1 467.834681250003 526.250614038946
1 468.389172249999 475.011331036715
1 469.471927250003 712.396391564524
1 470.265490000001 832.735016831202
1 470.381577250001 580.389347179184
1 470.642872250001 1027.38825005342
1 471.015953999998 576.806262281344
1 471.080151250002 659.775972456351
1 473.397355249999 576.666352754839
1 473.40220525 527.839579849748
1 473.814894249999 715.401388210556
1 474.371319250002 639.08486071608
1 475.012596500003 487.865063986195
1 475.241866249999 581.796171615546
1 475.493664999998 554.186507377331
1 476.019737 476.161332486789
1 476.31097125 784.950245652656
1 476.880960249998 506.825332377807
1 477.125121249998 546.706770740871
1 477.683856499999 589.071945077764
1 478.174476249999 598.56832049995
1 478.582852500001 498.257539032753
1 483.013755249999 639.765532474328
1 483.2080565 624.2959915069
1 484.09738325 640.272635299434
1 484.412294250001 993.793312110083
1 484.796581000001 578.213057610014
1 485.385960999998 547.500628507334
1 486.51970025 844.380487818219
1 488.772784249999 667.428136647968
1 490.925801250001 547.032250466702
1 492.187361000001 533.938704803496
1 492.45979525 496.410450337424
1 492.816727250001 533.130909314384
1 494.336856250003 504.465327881457
1 495.167875249998 869.484097567675
1 495.326220500002 835.104393923617
1 496.947687999999 497.180537515439
1 498.025663249998 758.04288986209
1 498.142440500001 499.428287633485
1 499.529094499999 543.403762800767
1 499.759670250001 565.656591534666
1 500.434225000005 543.415886999003
1 501.360149250002 501.442159709227
1 501.51564025 849.718626563291
1 501.814477000002 672.182960935676
1 502.600833999998 738.378675753248
1 502.926720500005 620.889936452404
1 503.044611250004 759.256827627808
1 503.570434249998 512.351186066152
1 504.025876249994 518.828467281604
1 504.076700499998 527.034217380578
1 504.091325250003 542.162577748431
1 504.262991249998 891.258810758787
1 504.3234425 534.207139114373
1 504.414408499999 860.792220130994
1 504.836408249999 526.561101266488
1 505.825225000002 506.565636025428
1 505.879394499995 1032.3170000296
1 506.139109250002 507.969313247741
1 506.546102500001 583.295152454051
1 507.228949 532.256121248543
1 507.314502499996 753.047284095272
1 508.536972499999 533.464470129949
1 509.247376249999 571.145565770029
1 509.2505725 564.30423918433
1 509.798656250002 716.312589279733
1 510.556193999999 521.721989559431
1 510.624962500001 653.015792189478
1 510.88538 599.786547565727
1 511.143824499999 616.7058592412
1 511.205031250003 713.655361059126
1 511.29030325 547.665685496821
1 511.664938 511.665097674359
1 511.902081000001 609.158885142245
1 512.148093250001 563.181757665911
1 512.8103105 574.975130478111
1 512.967230500003 615.263938646908
1 514.184511250001 570.881288539322
1 514.899975999997 619.604444448438
1 516.081781250001 982.204780054396
1 516.809436999997 660.480505837299
1 517.2473125 625.873729246758
1 518.1019325 601.060376146383
1 518.309625250001 542.006165392442
1 518.586572499999 661.860260107402
1 518.871381249998 694.889964232314
1 519.452212499996 526.044513529883
1 519.812346499998 663.05238852164
1 521.240932 688.135580702003
1 522.116940249999 542.935375736191
1 522.491682500002 668.989529046206
1 523.090987250001 551.463735811927
1 523.915925000002 542.05723995222
1 524.200001 538.972760880429
1 524.461761250001 569.516867825171
1 524.980825000001 682.978054357128
1 525.298404249999 548.538495491163
1 525.902679249997 633.780192977572
1 527.044602249998 555.109066941412
1 527.2067665 537.774080352396
1 527.858283249997 817.043162312339
1 528.087247999999 566.07148051899
1 530.341731999999 533.672094631456
1 530.447231249998 614.179381970918
1 530.644380499999 697.336604436767
1 531.220889000002 645.24658477221
1 531.306870250001 582.952439217624
1 531.870563249998 609.237349674864
1 532.3189565 739.343646621641
1 532.753525 536.291440556224
1 533.419456250002 894.542182324457
1 533.776008249999 634.811489998698
1 534.237986000001 988.873530394228
1 534.377991999998 546.931005430071
1 534.892769999999 949.471957541601
1 539.098795250002 622.539539408952
1 539.228712499999 583.655318881803
1 539.313832999999 541.567027424873
1 539.647893250003 595.900309367674
1 540.5536145 829.024321698651
1 541.07735425 544.545526355162
1 542.474264250001 631.606125700969
1 542.865314499999 585.688652617842
1 543.51722125 623.143470489243
1 544.91808025 563.020694471972
1 545.737172499996 975.897985388789
1 547.759291250003 801.203713312821
1 549.444561250002 836.690689831163
1 549.990844999999 579.825735889498
1 550.271066500001 603.871878275932
1 550.666246249996 666.227806029988
1 550.728184500001 613.091171580523
1 551.518330500002 700.350983273837
1 551.686142500002 684.969279539078
1 552.541941249999 716.720446746832
1 553.997424999999 689.402664840948
1 554.199883250001 601.401749695489
1 554.561584249998 606.795204034001
1 555.668516000001 575.376833876736
1 556.3318865 596.703618937924
1 556.577485 604.712667841008
1 556.744084 580.476433118049
1 557.110929250001 570.917961023375
1 557.592834250001 584.395491989018
1 559.612173249996 594.175429285704
1 560.400936250002 561.91764345619
1 561.89061725 630.742721411898
1 563.251592250001 570.699235168782
1 563.520262500004 611.236875724827
1 564.148545999997 566.303216164887
1 565.149985250001 566.356625672126
1 565.163683249997 631.261323148624
1 565.759779999997 893.532347079024
1 566.138281249997 767.558969963459
1 568.242144500001 731.579376747562
1 569.07658925 585.750637241272
1 569.310819250001 594.840712626525
1 569.76499025 629.190160591102
1 570.768562250006 858.401633792672
1 572.14148125 719.980773626029
1 572.734345000002 633.898672071549
1 573.736758499999 575.897209645668
1 573.750781249998 585.910086765935
1 575.848744250001 593.880642312349
1 577.361778249996 595.740636409472
1 577.651976500001 592.596795763171
1 578.02207025 667.567659024365
1 578.916876249998 583.255197753031
1 579.1002065 825.681650525771
1 579.694046499999 585.85487889954
1 582.991512500001 803.296683185406
1 584.242825000004 613.734585890852
1 584.315210000002 599.030127198133
1 585.061870499995 597.743500690708
1 586.154243250002 607.141473540202
1 586.6479305 629.948134465569
1 586.916464999999 591.835151475162
1 587.401621 791.010757835514
1 587.568104999999 743.257331486871
1 587.744574250002 725.083799969019
1 588.538160500002 761.617076874712
1 589.2226405 656.567404834913
1 589.979882500001 602.439704897942
1 590.070664000004 890.707320760075
1 590.194336250003 602.253476235666
1 590.394325000001 610.496534942727
1 591.268980499999 1135.77106770595
1 593.170961 700.070957540993
1 593.246937249997 604.913593550143
1 594.540880249996 655.2692361785
1 596.154338000001 605.067163805377
1 597.053796249999 1094.9323412731
1 599.793258499999 965.45869082049
1 601.411616000002 797.607330829839
1 601.904146000002 761.254085451986
1 601.987051250002 603.550926146787
1 602.126008999996 641.445127656385
1 602.457181249998 771.604838274434
1 603.833550499998 722.438893997908
1 608.27507325 658.369842952401
1 609.18834825 863.424903904461
1 611.036712499998 884.222792075046
1 611.444202500003 616.02996685857
1 611.600112499998 732.291293594342
1 611.9071745 675.645709150071
1 613.357138000002 668.529599968042
1 616.265170000002 855.723507611036
1 616.855433000002 636.059781438516
1 617.120765000001 817.222302777495
1 618.22470625 665.567430344622
1 618.581056000005 641.631825401112
1 618.610457249998 644.667205249239
1 619.784629250001 620.448506643067
1 621.401229000002 634.549824628842
1 621.420672499999 853.316821207486
1 623.314728249999 703.876647174083
1 623.478208999999 720.611431756381
1 625.521805000001 1633.16901396206
1 625.874473999999 962.130423183234
1 626.964953000001 883.990453865438
1 627.052972999999 651.908136167491
1 627.243079999997 770.215138468937
1 627.691540499997 701.199124753093
1 631.186143249998 640.62130463315
1 631.925245250001 644.841006758236
1 632.623503250001 791.942263429358
1 633.020534499998 820.76874114155
1 633.102294250002 662.006463690277
1 633.846868250001 679.942336666244
1 634.706029249999 837.280075296046
1 635.246161249997 717.192217490352
1 635.258501000001 953.905865013136
1 636.577720250001 660.189331666895
1 636.667257249999 733.42076405427
1 637.387622500001 667.603304291872
1 638.592823249999 673.815958382348
1 639.496720999997 668.612682482587
1 639.920100250002 751.770693337569
1 640.403932999996 716.729341683384
1 640.867300250001 711.732812334766
1 642.009369999998 644.43632462869
1 643.628028249999 653.940195674901
1 643.750272499998 685.932654073122
1 644.120318499998 695.08303836537
1 644.510338 727.163382641356
1 645.052654250001 703.760287858506
1 646.50913625 646.521767761518
1 646.656014500001 655.964862599854
1 647.475712000005 654.578264622481
1 648.636358249999 659.717176801092
1 648.690397000002 673.015468648582
1 649.850386249999 1012.69266993309
1 651.120764499999 708.736079246431
1 652.239006250001 673.533350230935
1 653.909371250005 853.54020617384
1 655.157088499997 750.112612145428
1 657.297914499999 723.976634478353
1 657.368744 819.552098541783
1 658.763191250004 755.216043219284
1 664.543080000002 745.576835015865
1 665.64518725 670.335625358178
1 668.648084000002 971.981891896938
1 669.640292499998 688.014985754757
1 669.8229245 695.892457590447
1 670.953199250003 696.901616373578
1 670.995001999998 675.267193390059
1 671.271672999996 710.30253807358
1 671.684232249998 702.064081733898
1 671.796555249996 681.478236295208
1 672.7017105 693.014490011329
1 674.352706250002 697.729266927345
1 675.826512249999 748.501764154463
1 675.837002249999 716.648214489884
1 679.213992499999 706.74971269668
1 680.285859999999 720.630732916927
1 680.384794500001 725.785400119717
1 680.45187425 777.038912341364
1 680.471642249998 722.108066297491
1 681.180976249997 681.202126429004
1 681.571336 711.408237216467
1 683.450869249999 843.914110374047
1 685.4408345 731.434808144787
1 686.875182499998 696.154222542244
1 688.417122499997 747.98268212718
1 689.391894249999 717.132723822517
1 690.373881250002 695.085026357213
1 691.835925250003 692.330897666167
1 694.923483250002 727.346533527629
1 695.179385000002 998.697887372714
1 697.044379250001 697.111847298662
1 700.271888499999 719.287963712658
1 700.357306250002 891.95315156417
1 701.3075345 767.948963230644
1 703.014027249999 724.217673570455
1 704.987523250001 751.692674110999
1 705.092424999996 840.155762291831
1 706.839460000003 723.900178131129
1 708.754531249999 793.92930475662
1 709.882519250001 721.360122302192
1 712.485805249999 716.49298843457
1 715.724886499998 717.371694647146
1 717.721021250003 723.679378236639
1 719.768122000005 754.256235913731
1 722.835051250001 779.201058193191
1 724.411030499999 790.17483335438
1 731.50872625 763.514482059307
1 732.556138500003 773.198061935111
1 736.582339999999 740.376450284666
1 738.310642000007 743.299100050682
1 738.487444 755.010059178592
1 739.292686250001 748.17712751597
1 742.036302250005 757.961345204127
1 745.6091785 745.710357505198
1 745.88381825 782.64752747477
1 746.570952500003 749.694296967894
1 748.514323250001 835.779583401194
1 750.33557125 762.490883660352
1 750.62680625 988.050820786918
1 750.742652499999 829.954291068269
1 751.079506250005 754.406073822756
1 752.45567825 773.089154637269
1 754.703817250002 938.937108041461
1 757.651761250001 834.124925525144
1 757.762056999999 817.313521996881
1 757.811132499998 759.105233544785
1 758.620413000003 797.277078427207
1 759.403688000002 1192.52891860967
1 761.253802249999 818.542287698744
1 763.1952725 782.882778667433
1 763.196872999997 804.968991318714
1 766.119708249999 766.430640574077
1 770.913641000001 774.895236971993
1 773.793208249999 841.611685401001
1 774.308428999995 812.127001692591
1 775.675122500001 849.457488952108
1 779.705724250002 967.177690199278
1 780.441553249998 831.717796342845
1 782.009468999999 836.973861478513
1 785.485065249999 826.926626183011
1 785.615859999998 974.924707184592
1 787.297731249999 813.99602569232
1 788.694529999999 791.44092511031
1 789.965142499998 789.966188917069
1 794.897386 827.694660441319
1 795.2010125 900.355987012434
1 796.004393 802.204885382659
1 797.751298249995 873.910824928165
1 798.672817000001 827.789904275228
1 802.605426250002 803.04937809352
1 807.463082500001 808.365530698027
1 807.855362499999 810.250464238904
1 810.239340249999 813.06536893481
1 811.734738249996 813.051973288022
1 812.473909000002 812.526798537608
1 813.143138 825.124564970117
1 813.408704999997 831.294888867335
1 816.811653249999 881.780746042992
1 817.448425 821.984746359412
1 819.030540999998 826.848239254261
1 821.591631249998 821.861161677532
1 824.717090500003 825.316718661806
1 826.128552499998 844.863284488935
1 827.090438500001 899.27652898304
1 829.761946249999 1033.98349569979
1 830.099613249998 854.94167441811
1 841.723722250001 844.822576180256
1 844.793417000001 886.51681890287
1 845.318560500004 886.779017413962
1 846.864673000006 849.760236588117
1 855.759050499998 856.314400321191
1 864.121626000002 864.278950006396
1 865.780362250002 950.739842078856
1 869.421605000001 912.824061197447
1 869.866562499998 869.998709768598
1 872.279228249997 874.779155377789
1 872.73863825 947.127196287446
1 878.451642500001 884.53343659153
1 878.754650000003 944.566944114373
1 884.440356999999 1667.77581547789
1 884.723712500002 986.905154409464
1 885.090121000001 963.278484063023
1 885.19816925 929.841362133334
1 892.42796025 918.523705320985
1 893.054362 947.829519880288
1 909.246880000001 959.236129201336
1 912.768870249998 915.781216899752
1 919.491226250002 966.702696188879
1 923.322930499999 929.857952712797
1 924.896882500001 998.76759362338
1 928.239106250001 928.57277240871
1 928.8796465 959.451687546538
1 938.805667999998 1167.29617646079
1 944.948250000002 945.885195931336
1 953.643979250001 1075.58167943431
1 958.138206249998 961.370344773801
1 958.36495325 959.233876449294
1 960.941232500003 966.517012643311
1 965.906327249997 1435.54428221597
1 978.367658500002 1104.6599777474
1 979.943314499995 979.966784044244
1 980.087016499999 995.266230301447
1 983.37422125 989.336652906715
1 986.880414250002 1107.76215769053
1 1002.03686125 1295.26664110419
1 1021.20224 1045.49984868706
1 1054.48259200001 1082.06863875513
1 1055.25989725 1056.21925840585
1 1067.031909 1078.10144951919
1 1073.5006725 1108.74245573549
1 1074.847826 1164.59388765132
1 1117.72748425 1148.3348563095
1 1169.27284625 1179.52358479014
1 1180.95288125 1335.35104834455
1 1187.62886125 1258.91068908418
1 1194.28124125 1200.02551006095
1 1257.00026125 1319.97768108154
1 1335.3855125 1340.23004498651
1 1397.58708125 1397.61556574014
1 1410.38595625 1497.03724707611
