0 0 Inf
0 0 254.344491250001
0 0 245.390762500002
0 0 238.615762500001
0 0 220.93671825
0 0 225.967911250001
0 0 186.041442500002
0 0 236.523151249998
0 0 205.999751249999
0 0 157.9947785
0 0 272.921896
0 0 263.088841
0 0 96.3535139999993
0 0 186.437527250001
0 0 169.18129325
0 0 153.752611999999
0 0 242.444775250001
0 0 121.690384999999
0 0 228.986053249997
0 0 225.649973249999
0 0 186.752072000001
0 0 219.21966625
0 0 108.342996499999
0 0 220.33631825
0 0 127.76002825
0 0 215.65128625
0 0 217.9827325
0 0 178.866595999999
0 0 94.3111945000003
0 0 160.591399999998
0 0 205.245774499999
0 0 171.794953
0 0 258.0587285
0 0 178.9078745
0 0 121.560586250001
0 0 160.64240125
0 0 212.977305000001
0 0 212.875155999999
0 0 181.521396999999
0 0 155.1712625
0 0 182.022261250001
0 0 214.012416250001
0 0 258.532049250001
0 0 153.451206249998
0 0 311.335602499999
0 0 146.711314000001
0 0 247.246738249999
0 0 155.396760999999
0 0 177.068864249999
0 0 194.606869000002
0 0 199.744156249998
0 0 142.453324250001
0 0 193.80079225
0 0 160.232041250001
0 0 122.418204499998
0 0 164.41794225
0 0 134.344723999999
0 0 195.789799249999
0 0 190.60385625
0 0 173.4279665
0 0 155.34024025
0 0 208.008869
0 0 207.810612499998
0 0 189.756142250002
0 0 160.877261
0 0 236.16371525
0 0 190.34114525
0 0 249.048400250001
0 0 194.275537
0 0 187.899329249997
0 0 213.006121250001
0 0 175.919322500001
0 0 142.397842
0 0 89.8776100000003
0 0 112.116964
0 0 151.64048
0 0 203.27427425
0 0 247.64582725
0 0 151.42707325
0 0 209.074800999999
0 0 192.79472525
0 0 68.1077890000001
0 0 133.04499125
0 0 140.3825405
0 0 213.98021125
0 0 223.917646499998
0 0 209.91204325
0 0 212.617740249999
0 0 193.548215249999
0 0 98.3218384999997
0 0 262.071621250001
0 0 174.262084999999
0 0 241.110184249997
0 0 134.760964000003
0 0 164.189063250002
0 0 239.635426500002
0 0 216.06622225
0 0 203.054389000002
0 0 320.78773525
0 0 148.885781000001
0 0 161.46160325
0 0 76.251185
0 0 181.634367999999
0 0 212.828455250001
0 0 132.9219965
0 0 160.0016365
0 0 187.789224999999
0 0 135.38816525
0 0 139.52527425
0 0 174.631692500001
0 0 140.91540125
0 0 175.118529999998
0 0 212.36580125
0 0 123.211640249999
0 0 184.743084500001
0 0 236.705002249998
0 0 114.85481125
0 0 140.993218250001
0 0 200.9747365
0 0 137.7678965
0 0 315.972156249998
0 0 154.660246249999
0 0 157.8260765
0 0 178.6114945
0 0 284.851830499999
0 0 136.135952499999
0 0 203.9607765
0 0 136.647222500001
0 0 84.4782412499997
0 0 263.790321250001
0 0 208.472900000001
0 0 134.721523249999
0 0 116.9941985
0 0 202.6322945
0 0 114.081602499999
0 0 351.74566225
0 0 276.4063585
0 0 151.80624925
0 0 46.5102125
0 0 231.08401325
0 0 199.738606249999
0 0 136.820072500001
0 0 270.800720499998
0 0 242.70735925
0 0 171.441522250001
0 0 291.155345000004
0 0 123.248916250002
0 0 156.843744250002
0 0 215.195014250001
0 0 179.175090249999
0 0 153.39791025
0 0 125.759364999999
0 0 212.969502499998
0 0 160.011896499999
0 0 198.787924250001
0 0 288.435876499998
0 0 175.738153000001
0 0 129.79534625
0 0 265.99242825
0 0 177.61813
0 0 217.76954
0 0 206.730440500001
0 0 335.890606500002
0 0 133.616979250002
0 0 267.265494500001
0 0 297.979605249999
0 0 233.603736249999
0 0 227.527985000002
0 0 303.405801249998
0 0 319.692545999996
0 0 100.8141025
0 0 240.662254249998
0 0 322.900945
0 0 310.668180500001
0 0 182.2230125
0 0 204.546174249999
0 0 183.227656250001
0 0 170.964931249998
0 0 341.271702250001
0 0 151.650208249999
0 0 163.700559999999
0 0 183.30334325
0 0 241.786784000001
0 0 166.903369250001
0 0 100.5110305
0 0 381.553204500002
0 0 420.701582250002
0 0 192.514149
0 0 343.54075325
0 0 140.763352999999
0 0 156.40896125
0 0 96.5388649999996
0 0 310.081568
0 0 328.072212500001
0 0 210.58431725
0 0 258.36572925
0 0 267.275257250001
0 0 172.9216165
0 0 204.012228250001
0 0 160.624060250001
0 0 154.938412250002
0 0 153.93998825
0 0 136.849160000001
0 0 222.283726250001
0 0 195.2627365
0 0 324.213022250002
0 0 358.080199999998
0 0 155.839514499998
0 0 201.37873725
0 0 172.892276
0 0 240.252019250002
0 0 83.77394425
0 0 96.1022900000005
0 0 231.249145000001
0 0 165.337872999999
0 0 166.147984000001
0 0 177.31296725
0 0 206.816708250001
0 0 121.500157
0 0 310.411506250002
0 0 151.77862125
0 0 372.155325249999
0 0 273.8228065
0 0 216.549636999999
0 0 128.283138
0 0 116.56971625
0 0 161.455232499999
0 0 193.442179999999
0 0 294.2876185
0 0 152.284722499999
0 0 334.360876999998
0 0 145.672281249999
0 0 198.791568999998
0 0 233.216504999998
0 0 304.493165000001
0 0 260.567905000003
0 0 299.787282249999
0 0 87.7670929999999
0 0 345.794389000001
0 0 303.400474250001
0 0 134.007749000001
0 0 182.375908249999
0 0 192.267434499999
0 0 297.252074500001
0 0 205.105203999999
0 0 97.3906922500003
0 0 249.69226925
0 0 277.248101
0 0 195.941414249998
0 0 262.439674250003
0 0 206.026377249999
0 0 177.0028525
0 0 227.984760249997
0 0 123.53913125
0 0 227.341777000001
0 0 310.887945
0 0 186.9194885
0 0 300.374365250001
0 0 166.822962500002
0 0 203.626262500001
0 0 248.34503525
0 0 241.874933000001
0 0 138.870943249999
0 0 346.585992999998
0 0 215.526244250001
0 0 164.854433000001
0 0 259.6961525
0 0 226.00283225
0 0 162.297318250001
0 0 236.882505249999
0 0 192.1030105
0 0 148.821936250002
0 0 317.843292500001
0 0 202.54875625
0 0 149.268790249998
0 0 173.095650499999
0 0 229.473372500003
0 0 95.6982800000006
0 0 157.466545
0 0 153.02809125
0 0 200.53904225
0 0 164.01045425
0 0 238.218302249998
0 0 211.895001250001
0 0 202.811552000001
0 0 152.058832
0 0 134.069672499999
0 0 273.672493250001
0 0 186.483481
0 0 208.38700325
0 0 137.64676
0 0 363.982410500003
0 0 176.279338
0 0 149.836801999999
0 0 140.134638500001
0 0 302.788551250002
0 0 257.349081249999
0 0 77.7431372500004
0 0 193.539856250001
0 0 202.006620499999
0 0 245.66176025
0 0 415.87777025
0 0 144.713018499999
0 0 263.002926250001
0 0 383.705694250001
0 0 190.354881250001
0 0 462.95454925
0 0 372.240589250003
0 0 262.03472725
0 0 361.048601249999
0 0 202.392553249999
0 0 208.26738
0 0 366.49491325
0 0 305.61632425
0 0 343.59113
0 0 216.923190250001
0 0 305.49606025
0 0 416.206353249999
0 0 318.448354250001
0 0 240.366028250003
0 0 151.782800000001
0 0 227.532145249999
0 0 256.877010000001
0 0 158.48356925
0 0 262.985388249997
0 0 140.277246500001
0 0 265.2685625
0 0 191.0259605
0 0 152.23293025
0 0 190.93632025
0 0 215.858378499999
0 0 376.842251249999
0 0 111.085225
0 0 223.09948625
0 0 177.019978249999
0 0 189.560538250002
0 0 278.28036625
0 0 179.722205
0 0 481.863624499999
0 0 133.628695249999
0 0 123.85583225
0 0 68.9542099999999
0 0 202.151649999999
0 0 208.43315725
0 0 197.28645625
0 0 381.60692425
0 0 134.696773
0 0 255.232102500001
0 0 173.49097625
0 0 205.669796
0 0 200.1613725
0 0 350.541096249997
0 0 205.19789
0 0 374.479455250001
0 0 336.642000500004
0 0 350.223498250001
0 0 187.48185625
0 0 86.798258499999
0 0 146.701761250003
0 0 556.348296249997
0 0 508.209286250002
0 0 257.960056249998
0 0 228.40322125
0 0 275.766985250005
0 0 456.491366500001
0 0 211.4838265
0 0 116.76139325
0 0 114.290256249999
0 0 178.233042500001
0 0 148.980841999999
0 0 200.169593
0 0 149.272859250002
0 0 127.07703125
0 0 271.734882249999
0 0 133.7046545
0 0 257.784050249996
0 0 266.728442500003
0 0 156.486177
0 0 150.945629
0 0 241.65840425
0 0 208.853542249999
0 0 152.358914500001
0 0 182.283677000001
0 0 194.96019925
0 0 234.035316000001
0 0 390.513124249999
0 0 243.53854225
0 0 363.474037250001
0 0 317.808186250001
0 0 178.930756250001
0 0 169.303540250001
0 0 242.40877225
0 0 104.7670685
0 0 142.55293725
0 0 174.5409185
0 0 331.376477000003
0 0 161.39226625
0 0 398.34197825
0 0 345.254331250001
0 0 66.0331202499997
0 0 310.405654249998
0 0 758.169930250002
1 138.828925 147.710533399318
1 152.6342665 331.35220188237
1 159.817011999999 178.860680844623
1 161.664304500001 168.102712531646
1 167.160882499999 296.615747717737
1 167.899501249998 174.617362196036
1 177.232807249999 186.438536647811
1 180.2814725 228.956609167983
1 183.541689249999 247.444760419662
1 185.706691250001 241.972013568576
1 190.77541625 198.802902216776
1 193.683231250001 423.015790365191
1 195.424174249999 214.246077026238
1 196.598812250001 349.435811486563
1 198.770225000001 259.00396771625
1 199.66440625 229.891684632561
1 199.935824500001 479.561196575818
1 204.014227999999 384.44575906577
1 204.860893250001 237.391654750439
1 205.202668250002 238.636069119664
1 205.576186500001 329.479533930017
1 205.929626500001 355.264094400447
1 208.39675625 261.202790886764
1 210.741316250001 255.338406838835
1 211.370498 303.857291950327
1 213.253357 259.123888471971
1 213.514405249999 217.749754202515
1 218.37750625 279.427320759672
1 218.686070249997 363.694869984108
1 218.754426249999 314.252866128132
1 220.6346805 434.474656063514
1 221.575002500001 322.441104412589
1 221.780642500001 337.26402697433
1 221.799591249999 324.369990938562
1 221.80860725 269.036766166746
1 223.41160525 446.179258520608
1 223.56605525 289.339579578174
1 223.679775999999 270.296039491627
1 223.752085 306.832435285796
1 224.700336250001 341.101077294905
1 226.111940500001 336.827581434185
1 226.800522 268.468652995647
1 227.314429 253.317182639313
1 229.436162000001 285.417739116741
1 231.20866325 238.11984592277
1 231.4451945 304.030105689604
1 232.110804500001 233.344240888161
1 233.551584999999 395.740307180763
1 234.55696225 360.331289477211
1 235.134154000003 263.635091560957
1 235.17211825 331.450900419604
1 235.21592125 391.223904748815
1 236.41042925 553.884648143698
1 237.073813249999 353.368159527034
1 238.76738525 677.209376261702
1 238.8489865 297.017659752287
1 239.50652125 256.412778858124
1 240.4520365 350.233926941858
1 240.825251249999 366.37922989142
1 241.683666250001 404.614245165821
1 244.322665 272.52491607841
1 245.520770500003 344.166649224218
1 247.005700250001 299.146978492441
1 247.22790525 298.458529638447
1 247.307889249995 254.306128934823
1 247.975880499999 284.787343116796
1 248.825792499999 454.451924537135
1 249.157658249999 284.237069970425
1 249.4604545 314.790896083645
1 250.744754000001 262.933212029456
1 252.283005000002 605.920172337224
1 252.485341000002 450.323856677398
1 252.877258000001 276.389747296794
1 253.29253625 276.883276520002
1 254.685697999999 295.295719090231
1 254.927994499998 334.67179829419
1 254.929130000001 273.958718426318
1 255.414568250001 491.730056521797
1 256.32325825 298.525180517729
1 256.781065 447.566320726439
1 258.292828250001 269.895587615724
1 258.565325000001 273.496111552821
1 259.500637250001 777.988118502446
1 259.570754 380.825797541863
1 260.04807625 438.522276997474
1 260.795912499999 289.742501893504
1 261.087256250001 584.864271947402
1 262.016656249998 532.044025420192
1 262.643002250001 341.100074127664
1 262.687554500002 491.096574476826
1 263.0061125 280.555435840558
1 263.02044025 495.468834892093
1 263.361236000002 345.029690730505
1 263.898301250002 500.789405101484
1 264.082622499998 614.15024031947
1 264.194356000001 587.66854075028
1 265.104660500001 491.271459053309
1 265.3206345 300.167626421825
1 265.642428250003 306.984890219594
1 267.19697925 309.66587832532
1 267.813667999999 477.558715304801
1 267.897546250001 299.212533389502
1 269.7967385 287.067199408707
1 270.243112499999 345.557724080418
1 271.0351825 477.952366398735
1 271.314886249999 328.807143349365
1 271.49613725 301.808540575945
1 271.904301 314.725243623852
1 272.134722500002 314.950153354346
1 272.280564250001 499.27156350095
1 272.434457250003 552.796306199322
1 272.828677250001 432.626272305815
1 272.8496525 352.254499514618
1 273.249645249999 407.007468920005
1 274.795218000001 368.780390882947
1 274.809328249996 275.513798897792
1 275.106866 339.536323526593
1 275.694861250002 277.878427912728
1 275.8529425 336.015328252092
1 276.023284999999 453.039343042061
1 276.522113250003 475.734507003616
1 278.5778525 337.932467713685
1 278.704768250001 337.71498731682
1 279.108186250001 312.296112454024
1 279.466009999999 298.030959166488
1 279.597270249998 369.787275775634
1 280.33236725 311.061780649816
1 280.358084 655.44845062244
1 280.718046249999 308.481151458866
1 281.039258249999 437.818766680023
1 282.391446249998 418.516593226557
1 282.496533249998 288.809781146952
1 282.53310025 371.092227962059
1 282.579103999998 301.264959599858
1 282.834478249999 296.250632866557
1 282.989005 606.268786950048
1 283.184920249999 521.078447145519
1 283.4931105 415.454999898643
1 284.779625 332.201655432366
1 285.631026249999 443.043278991062
1 285.911117000001 303.252866210068
1 286.069718499999 405.827572993011
1 286.721992249995 286.896993309151
1 287.24331025 329.995167194155
1 287.280713000001 303.706827619425
1 287.646073999999 323.16906505797
1 287.720561249997 340.223078001248
1 287.852956249999 602.36337664563
1 288.130425999997 409.506802426287
1 288.531463999998 483.102809230136
1 288.56394125 331.796591437744
1 288.67010625 309.632450824086
1 289.30916125 303.338403949206
1 289.847593 349.21180389761
1 290.126181249999 299.307900500724
1 290.25603725 376.350344020262
1 290.874169999998 303.573189653511
1 291.069796250001 321.876514262561
1 291.194761249997 306.240802211481
1 291.8587145 293.81145863544
1 292.169478249999 367.991913260173
1 292.360016499999 296.460894002627
1 292.491679999999 348.487325362061
1 294.791972499999 330.914034387076
1 294.863010500001 562.721115139712
1 295.148732499998 555.149267304548
1 295.282808500003 301.085796254854
1 296.31968125 559.608173499919
1 296.388209000001 315.446897378083
1 296.842890499998 563.759704657851
1 297.100519999999 390.089304667026
1 298.061316250001 403.605755953175
1 299.146444999999 304.038121696972
1 299.34886225 338.674256628591
1 299.513062250003 319.424845257477
1 299.54914925 448.994277819233
1 299.782188250002 433.281545902129
1 302.074789249999 330.495227305257
1 302.19349525 332.279921345557
1 302.49194225 398.645931462808
1 302.849792499999 304.757192672815
1 303.053335249999 444.468808617885
1 303.235071249998 430.373408169442
1 303.512976999998 343.869098479111
1 303.692565250001 303.706401161796
1 304.1304885 335.10635860369
1 305.043240999998 306.696004037093
1 305.196371999998 320.206914725691
1 305.220276249999 488.972164521725
1 305.985588500002 407.377932245473
1 306.84568625 316.026604397521
1 306.901939999999 356.749328881216
1 307.026276999997 463.17785515724
1 307.45021325 545.718526635121
1 307.646439249998 467.129400371776
1 307.8583705 395.047682529061
1 308.08337625 463.302463202762
1 308.400348499999 358.63150304023
1 308.940396250001 424.787357314456
1 309.816243999998 336.875941048855
1 310.00407325 314.93407183716
1 310.30229425 477.857836039119
1 311.065378250002 464.478922530081
1 311.10064925 347.712198878345
1 311.364508500002 1028.63706782337
1 311.4042885 348.405917387874
1 311.410141249999 333.507967958818
1 311.447361250001 414.674160427371
1 311.92532125 431.235664546287
1 312.28181525 419.804845876061
1 312.687606250001 355.771208713071
1 312.870249250001 316.224155836104
1 312.923653249999 454.800971512548
1 312.93667925 322.623615263594
1 312.962706499999 316.48932758762
1 313.240017250001 410.401701076112
1 313.385813 376.049786219064
1 313.420396500001 407.302277904765
1 314.109398499999 351.450568705176
1 314.128834000001 367.585534232347
1 314.312240249999 383.278533126046
1 315.007322500001 481.40114107277
1 315.669116499998 326.028743382131
1 316.663431250002 351.060378547762
1 316.719495999997 362.942938893597
1 317.472589250001 321.50658687974
1 317.531265999999 376.554873206498
1 318.274146500002 605.139407437506
1 319.12408125 348.463431334971
1 319.301892500004 572.006042180873
1 319.53311725 321.410425005036
1 319.825662500001 510.157431879811
1 319.940769249999 537.170855757333
1 322.9475405 379.925301784003
1 322.967558500002 398.045908378245
1 323.08296925 392.332317393381
1 323.46875725 367.044964455598
1 324.526801250002 365.903684015856
1 324.829021249999 450.420543598014
1 325.991580500002 348.013985028853
1 326.115018499999 339.48418698013
1 327.308852500002 340.073758993613
1 327.966580000002 328.510683962025
1 328.753131250002 417.160245091531
1 328.959011250002 395.10357690464
1 329.154151250002 726.666491127628
1 329.265994250001 489.819750601843
1 330.001250500001 406.194011587485
1 330.085064500002 534.878840067012
1 330.1170685 746.424184234508
1 330.721914499998 407.820409219396
1 331.395526249999 345.939006937286
1 331.512567250001 360.252637436461
1 331.97460025 338.744117095523
1 332.9290625 369.365029720139
1 334.1302225 386.474479661868
1 334.500786249998 424.665308477214
1 335.117841249999 340.25468869617
1 336.980413249998 364.882129870239
1 337.680398250001 620.382943052338
1 337.78572725 423.326069127192
1 337.86218425 356.306208616549
1 338.453194499999 872.69288033342
1 338.9690885 424.561889361787
1 339.1147985 419.810417263871
1 339.198306250001 344.129546028607
1 340.431513249998 350.805679855436
1 340.488298000003 597.671244485667
1 340.619938249999 373.64346268158
1 342.369578000002 364.592351185498
1 344.072762499998 689.440872396513
1 344.453665 375.376541434393
1 344.69520025 349.622329498832
1 344.772205 472.461680496178
1 345.079345000001 350.047056889096
1 345.965092999999 386.729867806033
1 346.33052525 369.044612452627
1 346.803166249999 350.611623815518
1 347.678072499999 387.757324840869
1 348.713576999998 394.901161048581
1 348.9752825 385.57381948302
1 349.545841249999 379.023925162992
1 351.180042249997 399.933690487497
1 351.964147999999 605.524197389794
1 352.02564725 481.140185203153
1 352.775280500001 384.634970387712
1 352.795984000002 366.391079972631
1 352.952280249999 379.730113873866
1 353.136415999998 581.323738220686
1 353.325885250001 415.083774555421
1 353.43736525 466.262031872259
1 354.174817250001 372.938849094992
1 355.888712500004 415.017597386667
1 355.979925250001 578.299045583533
1 356.124889250002 384.514229416629
1 356.82829925 379.351798296604
1 358.359973250001 358.490152646459
1 358.673198499999 547.925372449033
1 360.012684249999 401.820345748246
1 360.3236365 684.201238230511
1 361.134012499999 381.45282223135
1 361.1478425 409.88457804041
1 362.469282250001 363.72069529365
1 363.271689250001 1095.97156681058
1 363.789732999999 558.370280435536
1 363.997140999999 786.516929692242
1 364.907587249998 398.126144599592
1 365.000082499999 367.335142200633
1 367.431772499994 383.56897796457
1 367.45908425 531.444140855445
1 368.227518250002 399.444330496649
1 368.663532249998 400.720259837193
1 368.892826000003 449.463281630027
1 369.301370000002 467.682999591713
1 369.941948499999 375.022230842707
1 371.55125125 371.576517614554
1 371.648582500001 396.974116037783
1 371.887700000001 418.017318074582
1 372.283879999998 406.594444590206
1 373.735350249999 379.642776997625
1 373.89035925 386.181451438625
1 374.22881525 400.775115199504
1 374.246622250002 457.272158036659
1 375.630024999999 404.310018374306
1 375.770163250001 889.865817170945
1 376.719568250001 391.647222338704
1 376.785171250004 547.259973470152
1 376.9550405 614.637146320908
1 377.392431250001 387.32540624483
1 378.983260250003 770.84846808517
1 379.40340125 473.107995331228
1 380.493030499998 461.952833103329
1 380.922462499999 432.623915352046
1 380.9389 873.499993240407
1 381.071610249998 406.928566753453
1 381.135175999996 391.612587506022
1 382.56834125 382.676214591618
1 382.89337825 409.26822411987
1 383.57509825 785.827594390958
1 384.015193000001 393.360943491254
1 384.019910499997 391.917623365095
1 385.485081249999 612.441725632712
1 385.9054285 431.524726747914
1 386.175062500001 392.356638832859
1 386.72307425 419.35507108975
1 387.127068249999 664.537326050244
1 387.983526249996 556.36449441272
1 390.401517250002 639.845382589455
1 390.516018500003 405.292027428829
1 391.170708999999 723.168196485098
1 392.105452250002 441.756676207256
1 393.301502499998 735.645033268341
1 393.52745525 394.426253869722
1 393.718627250001 406.213203431478
1 393.740896499999 573.61738692022
1 394.155016999999 404.717594437184
1 396.273385250001 401.885540739427
1 397.321101250002 765.699254908952
1 397.884542500001 408.644516309834
1 397.981530249999 427.001473203381
1 398.049476499998 410.320374669449
1 400.395780000002 425.445925900026
1 401.244524500003 590.590339024252
1 401.661723250003 444.041679417294
1 401.831669000003 405.678624224234
1 403.034746250002 488.461006822714
1 403.270096 421.048725271334
1 403.279853 428.440746151003
1 403.836013249997 439.069514351946
1 405.892388250001 422.958854792428
1 406.115921250001 407.051006707875
1 407.222032499998 529.345830488836
1 408.567736250001 410.61709121756
1 409.101792499997 432.820685110757
1 410.120016500001 427.267082146426
1 410.483116249997 565.368878499187
1 410.873052500003 419.599885016285
1 413.1295225 818.886988577824
1 413.535406250001 420.587447652635
1 413.931162500002 486.252422681305
1 414.379684249999 421.60609751121
1 415.0390625 415.272498802947
1 416.371529250002 661.076937875535
1 419.593950250002 455.28397568152
1 419.638036250001 425.443119154613
1 419.863554499998 434.795840860602
1 420.445610000001 509.913790656174
1 420.56496925 442.406236702865
1 420.902065 423.987619244413
1 422.071000249999 422.091330042625
1 422.467274000004 754.387312099473
1 422.963204499999 428.675002600523
1 423.588216499997 493.640362814194
1 423.694864000001 429.50742396575
1 423.714741250001 463.254860745234
1 424.213135999998 438.278332644229
1 424.230860500001 455.787611998057
1 424.875281000002 429.143194661203
1 425.66598425 454.214528613112
1 425.806321250003 482.992979249443
1 426.55080925 445.10361418977
1 426.968282250001 464.244399152027
1 428.718214250001 451.559125655996
1 429.890168250003 438.727015828273
1 429.948477250001 442.977683427665
1 430.580899999998 478.402142856505
1 431.278675999999 486.158265357475
1 431.402105000001 452.497133864195
1 431.689411250001 667.72818235931
1 432.63882 470.679335003452
1 432.998008999996 444.239507355963
1 434.551981249993 563.64384619409
1 435.617342499998 460.210605256936
1 437.146186250001 561.83292060886
1 437.423064499999 549.628861789182
1 437.433564999999 467.804818626046
1 437.823944000002 477.465158554433
1 438.467159250001 438.493770646844
1 438.80198125 557.402856585518
1 438.840953999999 506.389757243481
1 438.893878250002 447.044366252326
1 439.542700999999 626.263144535972
1 439.667292500002 443.259514690191
1 440.594320999997 442.055549786885
1 442.915983249999 537.128469577178
1 444.220520499998 604.638007187194
1 444.462992499999 452.994578041282
1 444.559093250001 484.025630062382
1 444.718082249998 546.976259044189
1 444.845308499998 448.521614472042
1 446.625673249996 458.495296501882
1 446.945612499999 455.248042953993
1 448.07773525 450.386329195637
1 450.687824000001 562.036402200272
1 451.909953999999 582.503169569958
1 451.957936999999 460.740377218411
1 452.163853 453.301254269837
1 452.768385250003 460.113248822048
1 452.93463925 455.522387523948
1 453.098798500001 472.835958047833
1 453.993160000002 455.753563469589
1 456.168436249999 475.837063916657
1 456.682681999997 661.653241196282
1 456.782368250001 478.427078537105
1 456.892405249998 481.455991021554
1 458.210041249996 469.601498201621
1 460.348975250001 723.093537170787
1 462.730908999999 467.799506882652
1 463.504362499999 519.586083690586
1 466.615501249999 491.071967672025
1 468.094272500001 468.363172032521
1 469.139278500001 510.792511635729
1 469.561411250001 476.145198985323
1 470.047004999999 484.417138940457
1 470.208582500004 542.68884766343
1 470.392491250002 692.508674582412
1 473.354931249998 477.516697736429
1 473.663674249998 479.177951935204
1 473.83050125 504.338062186253
1 474.684923250001 690.684410898035
1 475.720105250001 517.946222804584
1 479.329872500001 579.649550538517
1 479.7677285 681.463008463869
1 480.501293000004 499.992046620643
1 480.957846250001 483.464292984306
1 482.099793249997 584.082832686326
1 482.3269205 767.550027941916
1 483.901155250001 520.056943163031
1 487.899940249999 528.466190845472
1 488.048814499998 503.628208418878
1 490.418061250003 615.042415044155
1 490.437714250004 803.902874638383
1 492.5729525 915.273366244763
1 493.061413000001 548.686016984399
1 495.057894250002 558.985160141745
1 496.596626500001 572.265970967007
1 497.280906249999 1277.51851124324
1 497.424339250004 510.411571620192
1 497.700234249997 590.223876214652
1 499.207601250001 538.433906445064
1 499.871245000003 499.940797957534
1 502.084561249996 849.006273258429
1 502.537530499999 508.382298887839
1 506.065609999997 575.478647622208
1 508.97523625 537.5310639063
1 509.139453249998 524.454834363152
1 510.868131249998 583.108931621231
1 513.248506249999 678.627078676833
1 515.541188000002 516.655644827817
1 516.233140250003 518.746577496533
1 516.4775345 569.255586170326
1 516.885494499997 559.682853496301
1 517.1479205 539.639373072034
1 517.947423999999 530.227656642369
1 518.017512500001 562.605683416021
1 518.160031250001 685.545755216575
1 519.014734249999 530.726393255004
1 519.275595250001 543.358224424542
1 520.913733249998 545.372110978625
1 522.355810249999 528.492819990376
1 523.695987999999 543.808697799118
1 527.911820499998 548.626373429011
1 528.319292499999 679.223354682072
1 528.365460500002 618.216382058067
1 529.38216125 533.411414609212
1 529.910826250003 548.796542524946
1 530.064836500003 770.46975681108
1 530.834154499999 544.821945910761
1 531.048600999999 533.686047692924
1 532.2570385 532.257407049153
1 532.681557250003 626.225882612217
1 534.44411225 573.721423167418
1 535.367675250003 551.651810311103
1 539.262770000001 559.754850523204
1 539.425412500001 581.042539704965
1 539.453595250001 556.429379884502
1 539.756292499999 579.373371183739
1 541.071852499999 761.881136283071
1 542.27582125 554.713310090858
1 542.490845 554.860155374877
1 542.739602500002 846.763964995439
1 544.088898000001 844.457400772489
1 544.660705 544.789500348576
1 544.81462625 570.724215911227
1 544.958859249994 850.972700190517
1 546.686968249999 557.068640881662
1 547.407739250002 549.364107655552
1 547.909457 553.853920348263
1 550.495619999999 556.540516074923
1 552.654974500001 817.754972277193
1 555.122833250003 559.339686257628
1 555.823652500001 872.285051100258
1 557.158575250001 574.235430530508
1 558.175647999998 942.79400373858
1 558.951108500001 604.228239526749
1 560.262076249998 581.889816757186
1 560.512179999999 581.382785121555
1 562.835991250001 568.822057670924
1 564.258085 601.963470159989
1 564.846872500003 584.829840057723
1 564.987762500001 705.805396209171
1 566.659472000001 628.634408319136
1 567.984118499998 708.098425977676
1 568.913321000001 572.34957118304
1 570.254510249997 651.41719542233
1 571.651224249999 572.54962563844
1 572.364388000002 587.691051916456
1 576.705429249999 750.599901936742
1 577.580716250001 631.391976969417
1 579.25983725 580.591987699091
1 584.878518499995 632.474860341885
1 591.733515250003 677.436439102758
1 594.787057 629.860364415322
1 601.305709249998 640.912498970025
1 603.863978000002 603.864388998204
1 604.149757000002 604.246010791013
1 608.310238500003 626.818375859735
1 611.092071249998 612.280725429731
1 611.941700000002 612.356539381834
1 618.60126925 676.663728248732
1 618.781356250002 620.65278279829
1 619.671912249999 834.008792709635
1 624.544245000001 770.673329815858
1 626.487012499999 639.292411995751
1 627.338594500001 642.051130820199
1 628.68006325 965.871115966302
1 629.56844425 743.435798702699
1 635.781164499992 704.488089963245
1 641.569555249999 651.80281109087
1 649.93231225 650.747880389405
1 652.650069249998 683.750360186223
1 652.9628705 695.603792498314
1 660.997788249997 674.72060087529
1 661.015950249999 661.143756841825
1 663.860520000005 676.632529796656
1 665.801984000001 697.307814714445
1 667.210936999996 715.732311411955
1 672.857881 673.917968141918
1 675.642634250001 675.991081128015
1 676.487821249997 697.432764505791
1 681.302186500004 683.406558645966
1 682.887984499998 683.406985466471
1 686.799084500001 697.234978542264
1 688.352724250004 704.086680136269
1 689.855822500006 689.861832530107
1 694.769702499999 696.42489258365
1 700.386445250001 736.582639612812
1 704.629512500003 751.291363188463
1 709.486842499999 725.953404093206
1 747.820651249999 976.988929365154
1 750.95619125 765.809906641027
1 762.6128065 763.728286687697
1 764.523822499998 764.609779736135
1 766.792046499998 1049.20599052604
1 781.909816499999 789.312862752847
1 783.334456999997 793.625472078993
1 806.692776249997 818.435255597828
1 821.249390250005 831.321277070115
1 828.663891250002 970.947718979948
1 833.459031250003 870.792522820169
1 839.294094249994 960.354189771919
1 844.334574250006 846.281807673221
1 845.21584625 848.128470493905
1 887.826150250006 889.338918878764
1 895.646353000001 902.347677121621
1 914.217644499999 948.033024188199
1 928.320659999997 941.692746364091
1 943.066304499993 948.416632640133
1 965.96579425 1002.31811779967
1 1067.73653125 1068.60257605649
1 1195.29605 1200.82082072417
