0 0 Inf
0 0 371.994812999999
0 0 242.308777000001
0 0 402.091735249999
0 0 429.053199999999
0 0 217.36469
0 0 389.581005250002
0 0 409.497296000002
0 0 293.790206499998
0 0 303.491092500001
0 0 311.504224999999
0 0 288.921892250001
0 0 396.674061249999
0 0 346.901236999999
0 0 292.231191250003
0 0 338.934192499998
0 0 384.827588999997
0 0 340.587562250002
0 0 176.91613825
0 0 334.931914
0 0 336.5025725
0 0 312.181762
0 0 325.860984249999
0 0 423.4012445
0 0 373.631247249999
0 0 236.36077
0 0 275.753410250001
0 0 390.184686249999
0 0 324.068592250001
0 0 161.30147125
0 0 297.834164000003
0 0 291.48418
0 0 394.948336249999
0 0 271.468521249999
0 0 238.0414045
0 0 202.461626250001
0 0 395.598516999999
0 0 136.07113225
0 0 269.856794499999
0 0 461.952999999997
0 0 378.668396250001
0 0 268.499891250001
0 0 318.24473125
0 0 441.01885
0 0 384.939680499998
0 0 340.57558825
0 0 165.300491250001
0 0 426.362861250003
0 0 242.633045250001
0 0 238.923349249999
0 0 375.389041250002
0 0 266.233944499998
0 0 384.157743250002
0 0 181.080313
0 0 347.638650499998
0 0 177.710151249999
0 0 224.843427999999
0 0 221.028802250002
0 0 207.74236825
0 0 214.375972500003
0 0 135.6798805
0 0 412.008997
0 0 471.190952250004
0 0 302.392267249998
0 0 309.579390249999
0 0 289.709729
0 0 188.733420249999
0 0 402.159865999999
0 0 473.597751250001
0 0 162.532914249999
0 0 230.851354
0 0 216.577626499999
0 0 377.071685000002
0 0 408.17265625
0 0 248.901703250001
0 0 372.288169249998
0 0 257.854254500001
0 0 201.046644499999
0 0 357.688242500004
0 0 384.16444625
0 0 111.437665
0 0 233.185324999998
0 0 363.879682
0 0 459.586419999997
0 0 348.627061
0 0 386.850790250001
0 0 321.786729999999
0 0 345.952804000004
0 0 290.02352625
0 0 276.895460250003
0 0 295.002625
0 0 341.734056249999
0 0 257.107857250001
0 0 433.171018249998
0 0 206.310456250001
0 0 231.978351250001
0 0 268.263090499999
0 0 435.526446500002
0 0 264.649505000001
0 0 202.56645125
0 0 294.171790250001
0 0 155.616426499999
0 0 229.8428425
0 0 248.584198250001
0 0 465.144660499998
0 0 270.610066250001
0 0 366.490364499998
0 0 230.1812185
0 0 238.75485625
0 0 312.53122225
0 0 382.046045
0 0 510.658256000001
0 0 309.505737250001
0 0 297.707692500001
0 0 515.07994625
0 0 321.315509000002
0 0 206.392784
0 0 190.654661250002
0 0 200.083226499998
0 0 145.240244999999
0 0 233.323049
0 0 317.123055250001
0 0 332.892178
0 0 161.3396725
0 0 270.890696499998
0 0 167.87589425
0 0 234.440921250001
0 0 352.985922249999
0 0 338.468130499998
0 0 351.475896500001
0 0 301.474385
0 0 343.645420500003
0 0 330.547857250001
0 0 319.7299885
0 0 199.247017
0 0 181.59164825
0 0 271.039017249999
0 0 193.649151999999
0 0 211.438367999999
0 0 342.947477
0 0 404.943438249999
0 0 255.20148625
0 0 422.440572500001
0 0 192.782456499997
0 0 181.6366445
0 0 561.290640500002
0 0 358.28428525
0 0 260.167669000001
0 0 158.347177
0 0 268.73202025
0 0 334.452697250003
0 0 418.967118249995
0 0 400.852201250002
0 0 336.918964
0 0 317.265488499998
0 0 142.74818225
0 0 377.196867249996
0 0 268.838525
0 0 142.467082000002
0 0 405.999901249998
0 0 198.272906
0 0 254.049644500001
0 0 298.81112725
0 0 288.766746000001
0 0 318.042676249999
0 0 179.7663425
0 0 430.541209249997
0 0 293.0469625
0 0 396.140981000002
0 0 364.648682500002
0 0 158.906899999999
0 0 372.397298500002
0 0 376.88102125
0 0 380.93813225
0 0 286.991751249999
0 0 230.593696999999
0 0 220.371581
0 0 303.47216225
0 0 343.120807250001
0 0 274.986125
0 0 413.062531249998
0 0 290.062406249999
0 0 144.220712
0 0 152.148649
0 0 176.29535725
0 0 297.212753
0 0 255.14193625
0 0 178.064185
0 0 337.592908250004
0 0 241.993699999998
0 0 361.094861249998
0 0 280.81550925
0 0 286.513214500001
0 0 219.559846250001
0 0 299.73604
0 0 300.926866499998
0 0 563.042161000002
0 0 533.945341250002
0 0 350.132058249999
0 0 238.213513
0 0 217.88601125
0 0 197.949699999999
0 0 512.084614499997
0 0 321.378124249997
0 0 221.844704500001
0 0 228.82406625
0 0 234.592100499999
0 0 131.475298
0 0 245.648311250001
0 0 347.029311250001
0 0 128.00803825
0 0 311.355099249999
0 0 124.981345
0 0 404.250013249999
0 0 376.0545025
0 0 291.00714625
0 0 336.901006249999
0 0 276.34131725
0 0 353.77505325
0 0 244.035988999999
0 0 236.740846249999
0 0 309.353431249999
0 0 412.523766500001
0 0 209.534821000001
0 0 304.632085
0 0 334.213704500002
0 0 197.1665525
0 0 159.44946725
0 0 438.823996249997
0 0 336.380123249999
0 0 256.900007250001
0 0 224.97582025
0 0 141.49599425
0 0 105.083989
0 0 232.063776249999
0 0 310.010582499999
0 0 235.732212500001
0 0 334.6012645
0 0 334.08853325
0 0 505.269769999998
0 0 208.354514
0 0 288.229844499999
0 0 274.021342250002
0 0 237.593466250001
0 0 281.477090249999
0 0 294.457440250002
0 0 305.76771025
0 0 251.61419725
0 0 244.961950250002
0 0 205.012901250001
0 0 301.287696249999
0 0 513.07167425
0 0 459.501294250002
0 0 339.103671249997
0 0 411.959105
0 0 306.249966249998
0 0 766.840264999997
0 0 291.1115205
0 0 160.439445
0 0 433.6374545
0 0 683.478478250001
0 0 296.6161525
0 0 427.9118045
0 0 229.409049999997
0 0 339.12140825
0 0 288.184957000002
0 0 295.43844625
0 0 289.24158125
0 0 336.26631725
0 0 232.807164250001
0 0 247.440106
0 0 384.27436625
0 0 430.398280000003
0 0 154.25985625
0 0 762.387925
0 0 481.432396249999
0 0 500.108054499999
0 0 262.64861325
0 0 299.6201965
0 0 716.857617999997
0 0 222.26768425
0 0 285.388956249999
0 0 157.648825
0 0 106.4960465
0 0 169.663606250001
0 0 328.724295249999
0 0 188.46928225
0 0 446.527340499997
0 0 614.716706250002
0 0 195.978522499999
0 0 153.43593325
0 0 288.139470249999
0 0 441.513873249996
0 0 385.264183249999
0 0 218.614122249999
0 0 283.22763625
0 0 215.123085
0 0 257.6460625
0 0 446.588389249997
0 0 394.737505
0 0 349.365634249999
0 0 358.262224999996
0 0 122.434792
0 0 261.82923125
0 0 149.012685000001
0 0 372.026924999998
0 0 279.38171125
0 0 248.680440499999
0 0 205.61337625
0 0 416.8837
0 0 281.39791325
0 0 184.1807945
0 0 169.22315125
0 0 316.41167125
0 0 193.353245000001
0 0 342.785482249998
0 0 297.6527025
0 0 365.03286125
0 0 497.087248500001
0 0 383.37313225
0 0 1314.243045
0 0 352.1646985
0 0 144.60204025
0 0 395.260139250001
0 0 515.760626
0 0 319.7546325
0 0 332.364881250001
0 0 248.98895125
0 0 199.364744500001
0 0 190.837678499999
0 0 183.45744925
0 0 183.92946125
0 0 605.669706250001
0 0 269.101625
0 0 429.775504999998
0 0 295.111564999997
0 0 237.288684999999
0 0 692.88996125
0 0 317.395179250001
0 0 244.924465250002
0 0 879.684525249996
0 0 407.75572825
0 0 196.84308625
0 0 235.203852999999
0 0 300.774048999998
0 0 509.969643250001
0 0 586.567010000002
0 0 190.228380249999
0 0 186.3783025
0 0 324.450520999998
0 0 624.438865000006
0 0 406.32844325
0 0 244.043881250001
0 0 393.179914250001
0 0 219.253614499999
0 0 316.251076000001
0 0 636.208712499995
0 0 156.543195249999
0 0 318.8197985
0 0 201.054013
0 0 277.97652
0 0 485.120673250001
0 0 245.069292249999
0 0 307.204828250003
0 0 309.516785000001
0 0 205.430977000002
0 0 553.0031425
0 0 241.87504625
0 0 277.45076925
0 0 768.617723249997
0 0 316.8186085
0 0 960.643482499999
0 0 754.464085250005
0 0 172.177448500001
0 0 336.37282025
0 0 249.058548
0 0 197.920500500001
0 0 451.3553225
0 0 454.720432999996
0 0 395.916560999999
0 0 304.23026525
0 0 221.37141325
0 0 391.370839249998
0 0 314.634258250001
0 0 290.129871249999
0 0 168.67966025
0 0 187.976376249999
0 0 319.083942500002
0 0 247.48745625
0 0 308.907276249999
0 0 272.4020325
0 0 281.438874249999
0 0 236.4266845
0 0 223.38607625
0 0 181.59850925
0 0 324.555977
0 0 348.783425
0 0 317.16345125
0 0 291.496133000004
0 0 795.430950250001
1 206.047816 313.548170577451
1 235.0351105 272.510717582733
1 243.788769249997 267.325756817057
1 244.524905999999 411.866503461437
1 258.108955250002 312.987864347212
1 259.8240825 314.084174257963
1 266.536089 289.179953333265
1 269.307385999999 330.409288233889
1 277.971699999998 441.621523222372
1 279.54780625 279.631449764443
1 283.232225249999 297.76686241769
1 285.164196250001 757.729387109463
1 285.473341249999 598.49889844142
1 291.950809000001 628.581657389961
1 292.00964125 333.375619694483
1 296.618894500001 610.140085223691
1 297.388040500001 340.676547102322
1 299.927533250001 333.654876584514
1 300.238514000001 358.946994886866
1 300.95652625 512.074070546586
1 302.372936999999 387.377345817441
1 303.525965 725.950544452943
1 305.144044250001 310.659731289346
1 311.024206249999 340.160059016915
1 315.704466250001 317.427381549847
1 315.765260500001 392.599304644509
1 316.24764725 375.15164113149
1 316.2952885 328.153017246703
1 319.30858125 675.157482612987
1 319.93035625 336.311965177153
1 321.10471125 812.327396208623
1 323.553168249999 564.52514557529
1 325.86720125 501.455812654707
1 327.748865 405.452778367482
1 329.44359725 356.622666463676
1 329.701914250001 707.641986640108
1 334.807324999999 604.830089707669
1 334.865246500001 856.894820553807
1 336.219009250001 361.150220268841
1 338.353230499999 686.646091379806
1 339.91238725 489.722553173165
1 341.892317000001 793.263529378168
1 343.761972499999 499.659898976206
1 343.962090249999 650.046952923655
1 344.094361249997 348.892206895347
1 349.057998249997 736.091111703986
1 350.122394249998 406.631627662811
1 350.548113249999 429.549533859716
1 351.78291125 433.341407236014
1 352.651653 429.691637045636
1 353.09484025 500.32301211364
1 354.009950500001 603.987346230987
1 354.19538525 425.601353582508
1 355.05818125 541.579696578322
1 355.962132499999 423.198555593814
1 356.80137925 586.991181311731
1 357.033361249999 453.742810974518
1 357.608320999998 704.975960514521
1 359.14621025 820.34609919732
1 359.81257 393.158922428624
1 359.89465025 567.470204177096
1 359.983209999997 623.71881826623
1 361.270101250003 758.277138771322
1 361.588678250001 602.372222200287
1 362.319447249999 593.737955248348
1 363.441406500001 467.114873719648
1 363.943759999999 384.761855803781
1 364.121610250001 928.35015460359
1 364.583283249999 432.187164908239
1 364.8076925 606.901266410661
1 365.874447249999 446.540854899397
1 365.931197000001 416.813107338765
1 368.1125825 549.03958990332
1 368.8726765 396.774448919116
1 369.994100500001 670.875157618751
1 370.00108225 471.406395213888
1 373.295132999999 411.845852747227
1 373.410541249998 651.685878939243
1 374.177712500002 388.49707195737
1 374.85627625 713.571678720772
1 375.261830499997 488.237690661618
1 375.557571249999 528.361249580832
1 375.813678499999 576.294110088949
1 376.212125249999 377.141548829192
1 377.038038499996 380.102651125963
1 379.676550500002 548.372526503711
1 379.899831249999 700.831437753966
1 380.47613 406.451990971156
1 380.649012499999 386.222392827092
1 381.211065000001 400.61445701094
1 382.12751725 618.06523982731
1 382.148371999998 438.678158590483
1 382.347252500002 412.636979285945
1 382.500339999999 609.246600832234
1 383.065692250001 486.915680056559
1 385.161201 510.573382065847
1 386.233689250001 625.288883190014
1 386.41601125 396.510229363135
1 386.794306000002 556.933145555717
1 388.884186499999 872.369753950185
1 390.79347625 803.192372142207
1 391.483537249999 400.423613843023
1 392.306607250001 546.013472271657
1 392.459405 457.174333627607
1 392.515384999998 480.05234671607
1 393.61406825 420.116209543531
1 394.199095249999 454.38402076001
1 394.357960000002 487.096173058059
1 394.41266225 414.043344594031
1 394.48777 445.076349132189
1 395.775550250001 941.877963014593
1 398.717905000003 679.38203152139
1 399.372924249999 430.318201430708
1 399.684784499999 439.739117095024
1 400.222177 407.45457925991
1 400.4935225 448.904447849092
1 400.729350499998 488.795061212716
1 400.823018000001 690.944444287721
1 402.415322500001 637.419559126222
1 403.851568250001 403.851607302395
1 403.91334625 803.778687843342
1 404.561928249999 576.889445202451
1 405.438437000001 544.786336421141
1 405.60128725 746.409841418683
1 406.849419249999 597.400436174966
1 407.378896 478.253984306776
1 407.5296065 500.949224311722
1 407.760766249996 1156.35075337383
1 408.95566625 458.895879329977
1 409.282047249999 585.146180670742
1 409.67091425 445.311340672818
1 410.100291249997 429.566199498901
1 410.1073225 678.29247321651
1 410.39487925 582.786914375491
1 411.7315085 510.019793436999
1 413.480034500001 427.923572157018
1 414.73533625 416.654085094789
1 415.790740000001 448.80463022175
1 416.797391250002 454.865497380187
1 417.10754125 675.041994736842
1 418.016730499998 587.829820445347
1 418.209017 887.925867025893
1 419.427081249999 513.958258033816
1 419.55270325 467.802541664931
1 419.742930249997 1117.25409500692
1 419.919300999999 514.254109849244
1 420.042406499999 502.155976287437
1 420.0522925 440.82936544497
1 420.231972250002 723.101831431278
1 420.318601 595.368807120445
1 421.103190250001 618.110071976575
1 421.425982249999 490.532218300046
1 425.839682499999 458.000681273702
1 426.081781250001 512.353992842184
1 427.45876425 787.712018811258
1 427.969454499998 522.366319540913
1 427.971748999999 467.737424911958
1 428.20911625 460.494535196479
1 428.455802000001 737.866268399789
1 428.623315249999 565.714631306749
1 428.671252249999 536.921066962272
1 429.29188825 499.040337228449
1 429.603525000003 715.18677590524
1 429.686276499997 968.861188240622
1 429.79801625 502.952154047447
1 430.04851625 881.176237992775
1 430.268805249999 461.688525974955
1 430.849584500003 461.122723679897
1 430.856245000001 508.037920858224
1 431.125885 542.279252353908
1 431.27789225 842.624964345213
1 431.827927250001 671.246830274262
1 432.005812249999 439.048568215466
1 432.070270250004 881.666553751416
1 432.145090249999 680.784064590087
1 432.26789 432.268720658267
1 432.807452499999 530.197799368
1 433.6954205 751.294617943593
1 434.523456999997 461.400046854967
1 434.53324525 454.098302690426
1 434.594964999999 594.04574399382
1 435.307599250002 487.986035306717
1 436.24786325 820.268849745771
1 437.07979625 454.172539621901
1 437.232605 441.201402482006
1 437.636093 849.106760605316
1 438.300534499999 469.891366998556
1 439.904824999999 563.629085105996
1 440.258598250002 464.915870281062
1 440.540309249999 453.705395874126
1 441.20174625 738.267623318372
1 441.481536249999 474.672977114612
1 441.509051249998 650.700484009171
1 442.663068249999 476.721046928912
1 443.068877249999 685.981353564408
1 443.520498249999 518.77145888559
1 443.68327125 849.489754389075
1 443.833644999998 477.284503594336
1 445.374145000001 571.625050426903
1 445.387407249999 597.187771416252
1 445.469692999998 671.370631506051
1 446.091738500002 501.200001412476
1 447.707186000001 558.470884321109
1 450.244534500002 519.174106898602
1 451.240371250002 1385.01734974973
1 451.456478499999 508.002222268981
1 451.887592000001 831.64629153647
1 452.895750250001 823.235358409839
1 454.228163999995 485.260693610595
1 454.613401999997 895.966159494067
1 455.467450250001 620.370767288081
1 455.810945 477.416198328826
1 456.434665000001 918.884405646953
1 457.013353000001 473.581378763812
1 457.732794500001 489.103970487151
1 458.21670425 476.712427837648
1 458.712085 493.065323454706
1 459.488122000002 464.149072820197
1 459.896922250004 592.660029181812
1 460.140901249999 518.922567604222
1 460.409776249998 682.129555934135
1 460.552994499999 494.36829370036
1 461.97487825 482.529202764874
1 463.07114325 733.304414844496
1 463.600152999999 528.181755366811
1 464.624710249999 878.625882935721
1 466.29713 860.409878334976
1 466.61498 681.356319378879
1 468.519222249999 777.833741959098
1 468.569620250002 532.261690185263
1 468.665354249998 876.996091946614
1 470.27656 725.871811318376
1 472.936290499999 494.486560660028
1 472.969711249998 587.718108471107
1 473.830116250001 475.95394678163
1 474.99287225 564.11707735296
1 475.163186000002 524.960736202802
1 475.56350725 1049.02553570053
1 476.048954000001 514.658941064618
1 476.153608500005 521.244069493707
1 476.156722 589.200179146578
1 478.02440725 797.764433254216
1 479.042292499998 580.687381283449
1 482.927566499999 612.259925747424
1 483.079788249999 484.844817015777
1 483.274680250001 684.248979802397
1 484.35020425 500.522893237784
1 485.07681325 726.149328524055
1 485.904593 488.654364251657
1 487.851992500001 494.642250524743
1 488.391886249999 610.602268159909
1 488.8415965 511.229298369674
1 489.714456250001 564.78164529723
1 489.837028 684.349068856828
1 490.224134499999 677.618540719812
1 490.820005000002 643.027105762307
1 490.83281 535.078813503718
1 491.1939405 537.237415995694
1 492.988092999999 654.497945537279
1 493.979336 494.235895786611
1 494.3323925 771.537007268344
1 494.805434499999 522.931235299613
1 495.068922499997 603.019379414489
1 495.286980249999 522.225834582778
1 495.62406725 555.053622560563
1 497.62163125 497.742908416112
1 497.970141250001 532.28242722011
1 499.000514499998 680.597911328776
1 499.039531249999 578.486763608133
1 501.700423250001 552.767466340085
1 502.283336 544.814364310425
1 502.30246025 535.309182743046
1 505.06570825 653.107020646394
1 505.526988999999 511.591717122694
1 506.142666250001 661.792613984621
1 510.713690500001 557.028375422095
1 511.437136249999 884.44262234086
1 512.070925249997 525.064532756441
1 512.166631249999 562.022194908169
1 513.262364499998 544.173639113903
1 513.437341 515.255479826148
1 513.445480999998 608.077017283002
1 514.204494499999 514.442032357577
1 514.213450000002 786.392809600729
1 514.673022250001 558.546243995356
1 515.295091999997 1236.29535679305
1 516.672195999999 671.158333411908
1 517.495511249998 745.620931707786
1 517.964861000003 730.733927459714
1 518.31342225 852.525140447705
1 518.750532499999 1084.51703352718
1 520.329699250002 828.141893086566
1 520.36058825 520.536162062747
1 522.328006250002 637.338546457603
1 522.841033999999 525.686034016481
1 523.005128 524.555302848331
1 524.439477000002 1086.69442987952
1 524.746518500002 977.086153958811
1 526.38788 636.931809505775
1 527.406321249999 634.314941417635
1 527.65695725 992.346186187666
1 527.793461 559.158478031302
1 528.545121249999 794.285285410692
1 530.239385250001 619.898991247933
1 530.63922425 590.718750062797
1 530.891299249999 677.674880506748
1 531.429866500001 534.300117662323
1 531.816524999999 559.119401671324
1 531.857412000001 839.107573122532
1 533.214130250004 553.885774193466
1 533.326408000003 1338.47329371949
1 534.23368 585.089285047002
1 535.078272500001 578.338827351499
1 535.90038125 662.331032247918
1 535.970582500001 653.753188639664
1 536.050388249997 750.611305267692
1 536.380214499997 795.473119642649
1 536.592452499999 541.608381773859
1 536.598120500001 596.786900332857
1 538.5213125 651.872943017504
1 538.534512499999 547.300559849253
1 538.887016 557.30460274784
1 539.256963249999 689.663685642742
1 539.942706500001 541.900738140126
1 542.19644825 592.287645311652
1 542.740572999998 548.247491238335
1 543.487983250001 549.856317939482
1 544.03705 544.085518098898
1 544.486419250001 614.3505334141
1 545.69553625 627.398525682463
1 546.220182249999 678.870667137954
1 546.331755249999 562.395143095953
1 546.6109025 557.982178017704
1 546.799254500002 588.653126722783
1 548.842521250003 565.082101357853
1 548.866104999999 581.241082923901
1 548.947998250001 634.075922223035
1 549.779146250002 574.179029729428
1 550.171648 573.821828668938
1 550.543842000001 603.635059302193
1 551.791829 912.050137717705
1 551.794806499999 618.629388048514
1 552.34391525 656.349709622112
1 553.3262165 627.468119573778
1 554.13859225 729.277087201034
1 554.778452000005 764.410268123211
1 554.970382250001 747.709052230797
1 558.15560125 609.148505383386
1 558.3975525 718.159906101033
1 558.653326249998 562.365778359656
1 559.07446825 596.470389982639
1 559.675154249999 604.79574807681
1 560.778644 563.450398918935
1 560.84092325 599.223656401089
1 562.757506000002 618.023597468811
1 563.496792500001 563.953647603478
1 563.948545 570.022228232781
1 564.30975625 583.706039793228
1 569.647766500001 697.78265464603
1 570.771097250003 653.297763018633
1 571.509541000001 612.457428540458
1 572.591720000001 585.713981399169
1 572.641006499998 662.583313200291
1 572.772125000001 573.348066072879
1 573.500810000004 602.590012048819
1 575.554441999997 806.273014750611
1 576.16162325 692.010276477722
1 577.223821 671.611991135962
1 577.894437249998 717.843257343076
1 580.171761250002 619.328733856847
1 582.647336 651.591095949588
1 583.037858 607.118577874668
1 587.363556249999 677.064022087469
1 588.8244825 944.981534405325
1 590.081844499998 595.301532161508
1 590.532385000002 607.904606020905
1 591.837757250002 767.814252239773
1 594.629313999996 1308.43114889208
1 594.860334500003 634.442478500926
1 595.531950250002 597.187944350975
1 595.5503825 644.322248419985
1 596.693952499998 607.88130948015
1 597.267621249999 617.228172297472
1 597.7601065 1027.52218355681
1 598.6326625 606.799605285221
1 599.670372500001 819.038490057049
1 599.7205625 655.287263005489
1 599.762286500001 720.792575869266
1 600.254659250004 718.60987431686
1 603.0933505 928.050839257827
1 603.105640249999 967.468403625663
1 606.852842 619.342098714186
1 606.982024250002 666.700259232584
1 607.159759999998 636.064292985656
1 609.970234000002 1256.04118446504
1 611.496006249998 646.683102909046
1 611.6336245 628.172880051257
1 612.345826249998 648.05191089563
1 614.1896045 647.538085867652
1 615.33200525 625.202999365917
1 617.044249249998 681.041103255179
1 617.542201999999 617.695906565632
1 618.91754425 668.824502038545
1 619.202419250001 627.656745875421
1 619.891803249997 643.862431768266
1 621.270345249997 715.73944065008
1 621.650541249995 691.823451152189
1 622.454848999997 800.997428532088
1 624.204889999998 671.903931162522
1 625.004940500001 637.114342833869
1 626.290978500003 642.991787915395
1 626.779621000001 897.580877616578
1 627.167237000003 668.273809664377
1 629.544262499999 801.898964396651
1 629.914244 712.054100793172
1 630.208861250003 630.214975092603
1 630.726853 645.968817900361
1 632.191869250006 645.255721112146
1 633.888216250004 641.366787058603
1 634.11837125 905.043600982681
1 634.625331249994 662.228372441974
1 634.810411249998 649.68580054256
1 636.06340625 673.45951949488
1 636.22886825 648.917934430251
1 636.421034499999 645.855963545621
1 637.259432500004 678.962324369122
1 639.816249999998 681.582344292823
1 640.966579249999 711.743297723591
1 642.701110499998 644.867246579207
1 645.345470249996 659.178612452573
1 648.98621 708.6102168696
1 649.0711525 767.470000082871
1 649.211628500002 659.474430495746
1 650.323291249999 660.077899728486
1 654.380810000001 689.715343143553
1 660.0552205 691.177639798416
1 661.358131249997 662.198267443945
1 663.072638500002 773.689083928238
1 664.077188000002 756.405930077491
1 664.140040250002 695.318241896108
1 665.054197250003 694.914460548536
1 665.562458499997 683.357657380999
1 666.165676249997 724.18055065595
1 667.749391250001 690.745864087003
1 669.741800499999 670.169207158626
1 670.4584225 709.567957023141
1 671.259433000001 705.3161504241
1 672.664195250002 1323.20109723147
1 673.415845000003 1428.35778170792
1 674.904854500002 721.224726423446
1 676.720797249999 718.630369829375
1 677.344826 695.907943323145
1 678.291060250001 765.069473583624
1 683.6465025 700.462994529607
1 684.259081999999 762.677920066937
1 685.714358500001 703.240892814056
1 686.995443999999 687.304882203358
1 688.215378500001 697.920790679987
1 689.086516500002 689.186330241283
1 690.250432250002 701.303644387124
1 694.370305249999 781.312026368978
1 695.000901250001 848.955252456794
1 695.886392500001 768.88843579852
1 697.445684 702.914806671884
1 699.950253250003 784.888142206817
1 700.756345 756.836651827961
1 701.681646249999 761.700820506171
1 701.921691250002 704.59110235243
1 705.381618499998 708.256945839227
1 705.433405000004 727.22611640706
1 706.365740250004 709.772325827836
1 710.853642500002 1556.7771588117
1 711.420907250004 723.996790365201
1 714.959362000001 717.570663639329
1 715.803185250001 727.900673555329
1 716.051249999999 729.705972639457
1 718.442661250002 742.104701709257
1 721.181050000002 1137.8096558063
1 721.377231250002 885.729068884512
1 721.947341249999 789.84620577699
1 724.390268499999 727.404125753147
1 726.798636249999 743.443776823856
1 727.066970499997 730.352708962865
1 728.299300499998 828.966697464289
1 730.550073249996 858.071455983209
1 730.77568425 858.022600127274
1 734.380313000001 786.497502692592
1 739.975714249997 740.945765788451
1 742.265638249999 1243.68571012055
1 744.560532500003 850.745106108982
1 747.6155525 756.830909417843
1 748.02774325 1511.75487757789
1 748.777837000002 753.845565485012
1 750.900132999998 823.441471733824
1 752.374033999999 763.087139631876
1 754.479270500005 862.977217461866
1 756.704570000001 756.914250740345
1 759.2814805 774.132570845777
1 761.871542499999 784.471934127811
1 763.299350500008 843.871110214135
1 768.737310499999 773.953394893866
1 771.11781625 992.31703774735
1 773.387919999995 915.481020650602
1 775.8495485 788.75066532938
1 779.173306000006 884.480511178599
1 779.327446500002 779.679035468181
1 780.333213250003 784.070491831852
1 780.620894500002 784.127005271512
1 785.764421 814.143348430079
1 788.815815250001 789.441194418442
1 797.36884 813.355866090616
1 798.805461249997 798.904212663576
1 800.868363250001 991.387590707718
1 806.261022499993 911.775157071433
1 811.0982405 1038.74313724595
1 817.044396499997 847.008076380522
1 819.777650000001 951.930371641628
1 820.7321425 823.280298458766
1 826.208330000003 1510.71982417546
1 828.306873250001 885.274749011338
1 829.422339999999 918.110274154092
1 837.594384250002 1034.64539595246
1 838.316222499999 857.909257038558
1 841.9974245 1016.39683965779
1 842.302776250002 842.306654075564
1 842.891112500003 849.335481435253
1 844.582803249995 897.908792886087
1 854.433332 863.029473299448
1 857.921794000001 898.47155322362
1 858.153985000002 861.862430127826
1 870.116864500002 873.970977675009
1 877.763380000005 937.373784113615
1 885.830721999999 1002.80285159417
1 886.756216250004 887.414428798968
1 893.723450000001 1206.18168899619
1 894.470781250001 1191.96206065249
1 894.681418500001 1041.56380028887
1 896.665949000002 998.227253840425
1 897.056425000003 897.060888796625
1 899.052913250001 993.380630252868
1 903.898138249994 911.151839775316
1 913.662948250002 920.587751858687
1 916.846250000002 923.087615334801
1 924.3545165 1293.11235258775
1 931.640437249997 935.667541564427
1 940.1811565 940.226481136209
1 945.74399225 1108.14594549196
1 951.651649999999 960.385636053023
1 953.701288249999 966.929440916226
1 961.364560500001 961.39343383257
1 962.44529525 1035.00752036141
1 963.007934500002 993.884966015132
1 963.798722499999 982.937343570741
1 968.176298000003 1439.08030206951
1 974.020321249999 1079.29680045088
1 977.410671249999 1097.54368941041
1 984.702434500002 1001.4434261305
1 991.460434 1182.68056229868
1 1009.483105 1086.62760550519
1 1009.5748525 1011.06891290151
1 1017.14055125 1205.0152632318
1 1033.795728 1123.28446961685
1 1042.90194499999 1181.37802758259
1 1055.590425 1132.6182978311
1 1079.8221505 1080.88766289193
1 1080.2501005 1126.73988731312
1 1092.45973324999 1092.99720822534
1 1098.50134225001 1400.37620399008
1 1107.4973585 1128.77563686853
1 1127.211242 1127.63970598254
1 1131.2735825 1378.51739177335
1 1141.06185425 1157.84137030206
1 1146.5594045 1280.37742619053
1 1158.35521325 1582.99127066386
1 1160.4373205 1175.34765887464
1 1161.69083325 1251.80395246602
1 1169.067892 1187.99392042604
1 1169.750898 1405.29505340996
1 1176.54051924999 1286.23289873319
1 1182.6096725 1736.61612238555
1 1186.49626599999 1604.8334337283
1 1206.64585925 1281.48888687878
1 1218.80548525 1221.98537075361
1 1220.79201324999 1220.99910121886
1 1277.42472925 1329.03705268838
1 1283.975812 1289.35089867525
1 1289.8003885 1297.1769097971
1 1292.2692425 1315.16082699494
1 1314.63745925 2229.19175803282
1 1334.5638345 1362.83930302055
1 1343.940674 1394.8149471329
1 1346.257309 1375.60319760043
1 1367.32841999999 1425.63567823946
1 1375.41253 1381.99616049932
1 1382.7490345 1425.70627666663
1 1398.97938824999 1406.2139691779
1 1425.07991925001 2152.76981437354
1 1472.82733625001 1478.46995723582
1 1509.399137 1557.39417622219
1 1582.009888 1596.30056858555
1 1586.5123625 2103.94594719642
1 1675.10547724999 1694.94776811585
1 2072.20127424999 2078.86215835152
1 2607.95537999999 2645.97908119954
1 2687.35345699999 2688.33711207968
