"dimension" "Birth" "Death"
"1" 0 0 Inf
"2" 0 0 347.687316249998
"3" 0 0 329.139990499999
"4" 0 0 93.3184484999994
"5" 0 0 70.2996385000012
"6" 0 0 232.863473250002
"7" 0 0 460.040702499998
"8" 0 0 345.911418249996
"9" 0 0 413.533137250003
"10" 0 0 282.198532250003
"11" 0 0 367.876260250002
"12" 0 0 201.043801999998
"13" 0 0 204.567169999999
"14" 0 0 366.650071249998
"15" 0 0 111.148714
"16" 0 0 382.536056249999
"17" 0 0 521.790677000004
"18" 0 0 268.53818
"19" 0 0 201.72603625
"20" 0 0 228.169100250002
"21" 0 0 235.646480000002
"22" 0 0 314.733433250003
"23" 0 0 320.607860000002
"24" 0 0 245.759224250002
"25" 0 0 449.52293
"26" 0 0 312.92697825
"27" 0 0 490.630244000001
"28" 0 0 216.964478249998
"29" 0 0 179.119978250003
"30" 0 0 224.09278025
"31" 0 0 152.640988249999
"32" 0 0 468.999709249996
"33" 0 0 206.612731249999
"34" 0 0 251.239148500002
"35" 0 0 132.16306025
"36" 0 0 412.15162825
"37" 0 0 466.269408249999
"38" 0 0 382.321306250001
"39" 0 0 201.38556125
"40" 0 0 119.525672499999
"41" 0 0 197.158950499999
"42" 0 0 410.717610249999
"43" 0 0 422.439812499997
"44" 0 0 405.158281249999
"45" 0 0 350.685696250002
"46" 0 0 664.656372250001
"47" 0 0 409.47227225
"48" 0 0 284.954017999996
"49" 0 0 434.025231250001
"50" 0 0 143.072189000001
"51" 0 0 376.981112500001
"52" 0 0 272.018736249999
"53" 0 0 360.362641
"54" 0 0 187.088091250003
"55" 0 0 181.17090925
"56" 0 0 428.619716500002
"57" 0 0 294.133137999998
"58" 0 0 463.478716999997
"59" 0 0 158.55995525
"60" 0 0 635.667456249992
"61" 0 0 397.33273125
"62" 0 0 409.3518325
"63" 0 0 414.365752999998
"64" 0 0 500.944093249999
"65" 0 0 343.14706925
"66" 0 0 401.937342500003
"67" 0 0 585.8764225
"68" 0 0 333.602320250002
"69" 0 0 247.89757925
"70" 0 0 465.256926250002
"71" 0 0 416.602987249999
"72" 0 0 335.088375249998
"73" 0 0 609.067948249999
"74" 0 0 553.301481999998
"75" 0 0 395.845545249999
"76" 0 0 550.302482499998
"77" 0 0 201.606413000001
"78" 0 0 213.183437
"79" 0 0 382.749776
"80" 0 0 502.162608499998
"81" 0 0 328.125228499999
"82" 0 0 346.07576225
"83" 0 0 203.646013249999
"84" 0 0 341.271128249998
"85" 0 0 425.662932249999
"86" 0 0 472.7994905
"87" 0 0 390.80670425
"88" 0 0 339.821066
"89" 0 0 515.518068249996
"90" 0 0 330.13218125
"91" 0 0 586.806021249995
"92" 0 0 388.586504500001
"93" 0 0 527.585188250001
"94" 0 0 330.300864500001
"95" 0 0 458.395956249999
"96" 0 0 667.900764249997
"97" 0 0 227.647862500002
"98" 0 0 272.872188249999
"99" 0 0 373.853583999999
"100" 0 0 365.758873999998
"101" 0 0 342.767238250003
"102" 0 0 274.485986
"103" 0 0 542.220977249998
"104" 0 0 435.191812249999
"105" 0 0 378.370745000001
"106" 0 0 384.527850499998
"107" 0 0 237.477172500001
"108" 0 0 310.25035625
"109" 0 0 212.450124500001
"110" 0 0 263.80263325
"111" 0 0 786.580504250001
"112" 0 0 423.081474249999
"113" 0 0 538.123830250001
"114" 0 0 219.836129000002
"115" 0 0 283.64125
"116" 0 0 576.517881250001
"117" 0 0 338.699270499999
"118" 0 0 168.310885249999
"119" 0 0 276.92848625
"120" 0 0 518.34185225
"121" 0 0 486.4208345
"122" 0 0 480.125088249999
"123" 0 0 422.87284
"124" 0 0 306.231089000002
"125" 0 0 211.2351205
"126" 0 0 208.011324249999
"127" 0 0 438.32990525
"128" 0 0 126.422026249999
"129" 0 0 409.048114499999
"130" 0 0 427.839631250002
"131" 0 0 317.27408125
"132" 0 0 442.572913250002
"133" 0 0 185.156092250001
"134" 0 0 171.7584205
"135" 0 0 373.689768999998
"136" 0 0 239.2909525
"137" 0 0 271.198952
"138" 0 0 454.942858250003
"139" 0 0 746.081855999998
"140" 0 0 256.478845250001
"141" 0 0 197.679526250001
"142" 0 0 109.13354725
"143" 0 0 478.611580250002
"144" 0 0 107.53342625
"145" 0 0 405.593896500001
"146" 0 0 628.99738625
"147" 0 0 364.904468999999
"148" 0 0 143.21790425
"149" 0 0 235.557158499999
"150" 0 0 421.52343925
"151" 0 0 607.316640999999
"152" 0 0 612.78915125
"153" 0 0 410.911924999999
"154" 0 0 533.389288499999
"155" 0 0 359.909640250001
"156" 0 0 223.5212425
"157" 0 0 596.19674525
"158" 0 0 331.688797250002
"159" 0 0 242.317856249999
"160" 0 0 380.569080999998
"161" 0 0 335.136498499999
"162" 0 0 160.912394500001
"163" 0 0 344.404558250003
"164" 0 0 394.354842500002
"165" 0 0 299.884237249999
"166" 0 0 461.205446499996
"167" 0 0 197.524816249999
"168" 0 0 179.078375249999
"169" 0 0 798.727802500002
"170" 0 0 468.398437249999
"171" 0 0 213.79230625
"172" 0 0 279.175908249998
"173" 0 0 356.762657249999
"174" 0 0 161.942769000003
"175" 0 0 131.73517025
"176" 0 0 154.774092999998
"177" 0 0 565.910725250001
"178" 0 0 131.696052500001
"179" 0 0 357.665911249998
"180" 0 0 399.060604999999
"181" 0 0 224.577565
"182" 0 0 637.276618250001
"183" 0 0 253.3293425
"184" 0 0 554.469002000001
"185" 0 0 383.751828500001
"186" 0 0 247.417416499999
"187" 0 0 473.329446250001
"188" 0 0 388.424180250002
"189" 0 0 456.052180000001
"190" 0 0 497.742601249998
"191" 0 0 454.876317249999
"192" 0 0 318.535405
"193" 0 0 528.33541625
"194" 0 0 101.279098
"195" 0 0 957.938529250001
"196" 1 150.95864225 179.836503464953
"197" 1 211.360314500001 236.75665984939
"198" 1 226.144422499999 239.375242462818
"199" 1 258.254082500001 297.14927304919
"200" 1 261.971500250001 310.717876188218
"201" 1 287.981217250002 291.318794958747
"202" 1 296.120027249998 391.596273263513
"203" 1 312.907763250001 323.315061841572
"204" 1 322.278916249998 328.218317621473
"205" 1 346.8308125 734.181627818103
"206" 1 347.717749250003 737.416101531857
"207" 1 353.187376249998 359.204869691478
"208" 1 355.391622249999 547.021581729272
"209" 1 359.280466249999 389.277581193206
"210" 1 370.92792725 425.889982920292
"211" 1 382.137524000003 805.613117908847
"212" 1 391.637212249998 402.450519823379
"213" 1 391.646936250001 421.06073972716
"214" 1 392.402512999994 533.99085485373
"215" 1 424.6031705 644.61440046945
"216" 1 426.132336499997 521.159496719787
"217" 1 426.530462499999 475.959083193021
"218" 1 433.38825 452.161977752966
"219" 1 436.265768249996 452.701689929548
"220" 1 437.752426250002 537.104536621877
"221" 1 455.590090249999 585.019441513586
"222" 1 459.625986500003 654.421395596989
"223" 1 465.594884499999 724.478860455226
"224" 1 466.878505999997 602.775131321958
"225" 1 468.838132999998 597.349745588368
"226" 1 469.086984499997 926.556096988319
"227" 1 470.797424499999 1205.54022936451
"228" 1 473.077279250002 800.493047685634
"229" 1 473.520232 475.611954744095
"230" 1 477.149125 1093.02734943056
"231" 1 478.69955225 555.140976361894
"232" 1 485.2582765 605.332375416545
"233" 1 485.590381249996 515.45686175996
"234" 1 486.376242249996 511.663651813459
"235" 1 489.606930249999 692.05990389471
"236" 1 490.130129250003 1048.10273912643
"237" 1 494.429272999998 516.957953697198
"238" 1 495.07157225 560.20906442856
"239" 1 496.113426250001 501.346443861462
"240" 1 497.20350325 501.783301500504
"241" 1 497.961624249999 643.19818254098
"242" 1 499.91383325 658.32839100479
"243" 1 500.949556999998 828.597217828928
"244" 1 501.813915250002 546.130024174576
"245" 1 503.781981249999 578.300964855699
"246" 1 510.631397 667.738153883241
"247" 1 511.443188499997 511.852089558117
"248" 1 511.905292999998 640.837203187578
"249" 1 516.967572249999 608.894932552896
"250" 1 518.353444999997 544.531604936474
"251" 1 519.415724249997 691.133104938109
"252" 1 519.486970249999 527.635425123194
"253" 1 522.810462499998 748.31558717984
"254" 1 524.054973250004 526.880651469192
"255" 1 526.627476249998 612.261382176659
"256" 1 526.661471249998 535.525973584888
"257" 1 534.153154250002 573.87113900046
"258" 1 536.107608999998 1311.41090863729
"259" 1 538.455172 617.984232856017
"260" 1 541.590702500001 568.820063750756
"261" 1 541.83171925 1274.01190038026
"262" 1 546.391324250003 562.477820086618
"263" 1 549.24566525 1208.6035080346
"264" 1 558.131422250001 713.880165665686
"265" 1 562.065150249999 604.468051670952
"266" 1 563.520470499998 744.493023072571
"267" 1 566.814621250001 1017.75279478694
"268" 1 568.879848499999 1070.62429856076
"269" 1 571.047535249999 946.733901602741
"270" 1 577.36635125 616.438591450643
"271" 1 581.512562500001 1205.05472173952
"272" 1 585.894202000001 1787.63261199281
"273" 1 587.886506499999 601.753460001571
"274" 1 587.97573025 1043.8411902251
"275" 1 588.050158250005 730.932154401941
"276" 1 592.646091250001 1120.87382756453
"277" 1 593.451273999997 599.252838630341
"278" 1 602.602408000003 784.532306889078
"279" 1 603.548730250003 705.845786441659
"280" 1 603.753016500001 797.274570075974
"281" 1 604.526607249999 1354.13511934415
"282" 1 605.75031125 634.046226322942
"283" 1 608.562987250001 809.477639798664
"284" 1 612.119697249999 730.026773275681
"285" 1 614.011167999999 1028.93572009938
"286" 1 617.119098250001 1128.51506824313
"287" 1 619.045387249999 637.986399206042
"288" 1 629.43118925 637.392042552636
"289" 1 633.141858499997 922.535149527266
"290" 1 633.710844999999 718.826000516785
"291" 1 634.650520250001 951.326169274222
"292" 1 637.950854499999 681.920621423465
"293" 1 638.752752250002 642.522710774406
"294" 1 639.640904000003 655.48600553262
"295" 1 647.706339999999 729.228475103547
"296" 1 653.157821 677.743119552011
"297" 1 654.053352249999 673.889078741022
"298" 1 660.979524999999 1379.43310637925
"299" 1 662.573613250001 790.636667082468
"300" 1 664.162536249998 694.627745783994
"301" 1 665.89262225 1536.02720662932
"302" 1 666.00809325 876.992528282723
"303" 1 668.321268500001 702.999541066516
"304" 1 669.54801325 1852.02686045549
"305" 1 670.030371249999 691.55650115281
"306" 1 678.083860250002 1065.97410538818
"307" 1 679.957381000003 852.112808571818
"308" 1 680.428816 1428.35763618068
"309" 1 689.2979105 739.059524675607
"310" 1 689.768007999999 1597.55662067478
"311" 1 689.924868999996 714.89326475503
"312" 1 694.023583250001 1502.0122102349
"313" 1 696.393248000002 721.513171401534
"314" 1 699.026121250002 847.904466011481
"315" 1 700.765032999999 720.803674939763
"316" 1 701.191152249999 705.99406804287
"317" 1 703.641448 777.108980863463
"318" 1 703.691266249999 772.945700330988
"319" 1 706.181242500003 845.619478030574
"320" 1 707.554266499999 736.119544458102
"321" 1 708.031168999998 728.268383415445
"322" 1 709.90128625 730.598174008547
"323" 1 716.280739250002 770.599248371887
"324" 1 717.164460999999 806.812655439095
"325" 1 718.703761 723.526577946404
"326" 1 719.173172000002 1299.15567070831
"327" 1 724.44949 839.460428629625
"328" 1 726.029760999999 726.258459510898
"329" 1 727.301001999999 1057.7339775431
"330" 1 728.910378500002 731.843503622114
"331" 1 737.585834000002 742.565942816007
"332" 1 738.034641999998 824.959977372682
"333" 1 738.132965000004 972.522241831093
"334" 1 738.624503250001 813.970187749972
"335" 1 740.226666249999 744.980127165029
"336" 1 740.973064000003 989.906862151259
"337" 1 742.774461249999 757.459758685312
"338" 1 745.394001250002 1235.99070347083
"339" 1 746.0640585 881.034916132624
"340" 1 747.747889250001 773.844451196642
"341" 1 752.153706249993 1431.75788410935
"342" 1 757.38629525 820.03158514244
"343" 1 759.9043765 1150.79183759649
"344" 1 759.912330249998 879.309326749066
"345" 1 760.252508499999 1564.38914877829
"346" 1 764.720586250004 1046.86671463679
"347" 1 769.315596999997 926.315727613535
"348" 1 774.806328500001 780.677003859522
"349" 1 780.268729249997 893.344288266751
"350" 1 786.405736 821.45447725788
"351" 1 787.005859250001 1191.67278370418
"352" 1 794.025362250001 1042.3740409138
"353" 1 799.294885000001 1536.6982893951
"354" 1 799.425821000005 799.596811092051
"355" 1 800.434194250001 849.566632170895
"356" 1 801.606871249995 844.913271198246
"357" 1 804.041552 821.363865377972
"358" 1 806.311024249998 949.934579989366
"359" 1 807.188372 1337.39164973353
"360" 1 814.206592249998 971.808125531834
"361" 1 815.185541250001 898.703560553232
"362" 1 820.772708499997 896.674498467525
"363" 1 822.597230500001 1096.49668256886
"364" 1 827.18557925 1168.08883651494
"365" 1 829.92170125 897.446136133594
"366" 1 832.626477000001 1017.09664605148
"367" 1 834.364575999997 953.172765693102
"368" 1 836.835974500002 1228.11034883754
"369" 1 837.351795249998 963.551196024273
"370" 1 837.838145 856.180426759617
"371" 1 845.137736000005 878.625164103399
"372" 1 859.810760000003 956.119042988342
"373" 1 860.243251249997 988.226225276326
"374" 1 865.063081000005 882.596483023799
"375" 1 866.132557249998 914.382404244263
"376" 1 869.675046499996 892.856968682134
"377" 1 871.985893250001 897.469187217574
"378" 1 881.2144265 882.323288149426
"379" 1 881.371794249999 928.634098838547
"380" 1 881.955101 1201.3012762341
"381" 1 898.671872499998 902.711125318009
"382" 1 899.27008525 1150.49719714623
"383" 1 904.119346000002 1012.56761284943
"384" 1 908.652974500004 1040.07879495552
"385" 1 911.926569999998 1144.1874011106
"386" 1 912.09462325 1045.32486851203
"387" 1 913.399696250001 913.459256702734
"388" 1 916.726581249999 927.697915651432
"389" 1 917.448841250001 929.83069855503
"390" 1 927.3232985 962.071174674834
"391" 1 938.420732250002 948.311063050214
"392" 1 940.625552500001 1617.63250209088
"393" 1 949.157666500006 1196.23177346106
"394" 1 949.318398250002 988.367267012432
"395" 1 959.024808249999 1048.79061713171
"396" 1 964.021832999998 970.578039274529
"397" 1 968.886483999996 971.122907617403
"398" 1 971.272004000003 1042.79800648088
"399" 1 977.359663250004 996.758157281477
"400" 1 977.665873250001 979.947869204545
"401" 1 982.397349250003 1049.78848995414
"402" 1 983.991241249994 1014.82202503123
"403" 1 990.112562000001 992.050958469471
"404" 1 995.123278249996 1168.00957167203
"405" 1 997.151940250001 1012.95365600838
"406" 1 999.188647999997 1003.4085326368
"407" 1 1000.530752 1169.54057522558
"408" 1 1000.99373800001 1005.54537695562
"409" 1 1002.74122325 1053.13340393346
"410" 1 1002.919514 1150.70810441765
"411" 1 1005.02177425 1115.39999561027
"412" 1 1014.5487545 1124.14833765424
"413" 1 1033.4554585 1043.95294320943
"414" 1 1041.1428325 1055.75554081972
"415" 1 1041.87108125 1346.24648795108
"416" 1 1043.20522525 1043.25714297405
"417" 1 1049.43331825 1117.07049039292
"418" 1 1049.669018 1282.43630373169
"419" 1 1052.32884725 1183.07980790999
"420" 1 1055.349425 1139.97156696749
"421" 1 1057.67863225 1193.01018950152
"422" 1 1064.5977865 1127.30129076885
"423" 1 1068.71097125 1108.39673111042
"424" 1 1080.77992625 1217.46374680393
"425" 1 1114.96858225 1130.82178555781
"426" 1 1138.05807425 1141.92248759935
"427" 1 1145.48278925 1204.30774564564
"428" 1 1159.90618524999 1202.41363556006
"429" 1 1161.55596625 1176.7485536684
"430" 1 1169.4411665 1191.5418109377
"431" 1 1190.0379625 1194.69244152351
"432" 1 1212.3319465 1237.97449441525
"433" 1 1233.3009005 1233.9597396737
"434" 1 1246.94688725 1334.4835119735
"435" 1 1258.11371925 1305.28679061764
"436" 1 1270.42587725 1301.6250539621
"437" 1 1285.75037 1409.11802641655
"438" 1 1294.0337485 1456.89225997072
"439" 1 1329.3202445 1330.29693977781
"440" 1 1409.47761025 1409.62597850987
"441" 1 1416.04409725 1439.75069811374
"442" 1 1468.16847725 1648.90317576975
"443" 1 1488.066725 1491.37645636184
"444" 1 1572.70380125 1585.4921301322
"445" 1 1575.8387685 1593.63770877055
"446" 1 1760.11572325 1770.39116659888
"447" 1 1782.90335225 1805.66569817709
