"dimension" "Birth" "Death"
"1" 0 0 Inf
"2" 0 0 431.540016500002
"3" 0 0 395.493800000001
"4" 0 0 253.325634249998
"5" 0 0 424.262936499999
"6" 0 0 536.606658250001
"7" 0 0 285.074625999999
"8" 0 0 236.46777125
"9" 0 0 370.824085000003
"10" 0 0 356.058889250003
"11" 0 0 345.937598500002
"12" 0 0 320.543838499999
"13" 0 0 465.10551425
"14" 0 0 288.875996499999
"15" 0 0 394.29957725
"16" 0 0 313.2460885
"17" 0 0 246.862545249999
"18" 0 0 292.608881
"19" 0 0 259.258398250002
"20" 0 0 310.414645
"21" 0 0 250.096680500002
"22" 0 0 321.247146250001
"23" 0 0 216.51081425
"24" 0 0 249.003202
"25" 0 0 446.808387999999
"26" 0 0 153.7391825
"27" 0 0 365.274706249999
"28" 0 0 247.365122499999
"29" 0 0 249.302092499999
"30" 0 0 338.539837250003
"31" 0 0 383.495125
"32" 0 0 168.64711025
"33" 0 0 148.64091125
"34" 0 0 311.018154250001
"35" 0 0 233.189506
"36" 0 0 313.618934250001
"37" 0 0 364.825754000001
"38" 0 0 370.062900000001
"39" 0 0 387.45326225
"40" 0 0 424.032422499997
"41" 0 0 195.895451250001
"42" 0 0 230.334620499998
"43" 0 0 216.812488249999
"44" 0 0 210.70971325
"45" 0 0 382.757409
"46" 0 0 319.6745545
"47" 0 0 240.42054425
"48" 0 0 296.671636
"49" 0 0 141.80704025
"50" 0 0 388.987577999998
"51" 0 0 331.906884999999
"52" 0 0 155.325314250001
"53" 0 0 368.068116249999
"54" 0 0 163.466392500001
"55" 0 0 342.214278250001
"56" 0 0 270.19847525
"57" 0 0 210.66350825
"58" 0 0 314.46418225
"59" 0 0 400.25914
"60" 0 0 280.952319250002
"61" 0 0 291.444730250001
"62" 0 0 207.729805
"63" 0 0 199.929084999998
"64" 0 0 287.866156250001
"65" 0 0 169.077720500002
"66" 0 0 211.998440249999
"67" 0 0 258.277380250001
"68" 0 0 264.650428250002
"69" 0 0 366.508503249999
"70" 0 0 432.925515249999
"71" 0 0 309.26508925
"72" 0 0 269.66109125
"73" 0 0 287.191212500003
"74" 0 0 380.553201999999
"75" 0 0 262.391242499999
"76" 0 0 360.106644249999
"77" 0 0 352.58585225
"78" 0 0 330.593391249998
"79" 0 0 213.14819525
"80" 0 0 366.252186249998
"81" 0 0 529.066624249996
"82" 0 0 376.3034405
"83" 0 0 438.747187249998
"84" 0 0 414.21773425
"85" 0 0 309.779651250003
"86" 0 0 342.873947250001
"87" 0 0 262.962377
"88" 0 0 283.35173425
"89" 0 0 233.41337225
"90" 0 0 231.9177625
"91" 0 0 264.409756249999
"92" 0 0 310.517901250003
"93" 0 0 414.617326250001
"94" 0 0 273.6315385
"95" 0 0 363.36542125
"96" 0 0 509.619012499999
"97" 0 0 174.089033
"98" 0 0 272.502152499999
"99" 0 0 374.719057000001
"100" 0 0 362.93513125
"101" 0 0 192.976738250002
"102" 0 0 393.043862500001
"103" 0 0 345.00623725
"104" 0 0 339.996681249999
"105" 0 0 345.283537999999
"106" 0 0 207.6709625
"107" 0 0 171.505944499999
"108" 0 0 333.541842499999
"109" 0 0 282.98471125
"110" 0 0 324.62720525
"111" 0 0 161.7842665
"112" 0 0 266.229764500001
"113" 0 0 250.0576285
"114" 0 0 349.21509925
"115" 0 0 243.877475249998
"116" 0 0 328.9579465
"117" 0 0 327.103382250003
"118" 0 0 176.750972499997
"119" 0 0 311.812152250001
"120" 0 0 216.889672
"121" 0 0 362.03409225
"122" 0 0 405.997684000001
"123" 0 0 278.664473249999
"124" 0 0 495.167875249998
"125" 0 0 401.729010499999
"126" 0 0 252.690896250003
"127" 0 0 342.160549250002
"128" 0 0 365.538584499996
"129" 0 0 237.411235999999
"130" 0 0 374.398965
"131" 0 0 351.519949250002
"132" 0 0 346.364432499998
"133" 0 0 308.406951250002
"134" 0 0 250.238076249999
"135" 0 0 458.58107425
"136" 0 0 212.5597465
"137" 0 0 442.052872999998
"138" 0 0 146.213905000003
"139" 0 0 411.427204250002
"140" 0 0 383.424493249999
"141" 0 0 457.603129999999
"142" 0 0 269.715749000001
"143" 0 0 302.366220500001
"144" 0 0 206.63777825
"145" 0 0 276.408312499997
"146" 0 0 243.4490825
"147" 0 0 303.010299250001
"148" 0 0 304.411888250001
"149" 0 0 185.256726499998
"150" 0 0 433.810666000003
"151" 0 0 162.63241525
"152" 0 0 271.686944500001
"153" 0 0 353.99454025
"154" 0 0 285.409361249999
"155" 0 0 355.904479249997
"156" 0 0 289.394893249999
"157" 0 0 230.965374250001
"158" 0 0 269.7423705
"159" 0 0 270.891342499998
"160" 0 0 545.579312499999
"161" 0 0 236.73151325
"162" 0 0 257.97600025
"163" 0 0 439.281016250002
"164" 0 0 301.37090525
"165" 0 0 377.008354000001
"166" 0 0 341.995124250002
"167" 0 0 534.892769999999
"168" 0 0 269.228979999999
"169" 0 0 380.88417625
"170" 0 0 224.570825000002
"171" 0 0 228.753404500001
"172" 0 0 303.75109025
"173" 0 0 304.9455925
"174" 0 0 193.261756250001
"175" 0 0 393.0403205
"176" 0 0 331.012986250002
"177" 0 0 322.733852500001
"178" 0 0 386.92270025
"179" 0 0 313.33176625
"180" 0 0 335.147655250001
"181" 0 0 396.212672250003
"182" 0 0 394.878381250002
"183" 0 0 197.42643925
"184" 0 0 262.2536905
"185" 0 0 270.749704999999
"186" 0 0 405.135150500003
"187" 0 0 256.275450249998
"188" 0 0 462.231283249999
"189" 0 0 289.8960725
"190" 0 0 289.985862500002
"191" 0 0 152.22143925
"192" 0 0 276.556216249998
"193" 0 0 296.701738249999
"194" 0 0 265.682128
"195" 0 0 380.059366249999
"196" 1 265.791197249999 324.736670726787
"197" 1 277.764633249999 364.440123281916
"198" 1 297.48812125 363.304267600899
"199" 1 303.952964499999 446.942556090553
"200" 1 311.483431249999 555.525074660099
"201" 1 330.052782250001 353.346716349188
"202" 1 331.0675965 370.216673081624
"203" 1 337.515125000002 371.408134149971
"204" 1 341.87124425 504.377668839067
"205" 1 346.571763250002 368.948111908947
"206" 1 346.694992000002 500.9722817773
"207" 1 354.197520999998 713.551711727544
"208" 1 358.9128505 553.30547507626
"209" 1 359.595775250001 619.062180470715
"210" 1 361.154515999999 409.601375418878
"211" 1 362.139908 412.858062261477
"212" 1 370.562126499998 529.085542017168
"213" 1 371.95549625 493.714867028106
"214" 1 372.086816499999 426.827411376592
"215" 1 372.486722 875.373199697037
"216" 1 372.901000500001 441.848340475221
"217" 1 373.500493249999 816.310367723881
"218" 1 377.119768500003 444.187652764458
"219" 1 379.889451249999 412.310633756828
"220" 1 381.309307249998 486.673836649286
"221" 1 384.680395250004 824.740044214039
"222" 1 391.1686025 474.095536854312
"223" 1 396.068797 484.463233350735
"224" 1 396.340855250003 431.562499397656
"225" 1 396.405860500001 807.128453172035
"226" 1 396.631314000001 441.014321252138
"227" 1 400.801808500001 726.517242680361
"228" 1 401.371270249999 423.101366309851
"229" 1 401.747698249999 467.740086448447
"230" 1 405.551086250001 978.103064174429
"231" 1 405.55317925 488.144363745423
"232" 1 406.659105250001 630.562857653292
"233" 1 409.057918250002 427.40042985185
"234" 1 409.209040000001 410.948742694319
"235" 1 412.12429 696.935088219514
"236" 1 412.803365000002 658.247857432405
"237" 1 415.005512500002 738.976276967865
"238" 1 417.470658249999 472.494854866852
"239" 1 417.7466 816.723213256939
"240" 1 420.953242500003 575.568130155642
"241" 1 421.183282250001 487.525499898529
"242" 1 424.168553250001 804.501672253151
"243" 1 424.84844525 651.920559408331
"244" 1 426.208292500001 459.173909402457
"245" 1 426.429436499997 588.685640928958
"246" 1 426.780512500001 487.639671058729
"247" 1 428.547002500004 473.825516046123
"248" 1 429.352418250003 474.073788082343
"249" 1 431.12775325 767.328624237727
"250" 1 433.860152499998 536.573491364852
"251" 1 435.12248025 821.286620213182
"252" 1 435.708392500001 505.750600500092
"253" 1 441.729376249999 515.819844779403
"254" 1 442.59501725 1044.22632382958
"255" 1 443.9245345 542.692518333149
"256" 1 444.104978500003 445.244496470157
"257" 1 444.9184445 846.187117328987
"258" 1 446.440153999998 867.402006172311
"259" 1 446.65099025 780.427897354968
"260" 1 447.568654499999 815.605839132731
"261" 1 449.114122 622.117678339931
"262" 1 451.004565250002 568.066928491095
"263" 1 454.5702145 646.212285009819
"264" 1 455.42532725 611.782719240822
"265" 1 456.16840625 514.857884383936
"266" 1 456.638196500002 460.475115965841
"267" 1 456.91169 558.222143917464
"268" 1 460.204886499999 796.478954680849
"269" 1 462.209192 660.425438208433
"270" 1 462.790379250001 507.45554434411
"271" 1 463.228460999999 882.145385978467
"272" 1 464.4393625 646.234875986331
"273" 1 464.965162249997 569.958677206817
"274" 1 465.11010925 520.797820099991
"275" 1 465.743020249998 700.937770112428
"276" 1 465.76924225 524.243021598642
"277" 1 468.389172249999 475.011331036715
"278" 1 470.642872250001 1027.38825005342
"279" 1 471.080151250002 659.775972456351
"280" 1 473.814894249999 907.152175092674
"281" 1 474.371319250002 639.08486071608
"282" 1 475.241866249999 581.796171615546
"283" 1 476.31097125 784.950245652656
"284" 1 478.174476249999 598.56832049995
"285" 1 478.582852500001 498.257539032753
"286" 1 483.2080565 624.2959915069
"287" 1 484.09738325 640.272635299434
"288" 1 486.614525 571.820999847684
"289" 1 490.925801250001 547.032250466702
"290" 1 492.187361000001 533.938704803496
"291" 1 492.816727250001 533.130909314384
"292" 1 498.142440500001 499.428287633485
"293" 1 501.51564025 849.718626563291
"294" 1 501.814477000002 672.182960935676
"295" 1 502.600833999998 738.378675753248
"296" 1 502.926720500005 620.889936452404
"297" 1 503.570434249998 512.351186066152
"298" 1 504.025876249994 518.828467281604
"299" 1 504.076700499998 527.034217380578
"300" 1 504.414408499999 1208.29312041504
"301" 1 505.825225000002 506.565636025428
"302" 1 505.879394499995 1032.3170000296
"303" 1 506.139109250002 507.969313247741
"304" 1 506.546102500001 583.295152454051
"305" 1 507.314502499996 753.047284095272
"306" 1 509.247376249999 571.145565770029
"307" 1 509.798656250002 716.312589279733
"308" 1 510.624962500001 653.015792189478
"309" 1 511.205031250003 796.978105055175
"310" 1 511.29030325 547.665685496821
"311" 1 514.184511250001 860.792220130994
"312" 1 514.899975999997 619.604444448438
"313" 1 518.1019325 601.060376146383
"314" 1 519.812346499998 663.05238852164
"315" 1 521.240932 688.135580702003
"316" 1 522.491682500002 668.989529046206
"317" 1 523.090987250001 551.463735811927
"318" 1 523.915925000002 542.05723995222
"319" 1 527.044602249998 555.109066941412
"320" 1 528.087247999999 566.07148051899
"321" 1 530.341731999999 533.672094631456
"322" 1 530.447231249998 614.179381970918
"323" 1 530.644380499999 697.336604436767
"324" 1 531.220889000002 645.24658477221
"325" 1 531.870563249998 609.237349674864
"326" 1 532.3189565 739.343646621641
"327" 1 532.753525 536.291440556224
"328" 1 533.419456250002 894.542182324457
"329" 1 533.776008249999 634.811489998698
"330" 1 534.237986000001 993.793312110083
"331" 1 534.377991999998 546.931005430071
"332" 1 539.098795250002 622.539539408952
"333" 1 540.5536145 829.024321698651
"334" 1 541.07735425 544.545526355162
"335" 1 542.474264250001 631.606125700969
"336" 1 542.865314499999 585.688652617842
"337" 1 544.91808025 563.020694471972
"338" 1 549.444561250002 988.873530394228
"339" 1 549.990844999999 579.825735889498
"340" 1 551.518330500002 700.350983273837
"341" 1 551.686142500002 684.969279539078
"342" 1 552.541941249999 716.720446746832
"343" 1 553.997424999999 689.402664840948
"344" 1 554.199883250001 601.401749695489
"345" 1 554.561584249998 606.795204034001
"346" 1 555.668516000001 575.376833876736
"347" 1 556.577485 604.712667841008
"348" 1 556.744084 580.476433118049
"349" 1 557.110929250001 570.917961023375
"350" 1 557.592834250001 584.395491989018
"351" 1 561.89061725 630.742721411898
"352" 1 563.520262500004 611.236875724827
"353" 1 564.148545999997 566.303216164887
"354" 1 565.759779999997 943.050445643693
"355" 1 569.76499025 629.190160591102
"356" 1 570.768562250006 858.401633792672
"357" 1 572.14148125 719.980773626029
"358" 1 572.734345000002 633.898672071549
"359" 1 573.750781249998 585.910086765935
"360" 1 575.848744250001 898.766996331991
"361" 1 577.361778249996 595.740636409472
"362" 1 577.651976500001 592.596795763171
"363" 1 578.916876249998 583.255197753031
"364" 1 582.991512500001 803.296683185406
"365" 1 584.242825000004 613.734585890852
"366" 1 584.315210000002 599.030127198133
"367" 1 586.154243250002 607.141473540202
"368" 1 586.6479305 629.948134465569
"369" 1 586.916464999999 591.835151475162
"370" 1 588.538160500002 761.617076874712
"371" 1 589.2226405 656.567404834913
"372" 1 590.070664000004 890.707320760075
"373" 1 590.194336250003 602.253476235666
"374" 1 590.394325000001 610.496534942727
"375" 1 593.170961 700.070957540993
"376" 1 593.246937249997 604.913593550143
"377" 1 594.540880249996 655.2692361785
"378" 1 599.793258499999 965.45869082049
"379" 1 601.411616000002 797.607330829839
"380" 1 601.904146000002 825.48559970613
"381" 1 602.457181249998 771.604838274434
"382" 1 608.27507325 658.369842952401
"383" 1 609.18834825 863.424903904461
"384" 1 611.444202500003 616.02996685857
"385" 1 613.357138000002 668.529599968042
"386" 1 616.855433000002 636.059781438516
"387" 1 618.581056000005 641.631825401112
"388" 1 618.610457249998 644.667205249239
"389" 1 621.401229000002 634.549824628842
"390" 1 627.052972999999 651.908136167491
"391" 1 627.691540499997 701.199124753093
"392" 1 631.925245250001 644.841006758236
"393" 1 632.623503250001 791.942263429358
"394" 1 634.706029249999 837.280075296046
"395" 1 635.246161249997 717.192217490352
"396" 1 639.496720999997 668.612682482587
"397" 1 639.920100250002 751.770693337569
"398" 1 640.867300250001 711.732812334766
"399" 1 643.628028249999 653.940195674901
"400" 1 644.120318499998 695.08303836537
"401" 1 644.510338 727.163382641356
"402" 1 646.50913625 646.521767761518
"403" 1 648.690397000002 673.015468648582
"404" 1 649.850386249999 1012.69266993309
"405" 1 653.909371250005 853.54020617384
"406" 1 655.157088499997 750.112612145428
"407" 1 657.297914499999 723.976634478353
"408" 1 657.368744 819.552098541783
"409" 1 658.763191250004 755.216043219284
"410" 1 664.543080000002 745.576835015865
"411" 1 665.64518725 670.335625358178
"412" 1 668.648084000002 971.981891896938
"413" 1 670.995001999998 675.267193390059
"414" 1 671.271672999996 710.30253807358
"415" 1 675.826512249999 748.501764154463
"416" 1 675.837002249999 716.648214489884
"417" 1 679.213992499999 706.74971269668
"418" 1 680.285859999999 720.630732916927
"419" 1 680.45187425 777.038912341364
"420" 1 680.471642249998 722.108066297491
"421" 1 681.180976249997 681.202126429004
"422" 1 689.391894249999 717.132723822517
"423" 1 690.373881250002 695.085026357213
"424" 1 694.923483250002 727.346533527629
"425" 1 695.179385000002 998.697887372714
"426" 1 700.357306250002 891.95315156417
"427" 1 704.987523250001 853.316821207486
"428" 1 709.882519250001 721.360122302192
"429" 1 712.485805249999 716.49298843457
"430" 1 717.721021250003 723.679378236639
"431" 1 724.411030499999 790.17483335438
"432" 1 731.50872625 763.514482059307
"433" 1 732.556138500003 773.198061935111
"434" 1 734.717810500003 769.918158869332
"435" 1 742.036302250005 759.256827627808
"436" 1 745.6091785 745.710357505198
"437" 1 745.88381825 782.64752747477
"438" 1 746.570952500003 749.694296967894
"439" 1 748.514323250001 835.779583401194
"440" 1 750.62680625 988.050820786918
"441" 1 750.742652499999 829.954291068269
"442" 1 754.703817250002 938.937108041461
"443" 1 758.620413000003 797.277078427207
"444" 1 761.253802249999 818.542287698744
"445" 1 763.1952725 782.882778667433
"446" 1 766.119708249999 766.430640574077
"447" 1 779.705724250002 1135.77106770595
"448" 1 782.009468999999 836.973861478513
"449" 1 788.694529999999 791.44092511031
"450" 1 794.897386 827.694660441319
"451" 1 795.638728250003 825.681650525771
"452" 1 807.463082500001 808.365530698027
"453" 1 807.855362499999 810.250464238904
"454" 1 810.239340249999 813.06536893481
"455" 1 812.473909000002 812.526798537608
"456" 1 813.143138 825.124564970117
"457" 1 813.408704999997 831.294888867335
"458" 1 821.591631249998 821.861161677532
"459" 1 824.717090500003 825.316718661806
"460" 1 826.128552499998 844.863284488935
"461" 1 827.090438500001 900.355987012434
"462" 1 830.099613249998 854.94167441811
"463" 1 844.793417000001 886.51681890287
"464" 1 845.318560500004 886.779017413962
"465" 1 846.864673000006 849.760236588117
"466" 1 864.121626000002 864.278950006396
"467" 1 865.780362250002 950.739842078856
"468" 1 869.866562499998 869.998709768598
"469" 1 872.279228249997 874.779155377789
"470" 1 878.451642500001 884.53343659153
"471" 1 878.754650000003 944.566944114373
"472" 1 892.42796025 918.523705320985
"473" 1 919.491226250002 966.702696188879
"474" 1 923.322930499999 929.857952712797
"475" 1 928.239106250001 928.57277240871
"476" 1 928.8796465 959.451687546538
"477" 1 938.805667999998 1167.29617646079
"478" 1 958.138206249998 961.370344773801
"479" 1 978.367658500002 1104.6599777474
"480" 1 979.943314499995 979.966784044244
"481" 1 980.087016499999 995.266230301447
"482" 1 1055.25989725 1056.21925840585
"483" 1 1074.847826 1164.59388765132
