"dimension" "Birth" "Death"
"1" 0 0 Inf
"2" 0 0 371.994812999999
"3" 0 0 242.308777000001
"4" 0 0 402.091735249999
"5" 0 0 429.053199999999
"6" 0 0 217.36469
"7" 0 0 389.581005250002
"8" 0 0 409.497296000002
"9" 0 0 293.790206499998
"10" 0 0 303.491092500001
"11" 0 0 311.504224999999
"12" 0 0 288.921892250001
"13" 0 0 396.674061249999
"14" 0 0 346.901236999999
"15" 0 0 292.231191250003
"16" 0 0 338.934192499998
"17" 0 0 384.827588999997
"18" 0 0 340.587562250002
"19" 0 0 176.91613825
"20" 0 0 334.931914
"21" 0 0 336.5025725
"22" 0 0 312.181762
"23" 0 0 325.860984249999
"24" 0 0 423.4012445
"25" 0 0 373.631247249999
"26" 0 0 236.36077
"27" 0 0 275.753410250001
"28" 0 0 390.184686249999
"29" 0 0 324.068592250001
"30" 0 0 161.30147125
"31" 0 0 297.834164000003
"32" 0 0 291.48418
"33" 0 0 394.948336249999
"34" 0 0 271.468521249999
"35" 0 0 238.0414045
"36" 0 0 202.461626250001
"37" 0 0 395.775550250001
"38" 0 0 136.07113225
"39" 0 0 303.525965
"40" 0 0 461.952999999997
"41" 0 0 378.668396250001
"42" 0 0 268.499891250001
"43" 0 0 318.24473125
"44" 0 0 441.01885
"45" 0 0 395.598516999999
"46" 0 0 340.57558825
"47" 0 0 165.300491250001
"48" 0 0 426.362861250003
"49" 0 0 242.633045250001
"50" 0 0 238.923349249999
"51" 0 0 375.389041250002
"52" 0 0 266.233944499998
"53" 0 0 384.157743250002
"54" 0 0 181.080313
"55" 0 0 347.638650499998
"56" 0 0 177.710151249999
"57" 0 0 224.843427999999
"58" 0 0 221.028802250002
"59" 0 0 207.74236825
"60" 0 0 214.375972500003
"61" 0 0 135.6798805
"62" 0 0 412.008997
"63" 0 0 471.190952250004
"64" 0 0 302.392267249998
"65" 0 0 309.579390249999
"66" 0 0 289.709729
"67" 0 0 188.733420249999
"68" 0 0 402.159865999999
"69" 0 0 473.597751250001
"70" 0 0 162.532914249999
"71" 0 0 230.851354
"72" 0 0 216.577626499999
"73" 0 0 388.884186499999
"74" 0 0 408.17265625
"75" 0 0 269.856794499999
"76" 0 0 372.288169249998
"77" 0 0 257.854254500001
"78" 0 0 201.046644499999
"79" 0 0 357.688242500004
"80" 0 0 384.16444625
"81" 0 0 111.437665
"82" 0 0 233.185324999998
"83" 0 0 363.879682
"84" 0 0 459.586419999997
"85" 0 0 348.627061
"86" 0 0 386.850790250001
"87" 0 0 321.786729999999
"88" 0 0 345.952804000004
"89" 0 0 290.02352625
"90" 0 0 276.895460250003
"91" 0 0 295.002625
"92" 0 0 377.071685000002
"93" 0 0 257.107857250001
"94" 0 0 433.171018249998
"95" 0 0 206.310456250001
"96" 0 0 248.901703250001
"97" 0 0 268.263090499999
"98" 0 0 518.750532499999
"99" 0 0 264.649505000001
"100" 0 0 231.978351250001
"101" 0 0 294.171790250001
"102" 0 0 155.616426499999
"103" 0 0 229.8428425
"104" 0 0 248.584198250001
"105" 0 0 465.144660499998
"106" 0 0 270.610066250001
"107" 0 0 384.939680499998
"108" 0 0 230.1812185
"109" 0 0 238.75485625
"110" 0 0 312.53122225
"111" 0 0 382.046045
"112" 0 0 510.658256000001
"113" 0 0 309.505737250001
"114" 0 0 297.707692500001
"115" 0 0 515.07994625
"116" 0 0 321.315509000002
"117" 0 0 206.392784
"118" 0 0 190.654661250002
"119" 0 0 200.083226499998
"120" 0 0 145.240244999999
"121" 0 0 233.323049
"122" 0 0 317.123055250001
"123" 0 0 332.892178
"124" 0 0 161.3396725
"125" 0 0 270.890696499998
"126" 0 0 167.87589425
"127" 0 0 234.440921250001
"128" 0 0 352.985922249999
"129" 0 0 357.608320999998
"130" 0 0 351.475896500001
"131" 0 0 301.474385
"132" 0 0 343.645420500003
"133" 0 0 341.734056249999
"134" 0 0 321.10471125
"135" 0 0 199.247017
"136" 0 0 181.59164825
"137" 0 0 271.039017249999
"138" 0 0 193.649151999999
"139" 0 0 211.438367999999
"140" 0 0 342.947477
"141" 0 0 435.526446500002
"142" 0 0 255.20148625
"143" 0 0 422.440572500001
"144" 0 0 192.782456499997
"145" 0 0 202.56645125
"146" 0 0 561.290640500002
"147" 0 0 362.319447249999
"148" 0 0 260.167669000001
"149" 0 0 158.347177
"150" 0 0 341.892317000001
"151" 0 0 358.28428525
"152" 0 0 418.967118249995
"153" 0 0 400.852201250002
"154" 0 0 336.918964
"155" 0 0 366.490364499998
"156" 0 0 142.74818225
"157" 0 0 377.196867249996
"158" 0 0 291.950809000001
"159" 0 0 142.467082000002
"160" 0 0 405.999901249998
"161" 0 0 198.272906
"162" 0 0 254.049644500001
"163" 0 0 317.265488499998
"164" 0 0 288.766746000001
"165" 0 0 319.7299885
"166" 0 0 179.7663425
"167" 0 0 483.274680250001
"168" 0 0 293.0469625
"169" 0 0 396.140981000002
"170" 0 0 404.943438249999
"171" 0 0 158.906899999999
"172" 0 0 405.60128725
"173" 0 0 451.240371250002
"174" 0 0 380.93813225
"175" 0 0 286.991751249999
"176" 0 0 230.593696999999
"177" 0 0 220.371581
"178" 0 0 338.468130499998
"179" 0 0 376.88102125
"180" 0 0 431.827927250001
"181" 0 0 413.062531249998
"182" 0 0 290.062406249999
"183" 0 0 144.220712
"184" 0 0 181.6366445
"185" 0 0 176.29535725
"186" 0 0 297.212753
"187" 0 0 255.14193625
"188" 0 0 178.064185
"189" 0 0 337.592908250004
"190" 0 0 241.993699999998
"191" 0 0 364.648682500002
"192" 0 0 280.81550925
"193" 0 0 286.513214500001
"194" 0 0 219.559846250001
"195" 0 0 299.73604
"196" 1 235.0351105 272.510717582733
"197" 1 243.788769249997 267.325756817057
"198" 1 285.164196250001 757.729387109463
"199" 1 319.93035625 336.311965177153
"200" 1 323.553168249999 564.52514557529
"201" 1 334.807324999999 604.830089707669
"202" 1 344.094361249997 348.892206895347
"203" 1 350.122394249998 406.631627662811
"204" 1 355.05818125 541.579696578322
"205" 1 359.14621025 820.34609919732
"206" 1 361.270101250003 758.277138771322
"207" 1 363.441406500001 467.114873719648
"208" 1 363.943759999999 384.761855803781
"209" 1 364.121610250001 928.35015460359
"210" 1 365.874447249999 446.540854899397
"211" 1 368.1125825 549.03958990332
"212" 1 373.410541249998 651.685878939243
"213" 1 374.177712500002 388.49707195737
"214" 1 375.813678499999 576.294110088949
"215" 1 377.038038499996 380.102651125963
"216" 1 379.676550500002 548.372526503711
"217" 1 381.211065000001 400.61445701094
"218" 1 386.233689250001 625.288883190014
"219" 1 386.794306000002 556.933145555717
"220" 1 390.79347625 803.192372142207
"221" 1 394.199095249999 454.38402076001
"222" 1 394.357960000002 487.096173058059
"223" 1 399.684784499999 439.739117095024
"224" 1 400.729350499998 488.795061212716
"225" 1 402.415322500001 637.419559126222
"226" 1 403.91334625 803.778687843342
"227" 1 406.849419249999 597.400436174966
"228" 1 407.760766249996 1156.35075337383
"229" 1 409.282047249999 585.146180670742
"230" 1 410.100291249997 429.566199498901
"231" 1 418.016730499998 587.829820445347
"232" 1 418.209017 887.925867025893
"233" 1 419.742930249997 1117.25409500692
"234" 1 419.919300999999 514.254109849244
"235" 1 420.231972250002 723.101831431278
"236" 1 421.103190250001 618.110071976575
"237" 1 426.081781250001 512.353992842184
"238" 1 427.45876425 787.712018811258
"239" 1 428.20911625 460.494535196479
"240" 1 429.686276499997 968.861188240622
"241" 1 429.79801625 502.952154047447
"242" 1 430.04851625 881.176237992775
"243" 1 430.856245000001 508.037920858224
"244" 1 431.27789225 842.624964345213
"245" 1 432.070270250004 881.666553751416
"246" 1 432.145090249999 680.784064590087
"247" 1 434.594964999999 594.04574399382
"248" 1 435.307599250002 487.986035306717
"249" 1 437.232605 441.201402482006
"250" 1 437.636093 849.106760605316
"251" 1 439.904824999999 563.629085105996
"252" 1 440.258598250002 464.915870281062
"253" 1 441.509051249998 650.700484009171
"254" 1 443.520498249999 518.77145888559
"255" 1 443.68327125 849.489754389075
"256" 1 447.707186000001 558.470884321109
"257" 1 450.244534500002 519.174106898602
"258" 1 451.456478499999 508.002222268981
"259" 1 451.887592000001 831.64629153647
"260" 1 452.895750250001 823.235358409839
"261" 1 454.228163999995 485.260693610595
"262" 1 454.613401999997 895.966159494067
"263" 1 455.467450250001 620.370767288081
"264" 1 457.013353000001 473.581378763812
"265" 1 458.21670425 872.369753950185
"266" 1 459.488122000002 464.149072820197
"267" 1 459.896922250004 592.660029181812
"268" 1 460.140901249999 518.922567604222
"269" 1 460.409776249998 682.129555934135
"270" 1 463.07114325 733.304414844496
"271" 1 463.600152999999 528.181755366811
"272" 1 466.29713 860.409878334976
"273" 1 468.519222249999 777.833741959098
"274" 1 468.665354249998 876.996091946614
"275" 1 470.27656 725.871811318376
"276" 1 472.969711249998 587.718108471107
"277" 1 474.99287225 564.11707735296
"278" 1 475.56350725 1049.02553570053
"279" 1 476.153608500005 521.244069493707
"280" 1 478.02440725 797.764433254216
"281" 1 482.927566499999 612.259925747424
"282" 1 488.391886249999 610.602268159909
"283" 1 489.837028 684.349068856828
"284" 1 490.224134499999 677.618540719812
"285" 1 490.83281 535.078813503718
"286" 1 491.1939405 537.237415995694
"287" 1 492.988092999999 654.497945537279
"288" 1 494.3323925 771.537007268344
"289" 1 494.805434499999 522.931235299613
"290" 1 495.286980249999 522.225834582778
"291" 1 497.62163125 497.742908416112
"292" 1 499.000514499998 680.597911328776
"293" 1 502.283336 544.814364310425
"294" 1 505.06570825 653.107020646394
"295" 1 505.526988999999 511.591717122694
"296" 1 506.142666250001 661.792613984621
"297" 1 511.437136249999 884.44262234086
"298" 1 512.070925249997 525.064532756441
"299" 1 512.166631249999 562.022194908169
"300" 1 513.262364499998 544.173639113903
"301" 1 513.437341 515.255479826148
"302" 1 513.445480999998 608.077017283002
"303" 1 514.204494499999 514.442032357577
"304" 1 514.213450000002 786.392809600729
"305" 1 516.672195999999 671.158333411908
"306" 1 517.964861000003 730.733927459714
"307" 1 518.31342225 878.625882935721
"308" 1 522.841033999999 525.686034016481
"309" 1 523.005128 524.555302848331
"310" 1 524.439477000002 1086.69442987952
"311" 1 527.65695725 992.346186187666
"312" 1 527.793461 559.158478031302
"313" 1 530.239385250001 619.898991247933
"314" 1 530.891299249999 677.674880506748
"315" 1 531.429866500001 534.300117662323
"316" 1 533.214130250004 553.885774193466
"317" 1 535.90038125 662.331032247918
"318" 1 535.970582500001 653.753188639664
"319" 1 536.380214499997 795.473119642649
"320" 1 536.598120500001 596.786900332857
"321" 1 538.887016 557.30460274784
"322" 1 539.256963249999 689.663685642742
"323" 1 542.19644825 592.287645311652
"324" 1 542.740572999998 548.247491238335
"325" 1 544.03705 544.085518098898
"326" 1 545.69553625 627.398525682463
"327" 1 546.331755249999 562.395143095953
"328" 1 546.6109025 557.982178017704
"329" 1 546.799254500002 588.653126722783
"330" 1 548.842521250003 565.082101357853
"331" 1 548.866104999999 581.241082923901
"332" 1 549.779146250002 574.179029729428
"333" 1 550.171648 573.821828668938
"334" 1 550.543842000001 603.635059302193
"335" 1 551.791829 912.050137717705
"336" 1 551.794806499999 618.629388048514
"337" 1 553.3262165 627.468119573778
"338" 1 554.13859225 729.277087201034
"339" 1 554.778452000005 764.410268123211
"340" 1 554.970382250001 747.709052230797
"341" 1 558.15560125 609.148505383386
"342" 1 558.3975525 718.159906101033
"343" 1 558.653326249998 562.365778359656
"344" 1 559.675154249999 604.79574807681
"345" 1 563.496792500001 602.372222200287
"346" 1 563.948545 570.022228232781
"347" 1 569.647766500001 697.78265464603
"348" 1 570.771097250003 653.297763018633
"349" 1 571.509541000001 612.457428540458
"350" 1 572.591720000001 585.713981399169
"351" 1 572.641006499998 662.583313200291
"352" 1 576.16162325 692.010276477722
"353" 1 577.223821 671.611991135962
"354" 1 587.363556249999 677.064022087469
"355" 1 588.8244825 944.981534405325
"356" 1 590.532385000002 607.904606020905
"357" 1 594.629313999996 1308.43114889208
"358" 1 594.860334500003 634.442478500926
"359" 1 595.531950250002 597.187944350975
"360" 1 595.5503825 644.322248419985
"361" 1 596.693952499998 607.88130948015
"362" 1 598.6326625 606.799605285221
"363" 1 599.7205625 655.287263005489
"364" 1 599.762286500001 812.327396208623
"365" 1 606.982024250002 666.700259232584
"366" 1 607.159759999998 636.064292985656
"367" 1 611.496006249998 725.950544452943
"368" 1 611.6336245 628.172880051257
"369" 1 612.345826249998 648.05191089563
"370" 1 614.1896045 647.538085867652
"371" 1 615.33200525 625.202999365917
"372" 1 617.044249249998 681.041103255179
"373" 1 619.891803249997 643.862431768266
"374" 1 621.650541249995 691.823451152189
"375" 1 622.454848999997 800.997428532088
"376" 1 625.004940500001 637.114342833869
"377" 1 626.290978500003 642.991787915395
"378" 1 629.544262499999 801.898964396651
"379" 1 629.914244 712.054100793172
"380" 1 632.191869250006 645.255721112146
"381" 1 633.888216250004 641.366787058603
"382" 1 634.625331249994 662.228372441974
"383" 1 637.259432500004 678.962324369122
"384" 1 639.816249999998 681.582344292823
"385" 1 640.966579249999 711.743297723591
"386" 1 642.701110499998 644.867246579207
"387" 1 652.143361249999 793.263529378168
"388" 1 654.380810000001 689.715343143553
"389" 1 660.0552205 691.177639798416
"390" 1 661.358131249997 671.246830274262
"391" 1 664.077188000002 756.405930077491
"392" 1 665.054197250003 694.914460548536
"393" 1 665.562458499997 683.357657380999
"394" 1 666.165676249997 724.18055065595
"395" 1 667.749391250001 690.745864087003
"396" 1 671.259433000001 705.3161504241
"397" 1 676.720797249999 718.630369829375
"398" 1 677.10012925 698.26032794753
"399" 1 677.344826 695.907943323145
"400" 1 684.259081999999 762.677920066937
"401" 1 686.995443999999 687.304882203358
"402" 1 690.250432250002 701.303644387124
"403" 1 694.370305249999 781.312026368978
"404" 1 695.000901250001 1385.01734974973
"405" 1 695.886392500001 768.88843579852
"406" 1 705.381618499998 708.256945839227
"407" 1 710.853642500002 1556.7771588117
"408" 1 711.420907250004 723.996790365201
"409" 1 714.959362000001 717.570663639329
"410" 1 716.051249999999 729.705972639457
"411" 1 721.181050000002 1137.8096558063
"412" 1 721.947341249999 789.84620577699
"413" 1 726.798636249999 743.443776823856
"414" 1 727.066970499997 730.352708962865
"415" 1 728.299300499998 828.966697464289
"416" 1 744.560532500003 850.745106108982
"417" 1 747.6155525 756.830909417843
"418" 1 748.777837000002 753.845565485012
"419" 1 750.900132999998 823.441471733824
"420" 1 752.374033999999 763.087139631876
"421" 1 756.704570000001 756.914250740345
"422" 1 759.2814805 774.132570845777
"423" 1 771.11781625 992.31703774735
"424" 1 773.387919999995 915.481020650602
"425" 1 774.082689249999 949.854740353184
"426" 1 779.173306000006 884.480511178599
"427" 1 779.327446500002 779.679035468181
"428" 1 780.620894500002 784.127005271512
"429" 1 788.815815250001 789.441194418442
"430" 1 798.805461249997 798.904212663576
"431" 1 800.868363250001 991.387590707718
"432" 1 806.261022499993 911.775157071433
"433" 1 811.0982405 1038.74313724595
"434" 1 819.777650000001 951.930371641628
"435" 1 820.7321425 823.280298458766
"436" 1 838.316222499999 857.909257038558
"437" 1 842.302776250002 842.306654075564
"438" 1 842.891112500003 849.335481435253
"439" 1 854.433332 863.029473299448
"440" 1 877.763380000005 937.373784113615
"441" 1 885.830721999999 1002.80285159417
"442" 1 886.756216250004 887.414428798968
"443" 1 894.470781250001 1191.96206065249
"444" 1 897.056425000003 897.060888796625
"445" 1 903.898138249994 911.151839775316
"446" 1 916.846250000002 923.087615334801
"447" 1 940.1811565 940.226481136209
"448" 1 951.651649999999 960.385636053023
"449" 1 958.245952000001 1049.93088001742
"450" 1 963.798722499999 982.937343570741
"451" 1 984.702434500002 1001.4434261305
"452" 1 1033.795728 1123.28446961685
"453" 1 1065.91136125 1084.51703352718
"454" 1 1079.8221505 1080.88766289193
"455" 1 1092.45973324999 1092.99720822534
"456" 1 1098.50134225001 1400.37620399008
"457" 1 1127.211242 1127.63970598254
"458" 1 1131.2735825 1378.51739177335
"459" 1 1146.5594045 1338.47329371949
"460" 1 1160.4373205 1175.34765887464
"461" 1 1169.067892 1187.99392042604
"462" 1 1206.64585925 1281.48888687878
"463" 1 1283.975812 1289.35089867525
"464" 1 1292.2692425 1315.16082699494
"465" 1 1334.5638345 1362.83930302055
"466" 1 1472.82733625001 1478.46995723582
