"dimension" "Birth" "Death"
"1" 0 0 Inf
"2" 0 0 482.944157
"3" 0 0 394.922332249999
"4" 0 0 482.741562500001
"5" 0 0 372.038404500001
"6" 0 0 433.698852500001
"7" 0 0 415.838730499996
"8" 0 0 306.803597000001
"9" 0 0 429.357878499999
"10" 0 0 521.478817000002
"11" 0 0 358.839271249999
"12" 0 0 480.71558125
"13" 0 0 447.854917000005
"14" 0 0 303.776032500002
"15" 0 0 379.456086499999
"16" 0 0 507.88566925
"17" 0 0 382.83279625
"18" 0 0 400.113786500002
"19" 0 0 451.436386249999
"20" 0 0 380.819720499999
"21" 0 0 336.329554250002
"22" 0 0 652.996129999997
"23" 0 0 236.436249999998
"24" 0 0 326.3064745
"25" 0 0 467.02782425
"26" 0 0 321.49719725
"27" 0 0 398.549035250003
"28" 0 0 444.883973000003
"29" 0 0 407.391402499998
"30" 0 0 323.879875250001
"31" 0 0 492.921453249999
"32" 0 0 520.118012499998
"33" 0 0 374.654296250001
"34" 0 0 300.146760000002
"35" 0 0 395.867401250001
"36" 0 0 328.3487005
"37" 0 0 437.871454249999
"38" 0 0 404.666990500001
"39" 0 0 305.438026000001
"40" 0 0 236.77736525
"41" 0 0 354.116365000001
"42" 0 0 295.436782249999
"43" 0 0 417.878211250001
"44" 0 0 404.309621249998
"45" 0 0 608.074806250003
"46" 0 0 543.927062500001
"47" 0 0 443.31967525
"48" 0 0 193.2287985
"49" 0 0 280.158716499999
"50" 0 0 436.2366565
"51" 0 0 426.110842
"52" 0 0 227.524258000002
"53" 0 0 407.771688250003
"54" 0 0 256.825321999999
"55" 0 0 419.616665
"56" 0 0 421.955089999999
"57" 0 0 619.990193000001
"58" 0 0 427.33211525
"59" 0 0 300.270964249999
"60" 0 0 377.824294250001
"61" 0 0 338.496822500001
"62" 0 0 268.912140250001
"63" 0 0 353.792242
"64" 0 0 322.440981250001
"65" 0 0 390.687366250002
"66" 0 0 330.545532249998
"67" 0 0 319.322617000001
"68" 0 0 574.936488999997
"69" 0 0 368.334566499994
"70" 0 0 406.301139249998
"71" 0 0 340.544715249999
"72" 0 0 210.11146025
"73" 0 0 412.898978
"74" 0 0 482.850181249998
"75" 0 0 327.1238505
"76" 0 0 602.000954500002
"77" 0 0 273.856998500002
"78" 0 0 603.182784499999
"79" 0 0 229.68030625
"80" 0 0 543.464682500001
"81" 0 0 294.1006825
"82" 0 0 633.505293249999
"83" 0 0 290.890385
"84" 0 0 359.838372250001
"85" 0 0 427.815401
"86" 0 0 392.497100999998
"87" 0 0 787.21598225
"88" 0 0 390.490738249999
"89" 0 0 293.220888250003
"90" 0 0 432.304708249999
"91" 0 0 314.293306499998
"92" 0 0 499.532161249998
"93" 0 0 601.222040500001
"94" 0 0 326.442458250001
"95" 0 0 461.306918500001
"96" 0 0 402.988333249997
"97" 0 0 447.755942250001
"98" 0 0 342.6112925
"99" 0 0 239.69339225
"100" 0 0 487.996224249999
"101" 0 0 477.932886500003
"102" 0 0 268.154402499997
"103" 0 0 213.4675285
"104" 0 0 550.903705249999
"105" 0 0 500.402234250001
"106" 0 0 527.693985000002
"107" 0 0 544.072345999999
"108" 0 0 379.451160500001
"109" 0 0 318.096076999999
"110" 0 0 405.641665250003
"111" 0 0 460.726744249998
"112" 0 0 554.823994250004
"113" 0 0 669.904545250001
"114" 0 0 288.866781250001
"115" 0 0 398.45933
"116" 0 0 421.176642499998
"117" 0 0 521.759622499999
"118" 0 0 271.041786000001
"119" 0 0 279.092648
"120" 0 0 647.922064
"121" 0 0 326.916147999998
"122" 0 0 497.882665249998
"123" 0 0 456.741354500002
"124" 0 0 739.776079999995
"125" 0 0 303.295354000001
"126" 0 0 138.38782625
"127" 0 0 476.67377925
"128" 0 0 441.561900249999
"129" 0 0 289.0140025
"130" 0 0 434.95908125
"131" 0 0 589.622649999998
"132" 0 0 446.763781250001
"133" 0 0 344.996905250001
"134" 0 0 645.721817
"135" 0 0 396.4538845
"136" 0 0 292.428202499999
"137" 0 0 413.69458325
"138" 0 0 284.77
"139" 0 0 484.961425000002
"140" 0 0 253.807002500001
"141" 0 0 362.7513745
"142" 0 0 217.190450000001
"143" 0 0 430.66196
"144" 0 0 106.7173165
"145" 0 0 530.434239249995
"146" 0 0 435.30878725
"147" 0 0 304.182330249999
"148" 0 0 490.608260000001
"149" 0 0 117.94195125
"150" 0 0 505.882610000002
"151" 0 0 219.579302500001
"152" 0 0 354.270035250001
"153" 0 0 428.145908000002
"154" 0 0 383.80285125
"155" 0 0 366.677109249998
"156" 0 0 450.4015125
"157" 0 0 652.69325125
"158" 0 0 313.540773249999
"159" 0 0 223.262689
"160" 0 0 304.493966500001
"161" 0 0 370.516832999997
"162" 0 0 289.807008250003
"163" 0 0 706.006956249997
"164" 0 0 307.892725
"165" 0 0 264.427133000001
"166" 0 0 366.755618000001
"167" 0 0 311.2319125
"168" 0 0 218.540056500001
"169" 0 0 538.114555250002
"170" 0 0 252.986994499998
"171" 0 0 347.06757625
"172" 0 0 354.314610000001
"173" 0 0 541.942165000005
"174" 0 0 364.295389249998
"175" 0 0 666.032448499997
"176" 0 0 248.528956249999
"177" 0 0 211.9508225
"178" 0 0 692.727291249999
"179" 0 0 259.64043625
"180" 0 0 490.923132499999
"181" 0 0 272.636998250001
"182" 0 0 324.238741250002
"183" 0 0 538.599197250002
"184" 0 0 422.965780249999
"185" 0 0 176.15004325
"186" 0 0 371.796992500001
"187" 0 0 244.603521000001
"188" 0 0 588.114744999997
"189" 0 0 461.484499999999
"190" 0 0 263.24036525
"191" 0 0 254.561506250001
"192" 0 0 331.161408499999
"193" 0 0 461.448471250001
"194" 0 0 389.61125
"195" 0 0 263.8240625
"196" 1 332.574488500003 367.443879414419
"197" 1 340.130976249999 664.762691807744
"198" 1 376.987771250003 612.612715811125
"199" 1 387.227696500001 615.113223401703
"200" 1 390.171283249998 455.311865639754
"201" 1 390.391627250001 459.525612574837
"202" 1 392.552508500001 490.076933669407
"203" 1 400.670172499999 452.532377985837
"204" 1 407.313192500003 536.220457699524
"205" 1 411.111025 446.536929646736
"206" 1 420.735097000001 899.48797747342
"207" 1 431.793742250002 486.776067100117
"208" 1 432.455802499999 513.566036964954
"209" 1 439.165668999999 910.767056242323
"210" 1 440.438400000002 929.680324999714
"211" 1 440.801377000002 442.910951941852
"212" 1 443.521600999999 444.543098375553
"213" 1 447.082542250001 658.162576913486
"214" 1 449.57770325 694.48527653184
"215" 1 449.966329250001 977.948438143306
"216" 1 452.299334499994 615.285056391743
"217" 1 452.48534825 689.902508454339
"218" 1 452.585128249999 480.273191016974
"219" 1 452.734926499999 512.424829906061
"220" 1 454.691784499998 512.781111654773
"221" 1 455.13608825 672.384610113633
"222" 1 458.295201249999 708.227524057554
"223" 1 464.382051249999 586.15980541944
"224" 1 464.888569999998 552.491015032602
"225" 1 467.264307250001 693.569064984113
"226" 1 475.301538500001 476.614541187152
"227" 1 476.760001249999 832.26437592641
"228" 1 478.171216249997 504.032481541162
"229" 1 484.825392250002 738.404272277228
"230" 1 489.355029250001 977.952797934896
"231" 1 491.129668000003 1202.36664046626
"232" 1 492.192146500003 669.460973807127
"233" 1 492.468972499999 641.16806891545
"234" 1 496.415747249998 570.972174951617
"235" 1 499.70793825 958.790272097535
"236" 1 500.320429000001 759.095976118523
"237" 1 504.462212500002 751.96272595483
"238" 1 505.423262250001 1082.89463731263
"239" 1 506.063512999999 629.629033591281
"240" 1 509.40017 1065.7305747527
"241" 1 509.82249125 748.849296372256
"242" 1 512.274582500001 537.272657526655
"243" 1 512.290324999999 949.035019258682
"244" 1 512.740995999999 796.344723517348
"245" 1 513.937504249998 610.885481167518
"246" 1 514.348484500004 903.397161176346
"247" 1 517.84399125 786.11376558066
"248" 1 520.245796249999 857.532368321473
"249" 1 520.607688249996 608.431392476421
"250" 1 522.17889125 835.501669261351
"251" 1 525.308681249999 771.233299526803
"252" 1 526.407906500002 1122.36642922828
"253" 1 528.538292499995 769.641346729257
"254" 1 528.726471999999 782.171789533828
"255" 1 534.351848 641.444124219967
"256" 1 536.215507250001 740.146900985048
"257" 1 536.56734925 684.255496400651
"258" 1 537.535495249999 980.621789958028
"259" 1 546.450852250003 546.725443882746
"260" 1 546.713557 618.515477543873
"261" 1 547.685800250002 785.016061564107
"262" 1 548.441427249999 575.891876868488
"263" 1 550.2543325 739.220140599946
"264" 1 550.586941 994.195875913978
"265" 1 553.133206249998 639.768805052777
"266" 1 555.276488500001 764.533477689237
"267" 1 560.619542499998 608.716281492123
"268" 1 561.264391249997 575.502379516615
"269" 1 561.946043249999 1718.20124759971
"270" 1 564.1740745 793.335453417392
"271" 1 573.263894249997 1207.16013605049
"272" 1 573.780701250002 715.435196674852
"273" 1 576.520521249997 685.866169631921
"274" 1 577.496296000001 1451.71650731541
"275" 1 579.126712499996 607.689991976845
"276" 1 579.249377999999 579.379719916851
"277" 1 581.007482499999 679.060996983768
"278" 1 583.997832499998 598.076188651563
"279" 1 587.390784999999 769.818985572428
"280" 1 587.522482 628.230752801391
"281" 1 588.194945 640.50904840024
"282" 1 588.45449 699.888314045089
"283" 1 591.126400250002 636.273236187704
"284" 1 595.871485250002 910.480300852738
"285" 1 596.687980999999 798.326400027021
"286" 1 596.803704250002 641.50917875952
"287" 1 597.517262500002 763.182750397003
"288" 1 597.917178500002 699.572789954734
"289" 1 601.31659925 746.862005272015
"290" 1 601.607836249999 661.620723837066
"291" 1 602.02808825 928.331553233793
"292" 1 605.47104725 606.836070341897
"293" 1 606.115502499996 1044.04243621884
"294" 1 607.84809625 685.504589339834
"295" 1 608.417634500001 608.54630248659
"296" 1 609.411536500001 1231.48832453989
"297" 1 613.345971249999 805.185447902819
"298" 1 613.936593249999 648.888975583283
"299" 1 614.152656499999 619.833757643298
"300" 1 614.870511250001 710.655372632437
"301" 1 614.883100500001 1067.20755770552
"302" 1 615.82564 792.419815988483
"303" 1 615.8954845 802.814590799914
"304" 1 617.867406499998 663.07828362155
"305" 1 619.479720000002 788.809486801099
"306" 1 620.01002225 646.182191092294
"307" 1 620.318682250001 697.967316374366
"308" 1 621.125451250001 640.465386833286
"309" 1 624.933005000004 821.691896326117
"310" 1 624.968311250002 890.642547968995
"311" 1 626.175166499999 1021.87447151675
"312" 1 627.708376250002 716.13121106063
"313" 1 627.803176499998 704.638975286059
"314" 1 629.836246250002 1034.96539324398
"315" 1 632.40261925 635.55017519558
"316" 1 632.883732499999 727.951741974199
"317" 1 642.790493 747.753499932259
"318" 1 643.521679249999 815.074966211607
"319" 1 644.207591249999 655.869649753467
"320" 1 646.129288 720.81329609729
"321" 1 646.667736999996 1062.37319000774
"322" 1 646.798498249998 972.839746990542
"323" 1 647.529224000001 738.453401018502
"324" 1 648.401931249998 915.752586795577
"325" 1 649.781496499997 1027.37300766173
"326" 1 651.972079250001 765.627205723424
"327" 1 652.023992499998 681.099119280292
"328" 1 652.65587825 767.697505947881
"329" 1 653.462433 907.12206617491
"330" 1 653.971010500001 1043.98847459347
"331" 1 656.6698125 744.354738160165
"332" 1 656.904350500002 699.962035228109
"333" 1 657.017091999998 959.014520923533
"334" 1 658.179006249999 807.730686416362
"335" 1 661.173540249998 694.892636092341
"336" 1 661.95277025 751.823940691544
"337" 1 662.683050500002 665.711107441917
"338" 1 662.702252500001 895.000753813371
"339" 1 668.728886500002 1116.55833466055
"340" 1 669.670305250001 684.973743184563
"341" 1 669.865664499999 670.042406588247
"342" 1 670.510325000003 694.614706292535
"343" 1 672.051606499995 1130.72213935475
"344" 1 672.211539249999 675.992765144654
"345" 1 672.265495250001 1199.26203383367
"346" 1 673.856499999998 752.92935060359
"347" 1 675.200521000001 963.011346944918
"348" 1 676.891800500003 813.553624863247
"349" 1 677.590995250001 1022.04685316095
"350" 1 677.905185250003 1061.68256419726
"351" 1 678.235348249998 681.910420913981
"352" 1 679.56193125 680.753758861924
"353" 1 680.333158250001 999.227003255138
"354" 1 680.345793249998 683.958743473617
"355" 1 683.080296999999 727.107429313581
"356" 1 684.966894250001 760.591078952125
"357" 1 687.822236999993 819.056618368915
"358" 1 689.404760999999 1067.78117725409
"359" 1 691.516729999996 873.778089637847
"360" 1 695.71627425 925.761950369944
"361" 1 698.593520250001 709.750235323984
"362" 1 699.628932250002 706.069041814837
"363" 1 701.129458000001 778.987739331226
"364" 1 701.822783250004 890.212138864333
"365" 1 702.211630500002 751.272959620014
"366" 1 703.76441 750.023119157167
"367" 1 704.344584249999 1372.0706620632
"368" 1 705.707190499995 983.409094256221
"369" 1 709.574440250004 1321.33953265424
"370" 1 710.33508025 740.353379021743
"371" 1 710.356357250002 1276.07651157544
"372" 1 713.576173249999 733.147770192529
"373" 1 714.580529000002 751.12744382971
"374" 1 716.879233250004 768.944427087282
"375" 1 718.57601825 731.317619312467
"376" 1 720.83135825 797.188057125474
"377" 1 724.09518725 789.498357736194
"378" 1 724.350916999997 1007.93423030393
"379" 1 725.551245249997 728.496880620255
"380" 1 725.786988250005 881.94227100221
"381" 1 726.25571825 888.968225658832
"382" 1 726.760162250002 963.308833354534
"383" 1 727.953002499998 1257.14352799528
"384" 1 728.385126250001 732.992169717505
"385" 1 733.922287249996 765.781652327958
"386" 1 734.935082500002 827.245870133514
"387" 1 736.332325 800.508692723127
"388" 1 737.401758250002 879.819416490532
"389" 1 737.954571249998 822.961457512975
"390" 1 738.449343250002 765.96192883336
"391" 1 739.14486025 751.609544815868
"392" 1 745.4072825 752.108510257868
"393" 1 752.523087999999 784.209816515939
"394" 1 754.517413250004 768.829752481477
"395" 1 758.812824999998 1190.7708577121
"396" 1 761.432463999998 794.626156791478
"397" 1 777.131612499999 789.244262338196
"398" 1 779.04514125 786.107733017167
"399" 1 780.991033 792.332809841227
"400" 1 782.923156249999 832.960533379349
"401" 1 786.459351249999 897.410278068006
"402" 1 789.837686500004 885.156473692629
"403" 1 792.073393000001 830.577494848525
"404" 1 792.448972249999 792.451992071267
"405" 1 793.724512500002 802.168111773526
"406" 1 795.311202249994 840.2008337477
"407" 1 795.772518250004 920.335173061325
"408" 1 801.762402500004 1286.50795420416
"409" 1 804.38054425 944.840604485418
"410" 1 804.397510250007 1036.79268844781
"411" 1 811.402696249998 812.304091950217
"412" 1 815.962428249997 907.591537921103
"413" 1 816.01453125 884.266563614879
"414" 1 820.024296250002 823.665091570601
"415" 1 820.281960000002 985.957162569009
"416" 1 820.953754000002 822.48360181129
"417" 1 829.011156500001 834.170890541029
"418" 1 829.397965249998 841.766645137139
"419" 1 830.961624999999 849.470123176984
"420" 1 833.124662499997 977.100131085491
"421" 1 839.334378500003 1225.97569889735
"422" 1 839.52179125 873.157971938344
"423" 1 841.151469250001 897.266505456894
"424" 1 843.520018250001 926.376000289104
"425" 1 844.343150499999 851.047085517827
"426" 1 845.302258249999 909.455675563541
"427" 1 851.907065000003 890.21313343404
"428" 1 852.6951145 1100.84405313359
"429" 1 854.641208249994 941.862417066025
"430" 1 859.8901505 872.836215622144
"431" 1 863.406788499999 873.311779283228
"432" 1 863.939522000001 920.151356714214
"433" 1 866.62058125 876.352641222117
"434" 1 869.697986499997 939.726411260308
"435" 1 876.241843999999 876.600199611691
"436" 1 877.35061025 1029.78639630704
"437" 1 879.364464500004 893.657813165659
"438" 1 879.7946985 905.437005880184
"439" 1 882.037050499996 894.975627526919
"440" 1 882.172686250002 916.831122159894
"441" 1 884.443479250001 907.022528973751
"442" 1 884.526507249999 942.922451599836
"443" 1 886.131322000002 887.97909170493
"444" 1 890.884105249999 891.795137635359
"445" 1 894.45519025 1209.50169074589
"446" 1 903.49740625 927.216092306325
"447" 1 907.535818249995 990.725304924734
"448" 1 909.634052499993 911.491553955366
"449" 1 918.298189249998 948.666515111608
"450" 1 921.140649999999 956.051229401595
"451" 1 922.181114499999 954.98128813868
"452" 1 928.127988250003 940.379547541908
"453" 1 930.2529925 943.970753015556
"454" 1 930.9509065 1080.76726464613
"455" 1 940.112021000002 953.633176929012
"456" 1 957.644972500001 958.533822149675
"457" 1 963.752856250002 1062.26387589983
"458" 1 967.849098500001 979.552235162642
"459" 1 973.349393000005 981.330551056793
"460" 1 998.360545250001 1240.44260587414
"461" 1 1004.568625 1189.40743796509
"462" 1 1014.63475625 1033.77570704356
"463" 1 1020.12879699999 1021.16607296645
"464" 1 1023.6655525 1176.01283814456
"465" 1 1025.23025125 1038.22723726222
"466" 1 1030.2142385 1072.02443437476
"467" 1 1033.097728 1221.16533969759
"468" 1 1036.65005 1055.91965867744
"469" 1 1049.412074 1058.6660664063
"470" 1 1054.62985624999 1113.45278781654
"471" 1 1056.611125 1056.78069690012
"472" 1 1064.2595405 1121.35725365279
"473" 1 1075.16187849999 1085.97273020752
"474" 1 1075.57059725 1130.85263880458
"475" 1 1078.9498585 1079.35052543524
"476" 1 1101.00989025 1123.52888459443
"477" 1 1125.772433 1216.55124548355
"478" 1 1158.65428325 1161.33086367739
"479" 1 1165.637029 1199.77599901585
"480" 1 1168.10130125 1169.91733414668
"481" 1 1172.83123599999 1178.45087517379
"482" 1 1203.65050625 1254.91126692739
"483" 1 1209.80953125 1210.56712794737
"484" 1 1233.171701 1259.73195774315
"485" 1 1240.5045385 1240.68968262397
"486" 1 1328.8587385 1349.09183781128
