"dimension" "Birth" "Death"
"1" 0 0 Inf
"2" 0 0 283.877086250001
"3" 0 0 265.45884425
"4" 0 0 258.755656
"5" 0 0 141.753352
"6" 0 0 242.9132525
"7" 0 0 283.772657249999
"8" 0 0 226.321566250001
"9" 0 0 108.42014125
"10" 0 0 162.902488249999
"11" 0 0 277.962016000002
"12" 0 0 245.262060249997
"13" 0 0 288.477699999998
"14" 0 0 267.324905
"15" 0 0 147.687178500002
"16" 0 0 203.37846425
"17" 0 0 299.225264499999
"18" 0 0 174.784000249999
"19" 0 0 271.345692249999
"20" 0 0 293.46370225
"21" 0 0 230.536202000004
"22" 0 0 280.688909000003
"23" 0 0 215.865351250001
"24" 0 0 289.469931250001
"25" 0 0 275.287936499999
"26" 0 0 379.026063249998
"27" 0 0 260.161882
"28" 0 0 294.672748250001
"29" 0 0 269.0988085
"30" 0 0 225.02145425
"31" 0 0 234.465125000001
"32" 0 0 269.732354000001
"33" 0 0 240.469002499999
"34" 0 0 239.054022250003
"35" 0 0 150.820126249999
"36" 0 0 249.25640125
"37" 0 0 131.370906249999
"38" 0 0 321.872566249999
"39" 0 0 261.782666500003
"40" 0 0 134.81207825
"41" 0 0 176.4804425
"42" 0 0 297.436682500003
"43" 0 0 322.523017999999
"44" 0 0 227.0392325
"45" 0 0 205.741243250001
"46" 0 0 260.5271765
"47" 0 0 265.921593249999
"48" 0 0 231.770880500001
"49" 0 0 330.62101925
"50" 0 0 138.2904685
"51" 0 0 209.5079345
"52" 0 0 276.065871250001
"53" 0 0 281.25259325
"54" 0 0 251.822522500001
"55" 0 0 268.266553999998
"56" 0 0 257.03323825
"57" 0 0 220.962065
"58" 0 0 221.499646250001
"59" 0 0 256.0111405
"60" 0 0 272.065573250003
"61" 0 0 202.60056625
"62" 0 0 222.101405000001
"63" 0 0 306.5316325
"64" 0 0 226.689843249998
"65" 0 0 127.663597
"66" 0 0 247.429056249999
"67" 0 0 227.324474499999
"68" 0 0 274.98914
"69" 0 0 157.988287249999
"70" 0 0 168.756111249999
"71" 0 0 266.399321000001
"72" 0 0 322.790090499999
"73" 0 0 221.25749425
"74" 0 0 313.86573725
"75" 0 0 237.969146500001
"76" 0 0 233.458042000001
"77" 0 0 263.455886249999
"78" 0 0 290.663346250003
"79" 0 0 136.082384500001
"80" 0 0 260.964865249998
"81" 0 0 144.557664250001
"82" 0 0 230.610624499999
"83" 0 0 225.5904765
"84" 0 0 204.904572500002
"85" 0 0 198.154112500001
"86" 0 0 314.860705000002
"87" 0 0 152.15377025
"88" 0 0 252.5472625
"89" 0 0 149.1916145
"90" 0 0 309.101843249999
"91" 0 0 220.459252000001
"92" 0 0 156.466208000003
"93" 0 0 315.777217000001
"94" 0 0 161.78204425
"95" 0 0 233.548705000001
"96" 0 0 417.118986000003
"97" 0 0 367.324800249999
"98" 0 0 212.591421250001
"99" 0 0 314.741929000001
"100" 0 0 156.447322000001
"101" 0 0 204.002622499999
"102" 0 0 304.262556999997
"103" 0 0 166.083374500001
"104" 0 0 240.929786250001
"105" 0 0 203.12466925
"106" 0 0 282.690458500001
"107" 0 0 332.846185249999
"108" 0 0 236.761385000001
"109" 0 0 190.5159425
"110" 0 0 159.79078625
"111" 0 0 95.711379999999
"112" 0 0 179.20422725
"113" 0 0 236.751802249998
"114" 0 0 153.837560499998
"115" 0 0 256.825030500001
"116" 0 0 236.732092250001
"117" 0 0 224.316406249999
"118" 0 0 332.681799250001
"119" 0 0 219.92687225
"120" 0 0 192.463689999999
"121" 0 0 218.620671250002
"122" 0 0 294.814906250001
"123" 0 0 156.06664625
"124" 0 0 282.799138499999
"125" 0 0 253.3265865
"126" 0 0 232.324081249999
"127" 0 0 244.510164999998
"128" 0 0 287.774244
"129" 0 0 139.159156999998
"130" 0 0 299.59497725
"131" 0 0 118.882738000001
"132" 0 0 226.738753249998
"133" 0 0 311.910487249999
"134" 0 0 238.187122
"135" 0 0 256.734857249999
"136" 0 0 290.829935250001
"137" 0 0 240.756300500001
"138" 0 0 305.239564999999
"139" 0 0 156.653185000001
"140" 0 0 273.92092025
"141" 0 0 277.562652250003
"142" 0 0 302.8114625
"143" 0 0 295.49110925
"144" 0 0 226.255932499998
"145" 0 0 193.264702249999
"146" 0 0 220.5680985
"147" 0 0 259.465712499998
"148" 0 0 177.759799250002
"149" 0 0 379.67857525
"150" 0 0 310.3646125
"151" 0 0 220.643010250002
"152" 0 0 243.2755525
"153" 0 0 289.410096999999
"154" 0 0 199.95971125
"155" 0 0 215.155688499999
"156" 0 0 272.360713250002
"157" 0 0 277.215192250003
"158" 0 0 278.9592265
"159" 0 0 310.994748499999
"160" 0 0 256.046006249998
"161" 0 0 150.291870250003
"162" 0 0 230.4496685
"163" 0 0 416.893554250003
"164" 0 0 111.399471249999
"165" 0 0 230.9366725
"166" 0 0 300.977840249999
"167" 0 0 278.890981
"168" 0 0 320.919800499999
"169" 0 0 377.868273250001
"170" 0 0 306.215725000001
"171" 0 0 435.530850499997
"172" 0 0 210.643800249999
"173" 0 0 138.245456500001
"174" 0 0 261.424724499999
"175" 0 0 211.00629125
"176" 0 0 243.59661625
"177" 0 0 236.413678250002
"178" 0 0 337.36235125
"179" 0 0 269.19184725
"180" 0 0 285.27772325
"181" 0 0 181.2889825
"182" 0 0 150.293736499999
"183" 0 0 239.894606250001
"184" 0 0 296.614504000001
"185" 0 0 215.98989725
"186" 0 0 263.639119250001
"187" 0 0 321.02650125
"188" 0 0 266.05653625
"189" 0 0 195.906266000001
"190" 0 0 321.08419025
"191" 0 0 288.064162000002
"192" 0 0 243.66525625
"193" 0 0 169.444892499999
"194" 0 0 357.64204325
"195" 0 0 259.12559725
"196" 0 0 146.37430525
"197" 0 0 168.644846499999
"198" 0 0 327.581062250001
"199" 0 0 160.893459999999
"200" 0 0 288.571080499999
"201" 1 235.428307250001 273.398862357697
"202" 1 244.02604525 459.359072583353
"203" 1 259.83183425 311.121612584841
"204" 1 267.345406249999 344.7509529675
"205" 1 269.912899250001 486.592603251503
"206" 1 272.1244565 313.54387037738
"207" 1 274.8336425 556.672377742326
"208" 1 277.094282 302.936949331175
"209" 1 279.98919625 602.677540987975
"210" 1 281.075302250001 448.587376447624
"211" 1 284.096135249999 605.564590902605
"212" 1 285.377148499998 338.189194856547
"213" 1 288.580387999998 303.733028480284
"214" 1 289.497196249999 374.617692926009
"215" 1 293.460625249998 317.312966422379
"216" 1 296.70393125 491.848408545608
"217" 1 296.858473249999 341.330240947291
"218" 1 297.527643249999 367.954905522828
"219" 1 298.489490500001 878.884301125027
"220" 1 300.151452500003 322.523242121011
"221" 1 300.290888500001 432.886356500677
"222" 1 300.947913999999 665.375428563665
"223" 1 301.659282499999 506.478485898626
"224" 1 301.802825249999 669.765041656222
"225" 1 304.009539249999 404.457664208069
"226" 1 305.206819249998 577.552072139226
"227" 1 306.601906000001 318.390271948325
"228" 1 307.60936025 347.854237916865
"229" 1 309.304867250002 365.424757445758
"230" 1 309.981619999998 319.26633665821
"231" 1 310.34382725 337.203915919944
"232" 1 313.96821125 342.614075591362
"233" 1 315.106886249998 484.467726438336
"234" 1 315.731989 349.270649996996
"235" 1 316.549413000001 533.144694286638
"236" 1 316.795482250004 375.31433236486
"237" 1 317.386080500001 411.243826223806
"238" 1 319.02636025 557.009569123274
"239" 1 319.447740250003 634.089876833852
"240" 1 322.94769625 345.306898465699
"241" 1 323.283186 597.060146444192
"242" 1 324.974056500001 432.255563309253
"243" 1 325.531018000001 372.389316086507
"244" 1 326.1583025 491.489505301755
"245" 1 328.970880499998 371.153204079363
"246" 1 331.078636999996 352.924298404272
"247" 1 333.549408250003 621.483753312844
"248" 1 333.87283125 581.930402754519
"249" 1 333.907270249999 509.142386023203
"250" 1 333.9770625 359.834634948308
"251" 1 335.885241249999 387.654845742187
"252" 1 335.953454500001 690.447160068915
"253" 1 342.194940249999 635.852122575127
"254" 1 342.905893000001 384.813008002649
"255" 1 343.147639249999 661.920881265861
"256" 1 345.1811445 551.876651311476
"257" 1 345.804322249997 617.075662168243
"258" 1 346.03595125 384.281460233759
"259" 1 346.456557000001 569.929260313903
"260" 1 347.122279999999 411.699937201937
"261" 1 347.205420250002 525.737615772906
"262" 1 347.289641000001 583.721157427145
"263" 1 348.16339825 363.796272423933
"264" 1 349.733052500001 586.714785880795
"265" 1 349.926601999996 477.529739913884
"266" 1 352.089456499999 561.21962227094
"267" 1 352.73825725 396.170722670655
"268" 1 352.791568999999 686.137470996791
"269" 1 353.3799025 487.968699926672
"270" 1 355.098288249999 458.016585075166
"271" 1 355.96771325 562.489979123213
"272" 1 356.669331249999 420.684864270941
"273" 1 357.529938250001 428.99610188972
"274" 1 357.794414500001 482.914154816494
"275" 1 362.264564250001 500.677443553588
"276" 1 362.757281 404.319629718125
"277" 1 363.361874 392.389288497115
"278" 1 363.506220999999 615.552078114211
"279" 1 364.13795125 622.377515976803
"280" 1 364.362399250001 554.197354306329
"281" 1 365.565912499999 590.384961358543
"282" 1 368.99001925 437.531147352303
"283" 1 370.51845925 431.662978088952
"284" 1 370.645549 398.120924496169
"285" 1 371.823822499998 445.207014446435
"286" 1 374.69394425 604.575570971895
"287" 1 377.137300000001 420.403204844238
"288" 1 377.960596 430.84224620684
"289" 1 379.147254249998 518.896433552031
"290" 1 380.018580250003 711.921514714111
"291" 1 381.152729000001 490.927878525559
"292" 1 381.39289625 402.181305430583
"293" 1 382.329426249999 428.605281814501
"294" 1 382.46170225 781.130337421677
"295" 1 382.735480249999 809.749926526936
"296" 1 383.014902249997 420.326516737225
"297" 1 383.404304000001 636.645536586398
"298" 1 383.909997249999 575.56219632004
"299" 1 384.275054249999 615.652571330374
"300" 1 385.961571999999 406.699657416803
"301" 1 386.786766250001 414.913995555999
"302" 1 389.044682499999 448.514951212433
"303" 1 389.058818 661.451099589965
"304" 1 389.199828250003 443.838412561912
"305" 1 389.402831250002 484.355888530526
"306" 1 389.72511125 808.296993208509
"307" 1 390.302226250003 500.844548666061
"308" 1 390.906252499996 496.3914677722
"309" 1 391.093662499997 455.492513971073
"310" 1 392.52450625 456.001301159129
"311" 1 394.56409925 448.519045583746
"312" 1 395.61907625 436.477994068461
"313" 1 396.811836249996 483.535673742808
"314" 1 397.049266250002 409.221462734399
"315" 1 397.870850000001 444.437046260776
"316" 1 398.144426499999 697.342708104703
"317" 1 398.904930000001 657.59405020795
"318" 1 399.283086250002 607.809115065504
"319" 1 399.969392499999 624.414249586652
"320" 1 400.057247250002 424.7924399357
"321" 1 400.439682 457.673808837564
"322" 1 400.526202499998 475.479568427441
"323" 1 400.543672999997 414.307030739733
"324" 1 401.259586500001 424.393010058598
"325" 1 402.506566249999 658.846556432607
"326" 1 402.741937249999 440.845596892434
"327" 1 402.911762500001 403.235414133015
"328" 1 405.045463250001 492.998942238047
"329" 1 407.34741625 425.117551400222
"330" 1 407.408865999999 455.834292106052
"331" 1 407.626946000001 413.090305830149
"332" 1 409.103912499998 421.018805701116
"333" 1 409.486346000001 449.32147253713
"334" 1 410.214052999998 488.650394352955
"335" 1 411.14092325 570.777982313042
"336" 1 411.723272 679.02378593107
"337" 1 412.323657249999 459.678299529961
"338" 1 412.483361 435.195772098823
"339" 1 412.6532665 416.322980682172
"340" 1 414.178 416.250917460638
"341" 1 414.88983425 561.386416016757
"342" 1 415.748612500002 452.088088728375
"343" 1 415.80770625 433.581820895257
"344" 1 416.787874 438.551630905563
"345" 1 418.210189 598.559321059551
"346" 1 418.214488249999 487.439109963558
"347" 1 418.31759125 577.234839637734
"348" 1 418.62269225 444.541603272253
"349" 1 418.684009249997 418.958832378646
"350" 1 421.32368125 426.663525213587
"351" 1 421.527572999999 815.244582163473
"352" 1 422.166097249997 430.495518137258
"353" 1 422.196900250002 422.70144807564
"354" 1 423.287451249999 445.673727689481
"355" 1 423.534183249999 446.926224039845
"356" 1 424.165474000001 427.56072095782
"357" 1 425.29310525 482.086555632458
"358" 1 426.075322249997 438.591732111627
"359" 1 426.501646250001 435.147511352647
"360" 1 427.191636500003 605.638497857985
"361" 1 429.09160325 575.187740186001
"362" 1 429.25820625 442.37901863935
"363" 1 429.771636499999 449.598111224785
"364" 1 430.546945000003 437.130105256618
"365" 1 430.5794985 451.060468728515
"366" 1 431.667672499999 467.497580318115
"367" 1 431.990209999999 504.767073731105
"368" 1 432.3285125 513.621678183234
"369" 1 432.330522500002 450.800329283842
"370" 1 433.209746000001 563.20024429367
"371" 1 433.436036000003 453.086986771915
"372" 1 435.149080250001 729.958117594452
"373" 1 435.238909250001 495.140533631068
"374" 1 438.367314250001 643.054004813345
"375" 1 439.044150500001 644.490897812303
"376" 1 439.26301 499.120856719002
"377" 1 442.209900249998 555.245383328115
"378" 1 442.4748725 529.294245224486
"379" 1 443.162292500002 814.797741727236
"380" 1 443.196014500003 583.602443100875
"381" 1 445.565965 522.532215460656
"382" 1 445.680007249998 701.202691602896
"383" 1 446.24916625 516.758000386454
"384" 1 447.597505000002 540.231235617361
"385" 1 447.623052500001 542.714610656484
"386" 1 449.707314499998 770.626878693181
"387" 1 450.949326250002 532.580869310069
"388" 1 451.916606249999 455.248912351662
"389" 1 453.42597425 489.554431313227
"390" 1 453.72509825 658.742075997036
"391" 1 454.048505000001 492.130655724538
"392" 1 454.605426250002 549.641569228612
"393" 1 454.992680500001 584.587376341821
"394" 1 459.17974325 523.163722343695
"395" 1 459.184971249999 517.949700016879
"396" 1 461.585857000001 471.624627367032
"397" 1 462.601185999999 495.830575028624
"398" 1 463.050382500001 463.340523822884
"399" 1 463.731349250002 470.827406761176
"400" 1 464.954727249999 494.488546590269
"401" 1 466.299057250001 640.953400325104
"402" 1 467.722164500003 561.879713087551
"403" 1 468.587749249999 489.49855330597
"404" 1 468.675236249999 492.520952279168
"405" 1 471.604066249999 599.21395142073
"406" 1 474.1950725 600.025408184009
"407" 1 474.974146249999 515.543629586873
"408" 1 475.253449250001 661.992078874855
"409" 1 476.746516249999 509.11992651235
"410" 1 478.896204249997 598.514008540239
"411" 1 479.119851249997 517.020839209769
"412" 1 479.2151825 481.820165419678
"413" 1 479.786270499999 488.863463343277
"414" 1 483.059046499998 578.112887573269
"415" 1 483.116234500001 532.703999874774
"416" 1 485.762677000001 488.651963874152
"417" 1 485.865620000001 486.061714004111
"418" 1 488.881060000001 501.041818168946
"419" 1 489.433948249998 557.9252534932
"420" 1 491.294212000003 662.595878417904
"421" 1 494.264785250001 499.663971430652
"422" 1 494.4181705 572.871429931711
"423" 1 495.781274000001 500.494073870463
"424" 1 498.981514250001 560.36148178636
"425" 1 499.916078499999 796.595398147183
"426" 1 502.933244500001 601.067766796999
"427" 1 503.017 535.531869985326
"428" 1 503.048487250002 541.142260126109
"429" 1 503.839300000001 542.288698590738
"430" 1 506.863015249999 513.665646631096
"431" 1 507.667810250002 545.437231619911
"432" 1 507.862114000003 609.728476328918
"433" 1 509.5303525 579.894113290637
"434" 1 509.576497249999 527.600285869094
"435" 1 509.704032999995 532.601848013652
"436" 1 513.299312500003 529.29375216967
"437" 1 516.640050000001 579.876857037644
"438" 1 517.014240250001 537.599456646471
"439" 1 517.551924499998 551.350766684358
"440" 1 517.563488499998 538.581559502291
"441" 1 518.011186249998 533.003057993951
"442" 1 518.228196999998 531.493283723191
"443" 1 520.351624999997 528.563358578364
"444" 1 524.38295925 540.209809613435
"445" 1 530.426444499999 539.042474073648
"446" 1 531.104125 539.998864883128
"447" 1 531.871679250002 538.578558378037
"448" 1 533.412432999998 533.488218853325
"449" 1 534.141097250001 567.43975003012
"450" 1 534.991184999999 535.425672482211
"451" 1 542.5882025 590.255536872721
"452" 1 543.837688999995 543.839545312387
"453" 1 545.811886249999 566.725010567378
"454" 1 546.162882250005 575.692940634726
"455" 1 546.623285 550.368521039319
"456" 1 549.208589000003 697.239146912261
"457" 1 549.257859249998 557.377308990425
"458" 1 549.676148499999 567.786153061437
"459" 1 551.692054249997 555.782419086526
"460" 1 562.303624250002 597.487871820333
"461" 1 563.737052499999 571.939193875615
"462" 1 566.624974500001 581.737170866437
"463" 1 569.70402525 570.097819957684
"464" 1 570.20525125 628.165482188003
"465" 1 571.09338325 592.472995488224
"466" 1 573.029582500001 621.018044638177
"467" 1 574.57144225 574.58175563169
"468" 1 577.47480925 585.291724168812
"469" 1 577.707425000003 578.04452051602
"470" 1 577.993292500001 580.376470434713
"471" 1 582.401153 607.37135246042
"472" 1 585.492728500001 588.705881234839
"473" 1 585.495584000001 614.369372390221
"474" 1 587.58591025 599.382826922547
"475" 1 587.638306250001 608.067839988647
"476" 1 587.792931999996 587.96250769297
"477" 1 592.97485 595.527740713811
"478" 1 593.237527250001 593.521162498144
"479" 1 599.363972999998 629.361933393539
"480" 1 599.7864085 602.321091866059
"481" 1 602.6865325 602.751867669311
"482" 1 608.002530250002 608.080321820041
"483" 1 610.118469249999 615.07290458103
"484" 1 610.31474225 624.691078753183
"485" 1 615.556757000004 628.727596037908
"486" 1 620.8873605 624.929943069063
"487" 1 624.083961250001 659.834490454472
"488" 1 634.839001250005 637.666394611684
"489" 1 640.44260825 652.796144722546
"490" 1 645.118312 673.950648486231
"491" 1 649.647925 650.799885261869
"492" 1 657.360028249998 657.522028264926
"493" 1 673.961532249996 896.349721279539
"494" 1 678.377321000002 678.598558197866
"495" 1 693.611760250001 695.740336910033
"496" 1 701.724449000001 704.102575611268
"497" 1 709.726296500005 709.727242124041
"498" 1 730.408593999999 755.423226526526
"499" 1 730.996624999997 741.256428331606
"500" 1 732.109611249995 748.972261926337
"501" 1 734.1167885 751.762320557684
"502" 1 792.87055025 800.937823498826
"503" 1 804.666246249998 804.852508719251
"504" 1 849.2230525 854.235310224648
"505" 1 1013.4099245 1070.16113949877
