"dimension" "Birth" "Death"
"1" 0 0 Inf
"2" 0 0 934.942514499997
"3" 0 0 776.550219249996
"4" 0 0 709.04885
"5" 0 0 657.795840999997
"6" 0 0 822.509145250001
"7" 0 0 496.328676500001
"8" 0 0 830.9932745
"9" 0 0 887.668532499998
"10" 0 0 684.225362500001
"11" 0 0 1299.873616
"12" 0 0 1040.87956100001
"13" 0 0 1115.0581745
"14" 0 0 697.834402249998
"15" 0 0 1074.26912125
"16" 0 0 1196.49407225
"17" 0 0 637.391592999999
"18" 0 0 657.486858250001
"19" 0 0 733.7715125
"20" 0 0 982.602208249992
"21" 0 0 815.609247999997
"22" 0 0 399.585491999999
"23" 0 0 908.128782499997
"24" 0 0 747.079970000001
"25" 0 0 951.8225
"26" 0 0 567.216222250002
"27" 0 0 906.329116999995
"28" 0 0 1000.804634
"29" 0 0 1230.86102225
"30" 0 0 926.072381249997
"31" 0 0 639.678762499999
"32" 0 0 810.198843249999
"33" 0 0 618.185842250002
"34" 0 0 731.698031249998
"35" 0 0 635.910125000005
"36" 0 0 439.211313
"37" 0 0 730.952338
"38" 0 0 451.167982250001
"39" 0 0 1072.9390205
"40" 0 0 991.853321000001
"41" 0 0 517.552168249998
"42" 0 0 1322.40908125
"43" 0 0 729.053128249998
"44" 0 0 749.584424500006
"45" 0 0 987.411775999997
"46" 0 0 662.928361999998
"47" 0 0 641.732742250001
"48" 0 0 732.788849000001
"49" 0 0 423.296023250001
"50" 0 0 757.908610000004
"51" 0 0 716.468843250001
"52" 0 0 819.874620500001
"53" 0 0 926.75756025
"54" 0 0 696.062583250001
"55" 0 0 571.69976225
"56" 0 0 637.9830625
"57" 0 0 701.995284250001
"58" 0 0 920.076384250003
"59" 0 0 856.160272250003
"60" 0 0 636.289190499996
"61" 0 0 705.877316999998
"62" 0 0 960.508232000004
"63" 0 0 633.088516499999
"64" 0 0 586.7091145
"65" 0 0 664.9252745
"66" 0 0 483.099397000001
"67" 0 0 1193.32741925
"68" 0 0 874.325668999994
"69" 0 0 404.889940999999
"70" 0 0 577.170794
"71" 0 0 790.044092499999
"72" 0 0 673.635396249999
"73" 0 0 757.607150249999
"74" 0 0 539.745962499999
"75" 0 0 669.85677025
"76" 0 0 688.466285
"77" 0 0 835.92898925
"78" 0 0 672.234177250001
"79" 0 0 748.206696250001
"80" 0 0 1140.2627905
"81" 0 0 704.072756
"82" 0 0 674.982425
"83" 0 0 736.55015625
"84" 0 0 905.992921249998
"85" 0 0 710.2002865
"86" 0 0 659.6343865
"87" 0 0 302.423731250001
"88" 0 0 809.897897249999
"89" 0 0 592.19002025
"90" 0 0 790.155547250001
"91" 0 0 576.551208999998
"92" 0 0 909.309130250001
"93" 0 0 770.128506249999
"94" 0 0 657.073927250001
"95" 0 0 689.609956249999
"96" 0 0 757.05073
"97" 0 0 538.215322000002
"98" 0 0 480.613899249997
"99" 0 0 827.41472525
"100" 0 0 686.355096499999
"101" 0 0 1000.67148025
"102" 0 0 918.629042500003
"103" 0 0 502.938604249999
"104" 0 0 608.906278250002
"105" 0 0 1012.43522925
"106" 0 0 609.552348499998
"107" 0 0 741.859196500003
"108" 0 0 480.42598825
"109" 0 0 554.01527425
"110" 0 0 388.729393000004
"111" 0 0 629.958966249999
"112" 0 0 788.985220000001
"113" 0 0 765.955387249996
"114" 0 0 919.23621725
"115" 0 0 980.7408945
"116" 0 0 822.95764825001
"117" 0 0 1090.97953625
"118" 0 0 498.511839249999
"119" 0 0 918.22852325
"120" 0 0 799.531412500001
"121" 0 0 811.048116249998
"122" 0 0 650.041991999999
"123" 0 0 552.45038225
"124" 0 0 456.4326845
"125" 0 0 675.2042005
"126" 0 0 761.868081249999
"127" 0 0 756.544299249999
"128" 0 0 484.761069250001
"129" 0 0 193.5864485
"130" 0 0 764.968252250001
"131" 0 0 736.235900999998
"132" 0 0 513.288402249996
"133" 0 0 774.87733925
"134" 0 0 599.605873000001
"135" 0 0 452.704385250001
"136" 0 0 680.250056000003
"137" 0 0 594.440652499998
"138" 0 0 846.316579250001
"139" 0 0 618.606980500003
"140" 0 0 680.859417250004
"141" 0 0 650.797149249997
"142" 0 0 657.407800250001
"143" 0 0 756.783406250001
"144" 0 0 999.911288772499
"145" 0 0 997.319186000001
"146" 0 0 938.879955250001
"147" 0 0 769.502376249999
"148" 0 0 550.428141250001
"149" 0 0 747.570588999997
"150" 0 0 652.459378249999
"151" 0 0 497.118607250002
"152" 0 0 720.795219999998
"153" 0 0 746.89696469
"154" 0 0 738.161752250001
"155" 0 0 629.3012725
"156" 0 0 530.280325249999
"157" 0 0 658.992778000004
"158" 0 0 978.565672249999
"159" 0 0 749.724811250002
"160" 0 0 838.80228125
"161" 0 0 862.572206500002
"162" 0 0 664.687878249997
"163" 0 0 541.771420999999
"164" 0 0 593.4647005
"165" 0 0 1085.51526525001
"166" 0 0 650.008878500004
"167" 0 0 1106.6312745
"168" 0 0 759.000466249999
"169" 0 0 869.216517000001
"170" 0 0 554.16903425
"171" 0 0 555.651524249999
"172" 0 0 444.89886025
"173" 0 0 655.742562250001
"174" 0 0 733.24746225
"175" 0 0 638.199804250002
"176" 0 0 830.726467250002
"177" 0 0 486.122706250001
"178" 0 0 761.933049249999
"179" 0 0 796.130482499999
"180" 0 0 593.951622500004
"181" 0 0 775.810829249999
"182" 0 0 527.419261
"183" 0 0 935.725251250003
"184" 0 0 530.245753249998
"185" 0 0 914.674885
"186" 0 0 933.325333250001
"187" 0 0 634.799782250003
"188" 0 0 761.922271472499
"189" 0 0 730.619483239997
"190" 0 0 391.887942500001
"191" 0 0 304.095152250001
"192" 0 0 903.363116500001
"193" 0 0 1662.7372317725
"194" 0 0 550.70551225
"195" 0 0 975.561684500005
"196" 0 0 738.401583250001
"197" 0 0 715.052363840001
"198" 0 0 814.550116500001
"199" 0 0 962.01155329
"200" 0 0 1161.78296561
"201" 1 620.6026705 759.632610792213
"202" 1 745.327112 1158.92047850816
"203" 1 762.440930499999 976.616334563373
"204" 1 770.133345249996 1553.3138228886
"205" 1 777.585744999998 1333.64779616731
"206" 1 778.73361625 1183.48801946828
"207" 1 780.23394325 1724.81947162561
"208" 1 780.275976999995 970.565728084153
"209" 1 790.163929249999 1237.5896263814
"210" 1 821.192756500004 1231.7654409149
"211" 1 833.01240325 1596.01897668148
"212" 1 849.488839249999 1146.00568728839
"213" 1 852.828741250001 1000.26485279812
"214" 1 858.17321725 1030.53511250083
"215" 1 859.323796 1075.57850771341
"216" 1 860.559456249998 1681.05813403044
"217" 1 862.4441565 911.925250078696
"218" 1 863.403401250001 1053.16568787307
"219" 1 869.509022499999 1253.07770592553
"220" 1 869.582619249996 1046.82853583926
"221" 1 871.739376499996 1268.32921528983
"222" 1 876.1137725 930.502784915824
"223" 1 879.140908999999 1417.19486061143
"224" 1 882.727120250001 1587.6116052057
"225" 1 883.396084 1683.74605007792
"226" 1 885.02688025 1430.90106256984
"227" 1 885.105132500001 2351.78402831817
"228" 1 885.938516000004 1670.03184329941
"229" 1 904.192659250001 1628.95824692183
"230" 1 906.965371249996 1142.49840913979
"231" 1 916.587368000001 2212.3360965836
"232" 1 936.382313249997 1093.16131586064
"233" 1 936.567790249999 1266.3197017136
"234" 1 938.816228249995 1847.6277540249
"235" 1 938.896267249998 1260.2275242756
"236" 1 941.9619125 1020.8960948537
"237" 1 944.108228499998 1198.9262574121
"238" 1 945.55578025 2029.32152658245
"239" 1 947.94694425 1101.3598539631
"240" 1 948.234240999998 1611.22126221593
"241" 1 949.523912000005 1142.25185799362
"242" 1 956.139852249999 986.195059388496
"243" 1 956.325368499999 1231.00620393501
"244" 1 958.772180000001 1178.20116791929
"245" 1 959.037898 1165.33622234887
"246" 1 961.274773000004 1965.4484650718
"247" 1 971.531472249998 999.069000273338
"248" 1 972.292644249998 1700.84530994282
"249" 1 974.503224249997 2233.20722215686
"250" 1 1004.02190825 1215.1625362952
"251" 1 1005.12221625 1007.88817093456
"252" 1 1008.76069625 1433.80521439321
"253" 1 1009.1234925 1261.6132153047
"254" 1 1009.658357 1032.49011415093
"255" 1 1014.67445 1157.27150581909
"256" 1 1016.48611025 1237.71802290225
"257" 1 1018.31141 1403.69833069014
"258" 1 1018.84557325 1375.70125423421
"259" 1 1023.4394125 1213.19940831833
"260" 1 1024.390789 1557.41483347736
"261" 1 1030.7793285 2301.08803839233
"262" 1 1036.6243045 1116.27611126925
"263" 1 1038.28332325 1243.96535260022
"264" 1 1040.3356925 2347.90269477556
"265" 1 1051.89725525 1061.05163022616
"266" 1 1055.87016525 1805.18820352059
"267" 1 1056.3634745 1300.3440299457
"268" 1 1058.6551545 1153.93570452609
"269" 1 1060.32027825 1252.15439771518
"270" 1 1067.1905565 1780.11546885157
"271" 1 1074.80734525001 1150.90088186751
"272" 1 1074.91743925 1116.27125885732
"273" 1 1076.618402 2044.42270937152
"274" 1 1084.452457 1214.55489824809
"275" 1 1097.66936525 1239.99531739682
"276" 1 1097.8590025 1235.03510882484
"277" 1 1098.7940165 1120.76546294891
"278" 1 1105.7907605 1229.87392708433
"279" 1 1108.67464625 2097.80243853426
"280" 1 1112.20211825 1126.10616940487
"281" 1 1113.213305 1168.85026321821
"282" 1 1113.64984289 1333.26168086818
"283" 1 1115.68584025 1212.4954200058
"284" 1 1116.51294725 1370.13426096432
"285" 1 1123.24668425 1578.2467666868
"286" 1 1124.74441864 2151.16961557769
"287" 1 1131.6063625 1289.28015988258
"288" 1 1137.23890624999 1161.8456565528
"289" 1 1138.3266625 1234.83369971719
"290" 1 1151.69533250001 1470.3428490777
"291" 1 1161.0968225 1161.95847977528
"292" 1 1164.4143985 1509.93261917857
"293" 1 1166.26107869 1228.72169334888
"294" 1 1167.09026125 1299.12301469197
"295" 1 1168.0058185 2365.73193839853
"296" 1 1168.237314 1575.97912288766
"297" 1 1169.6960585 1577.56339235828
"298" 1 1171.46838925 1431.92628325079
"299" 1 1175.90035625 1199.58812234309
"300" 1 1176.60465225 1988.84159611679
"301" 1 1177.04763125 1211.66376863034
"302" 1 1178.33459825 1649.33576121551
"303" 1 1181.61653725 1198.5672609668
"304" 1 1185.93366124999 1245.34526194363
"305" 1 1186.02099625 1297.75007199027
"306" 1 1188.17025925 1624.12856693063
"307" 1 1188.5154865 2328.51580507601
"308" 1 1190.5069545 1796.90948484646
"309" 1 1193.3439325 1583.70180534241
"310" 1 1194.401545 1211.49543282652
"311" 1 1199.0538685 1327.71460577681
"312" 1 1200.1720585 1303.20069148604
"313" 1 1201.557794 1236.03875910742
"314" 1 1214.022505 1250.87394101698
"315" 1 1219.5224585 1297.74817793439
"316" 1 1219.94612125 2447.44931361739
"317" 1 1221.82155925 1528.9879049301
"318" 1 1227.3574825 1336.35678021942
"319" 1 1238.897881 1247.83373558567
"320" 1 1239.42102325 1485.91756426326
"321" 1 1246.2829985 1421.29063104865
"322" 1 1249.47916525 1548.86720850912
"323" 1 1250.93312800001 1370.22572671406
"324" 1 1253.46773425 2330.54512556986
"325" 1 1254.9704725 1416.8899298763
"326" 1 1263.33643825 1727.83815182633
"327" 1 1264.0328685 1742.73750078199
"328" 1 1264.3844265 2325.69866143914
"329" 1 1266.7919105 1348.89983941373
"330" 1 1267.592308 1752.28172225681
"331" 1 1268.25296 1277.30441740158
"332" 1 1270.09703125 1336.20473600213
"333" 1 1277.444986 1474.48475615337
"334" 1 1277.70930125 1801.19994882838
"335" 1 1279.60099625 1392.49987341325
"336" 1 1282.73415625 2185.24350162165
"337" 1 1286.98881625 1558.93867139445
"338" 1 1287.55418625 1501.03291059684
"339" 1 1301.48674825 1398.75709185229
"340" 1 1302.15061925 1536.26478753534
"341" 1 1306.6390625 1816.03786653092
"342" 1 1308.17351200001 2392.24214212974
"343" 1 1314.83046425 1459.35253400502
"344" 1 1321.98583725 1676.34590926525
"345" 1 1338.882217 1634.73976159022
"346" 1 1348.57997825 1367.61339488279
"347" 1 1352.9301145 1490.95776509171
"348" 1 1366.62894325 2245.00999196517
"349" 1 1367.72705 1889.80638501566
"350" 1 1369.81528925 2015.86749976156
"351" 1 1371.5180605 1402.47940064972
"352" 1 1372.56136649999 1642.39877198323
"353" 1 1373.25398125 1436.46114103089
"354" 1 1374.299428 1398.16687353622
"355" 1 1375.37528125 2152.90955466586
"356" 1 1377.37715725001 1806.22035739381
"357" 1 1382.08901625 1646.95577217359
"358" 1 1382.342585 1383.92957397113
"359" 1 1382.38420625 1384.8567708786
"360" 1 1389.449053 1522.83506788738
"361" 1 1390.80900025 1396.33367597139
"362" 1 1391.6746125 1391.67462934437
"363" 1 1397.35051249999 1567.4120759585
"364" 1 1399.546768 1469.37780967609
"365" 1 1399.81694499999 2394.86392674258
"366" 1 1404.716477 1405.88185269872
"367" 1 1405.5524405 2267.33824273582
"368" 1 1414.71301 1767.09063899455
"369" 1 1414.97325050001 2822.21698138953
"370" 1 1417.55743125 2065.53447552713
"371" 1 1419.22683125 1520.37796112673
"372" 1 1421.29040125 1559.57656198956
"373" 1 1421.45362825 2654.49338430609
"374" 1 1427.77138025 1458.89705916253
"375" 1 1428.6397745 1544.05005697186
"376" 1 1434.68437025 2259.28050530619
"377" 1 1444.37790425 1569.95106015925
"378" 1 1444.62100625 1516.07940166315
"379" 1 1445.18409025 1531.27004057525
"380" 1 1445.50340125 1550.54810576055
"381" 1 1446.328601 1812.83247011339
"382" 1 1446.848122 2422.20714331757
"383" 1 1451.7072665 1896.43024634479
"384" 1 1453.369616 1761.33429778552
"385" 1 1455.30942625 1496.26043888074
"386" 1 1457.534425 1508.4399194197
"387" 1 1468.39766125 1842.88880530636
"388" 1 1473.01194624999 1632.72396157645
"389" 1 1474.587152 1695.85299516008
"390" 1 1478.686914 1587.32518147624
"391" 1 1484.46532 1924.41704653324
"392" 1 1484.673125 1680.0232390739
"393" 1 1485.54565925 1662.93810270786
"394" 1 1503.93770125 2270.47280883969
"395" 1 1506.3405305 1639.82114847014
"396" 1 1511.42896125 1541.76671240095
"397" 1 1511.61838825 1535.84649298837
"398" 1 1515.07680125 1523.36091200266
"399" 1 1517.21389469 1769.96032125602
"400" 1 1518.94594 1519.17960955805
"401" 1 1519.37242424999 2393.2013451468
"402" 1 1519.834724 1746.83781726628
"403" 1 1523.11023125 1689.21387583157
"404" 1 1525.08855849999 2146.92287093847
"405" 1 1549.3878965 1672.06213074739
"406" 1 1550.9274065 1615.47216745411
"407" 1 1552.21832825001 1699.30418791401
"408" 1 1555.35099425 1734.76910395601
"409" 1 1559.6595625 1688.06732376359
"410" 1 1560.19496725 1825.10050487522
"411" 1 1561.98901025 2698.21548918039
"412" 1 1564.807546 1573.53828366557
"413" 1 1566.10148824999 1577.58931767319
"414" 1 1567.7875845 2534.67104178304
"415" 1 1567.93123125 1767.57749834539
"416" 1 1572.44313724999 1573.53696876405
"417" 1 1582.02925025 1741.10720249043
"418" 1 1588.82115325 1924.10700493335
"419" 1 1609.08348250001 2003.74282963592
"420" 1 1624.748749 1976.49172443045
"421" 1 1630.0260707725 1630.02683261661
"422" 1 1630.92825625 1671.8653434879
"423" 1 1633.35139025 1784.36028207545
"424" 1 1634.367556 1691.61509179872
"425" 1 1635.696805 1863.94262088189
"426" 1 1653.9390905 2009.3443493799
"427" 1 1664.2579225 1750.23957928721
"428" 1 1669.50193525 1962.85749996121
"429" 1 1673.6513065 1791.98074476994
"430" 1 1678.28476525 1739.82689459621
"431" 1 1689.36611625 1771.69065925095
"432" 1 1691.55602425 1691.68079810923
"433" 1 1692.72753325 1796.30013859847
"434" 1 1702.68489125 1707.97441394455
"435" 1 1704.4481605 1803.21353057595
"436" 1 1717.3978425 1756.52873112141
"437" 1 1728.54437825 1952.88086297057
"438" 1 1751.5083125 1823.56790647024
"439" 1 1764.41002025 1776.72897867932
"440" 1 1774.32546125 1797.97675482222
"441" 1 1777.47818625 1779.34515877321
"442" 1 1782.82648124999 1833.97381486546
"443" 1 1785.66299125 1900.27243243084
"444" 1 1785.94878625 1790.23737716561
"445" 1 1790.86889525 1854.38059028502
"446" 1 1805.56491725 1821.02258763551
"447" 1 1807.8507385 1882.48345494118
"448" 1 1809.43777225 1892.31729823481
"449" 1 1830.887045 2476.68846272012
"450" 1 1857.93786125 1859.83706675724
"451" 1 1864.35578500001 1873.26558039197
"452" 1 1866.724925 2213.10895683635
"453" 1 1867.94272099999 1893.95487617863
"454" 1 1876.157114 1930.32251087047
"455" 1 1876.77732625 2401.70709317178
"456" 1 1890.65527624999 1972.82688790942
"457" 1 1905.03983525 2440.94004178839
"458" 1 1911.99187599999 2302.58313651706
"459" 1 1949.8326025 2082.01074772967
"460" 1 1964.1023665 2037.7217309485
"461" 1 1979.373589 1994.62957746652
"462" 1 1989.11560624999 2035.09431586184
"463" 1 1991.93452025 2057.52914304249
"464" 1 2009.50129924999 2030.70900707619
"465" 1 2012.63350025 2076.18381395843
"466" 1 2028.6489725 2218.16750199656
"467" 1 2030.42115625 2031.06064320115
"468" 1 2060.76882249999 2295.55491765861
"469" 1 2072.6683505 2089.46535693452
"470" 1 2074.77475225001 2085.16574556021
"471" 1 2091.5202425 2353.94146743981
"472" 1 2107.62128581 2153.8066271345
"473" 1 2134.49288649999 2145.35125687727
"474" 1 2159.433674 2384.19562980537
"475" 1 2163.30995724999 2534.26481346241
"476" 1 2196.61916825 2258.00551448536
"477" 1 2198.28523625 2199.05472318185
"478" 1 2203.08622025 2299.30820685508
"479" 1 2230.959266 2250.59155539951
"480" 1 2276.8615445 2460.65849882489
"481" 1 2315.96420625 2315.9721894374
"482" 1 2338.58673925 2346.74178646549
"483" 1 2445.32052999999 2514.53170608613
"484" 1 2914.58364124999 2989.82078030692
"485" 1 3103.15294881 3112.19521329166
