"dimension" "Birth" "Death"
"1" 0 0 Inf
"2" 0 0 336.75650325
"3" 0 0 230.139783249998
"4" 0 0 347.34883625
"5" 0 0 322.848584000001
"6" 0 0 361.739580249999
"7" 0 0 200.884771249999
"8" 0 0 247.856088999999
"9" 0 0 328.20889825
"10" 0 0 288.853265
"11" 0 0 174.846924500002
"12" 0 0 339.564724999999
"13" 0 0 303.481402249999
"14" 0 0 307.293636249999
"15" 0 0 277.220937999999
"16" 0 0 514.581800500003
"17" 0 0 199.1269625
"18" 0 0 188.077606250001
"19" 0 0 104.41637525
"20" 0 0 298.60357025
"21" 0 0 321.543982249998
"22" 0 0 93.4867985000005
"23" 0 0 298.595706249999
"24" 0 0 243.64001825
"25" 0 0 246.168208999999
"26" 0 0 104.390117
"27" 0 0 76.6838412499999
"28" 0 0 68.6809344999997
"29" 0 0 259.748065000001
"30" 0 0 326.550099999999
"31" 0 0 329.753905
"32" 0 0 86.0028462500002
"33" 0 0 275.816488250002
"34" 0 0 328.687029249999
"35" 0 0 53.0256904999996
"36" 0 0 230.68407025
"37" 0 0 199.683971999999
"38" 0 0 261.072606249997
"39" 0 0 74.0447045000008
"40" 0 0 334.944672499998
"41" 0 0 278.19654125
"42" 0 0 347.717020250003
"43" 0 0 171.600568250002
"44" 0 0 273.321425
"45" 0 0 121.527108250002
"46" 0 0 258.373177999999
"47" 0 0 182.047180249999
"48" 0 0 225.756918500001
"49" 0 0 303.8927705
"50" 0 0 206.654101
"51" 0 0 96.9278125000006
"52" 0 0 271.002469249999
"53" 0 0 239.68282
"54" 0 0 147.0235225
"55" 0 0 283.330625
"56" 0 0 219.28240325
"57" 0 0 321.781583250001
"58" 0 0 301.868530249998
"59" 0 0 261.335925
"60" 0 0 243.83319025
"61" 0 0 50.9426824999994
"62" 0 0 400.543782499999
"63" 0 0 222.552561249999
"64" 0 0 234.497908250001
"65" 0 0 218.0427125
"66" 0 0 107.3370845
"67" 0 0 400.467521250004
"68" 0 0 314.734028500001
"69" 0 0 352.322990500001
"70" 0 0 116.685834250001
"71" 0 0 93.0500472500005
"72" 0 0 385.258214500002
"73" 0 0 106.8940025
"74" 0 0 336.615139250002
"75" 0 0 415.75639725
"76" 0 0 283.008800499999
"77" 0 0 384.762153250002
"78" 0 0 174.363070249999
"79" 0 0 254.998556500001
"80" 0 0 137.847112250002
"81" 0 0 335.718205000001
"82" 0 0 428.880960499999
"83" 0 0 171.483036499999
"84" 0 0 274.398196250001
"85" 0 0 59.9103182499997
"86" 0 0 428.904073999999
"87" 0 0 322.044364999999
"88" 0 0 227.202012499999
"89" 0 0 94.3473362500006
"90" 0 0 369.914424999999
"91" 0 0 106.089598250001
"92" 0 0 173.29728125
"93" 0 0 185.154344000001
"94" 0 0 208.768168999999
"95" 0 0 150.88368125
"96" 0 0 195.280564999998
"97" 0 0 274.030117000001
"98" 0 0 298.3884805
"99" 0 0 299.975404999998
"100" 0 0 196.35283125
"101" 0 0 290.798599999998
"102" 0 0 265.977350500001
"103" 0 0 380.273714499999
"104" 0 0 290.330113999999
"105" 0 0 352.400623250001
"106" 0 0 152.794256499999
"107" 0 0 198.830125250001
"108" 0 0 249.141230499999
"109" 0 0 307.559752000001
"110" 0 0 127.260192999999
"111" 0 0 622.33911625
"112" 0 0 233.503734500001
"113" 0 0 291.552902500002
"114" 0 0 375.211712499996
"115" 0 0 386.232500000001
"116" 0 0 227.070961249999
"117" 0 0 270.78267625
"118" 0 0 191.457344499998
"119" 0 0 237.100342249999
"120" 0 0 393.41716625
"121" 0 0 354.294128499998
"122" 0 0 233.7176365
"123" 0 0 312.737856499999
"124" 0 0 169.76000525
"125" 0 0 219.137897250004
"126" 0 0 170.5635445
"127" 0 0 298.25976625
"128" 0 0 275.059761250001
"129" 0 0 311.751276249999
"130" 0 0 363.571721
"131" 0 0 134.30547325
"132" 0 0 101.89187425
"133" 0 0 199.596492999999
"134" 0 0 360.212040000003
"135" 0 0 333.279816499999
"136" 0 0 181.263388499999
"137" 0 0 167.4797605
"138" 0 0 215.118829250001
"139" 0 0 116.563573250001
"140" 0 0 255.721576499999
"141" 0 0 365.733333249999
"142" 0 0 339.798526250004
"143" 0 0 296.80943525
"144" 0 0 110.2296625
"145" 0 0 227.812819999999
"146" 0 0 340.047978249999
"147" 0 0 303.906206250002
"148" 0 0 153.158065
"149" 0 0 498.864413000002
"150" 0 0 211.154081
"151" 0 0 206.84054225
"152" 0 0 211.460000000001
"153" 0 0 121.143488499999
"154" 0 0 219.270313249999
"155" 0 0 334.787296999997
"156" 0 0 310.560072500001
"157" 0 0 225.964084999999
"158" 0 0 187.374169250001
"159" 0 0 121.722992500001
"160" 0 0 102.691171250001
"161" 0 0 176.594106249999
"162" 0 0 154.886378
"163" 0 0 85.1640010000006
"164" 0 0 206.405257000001
"165" 0 0 350.89260125
"166" 0 0 403.392300999999
"167" 0 0 211.099213
"168" 0 0 226.586405000001
"169" 0 0 317.041704999999
"170" 0 0 335.287833250003
"171" 0 0 167.591676250002
"172" 0 0 133.243436249998
"173" 0 0 152.951923999999
"174" 0 0 110.129578000001
"175" 0 0 211.476621250001
"176" 0 0 346.933425249999
"177" 0 0 189.487334499997
"178" 0 0 240.89012
"179" 0 0 288.149775999996
"180" 0 0 170.324170250002
"181" 0 0 196.680835250001
"182" 0 0 260.744736250001
"183" 0 0 314.5109665
"184" 0 0 91.9913345000008
"185" 0 0 169.35091625
"186" 0 0 193.079346499999
"187" 0 0 369.107005000001
"188" 0 0 337.548271249999
"189" 0 0 68.2604412500002
"190" 0 0 220.9142185
"191" 0 0 245.310181249999
"192" 0 0 465.737729
"193" 0 0 96.8627532500002
"194" 0 0 359.210690000001
"195" 0 0 212.319682250002
"196" 0 0 191.7906785
"197" 0 0 150.959150500002
"198" 0 0 329.38208125
"199" 0 0 216.646592499999
"200" 0 0 101.178891249999
"201" 0 0 194.085403250001
"202" 0 0 346.009556000002
"203" 0 0 307.619820249999
"204" 0 0 201.311786
"205" 0 0 380.670250249999
"206" 0 0 321.604913249999
"207" 0 0 358.741575999999
"208" 0 0 206.365668500001
"209" 0 0 347.479428249998
"210" 0 0 337.160692999997
"211" 0 0 345.3560305
"212" 0 0 101.374836999998
"213" 0 0 66.966546250001
"214" 0 0 269.987874250001
"215" 0 0 205.249606249999
"216" 0 0 275.4003005
"217" 0 0 441.052878250002
"218" 0 0 297.946745000001
"219" 0 0 254.471407250001
"220" 0 0 125.372873249998
"221" 0 0 279.388116250002
"222" 0 0 221.58468725
"223" 0 0 342.710878249999
"224" 0 0 204.008703999999
"225" 0 0 322.108998250001
"226" 0 0 258.647096500002
"227" 0 0 289.0693625
"228" 0 0 260.065851249999
"229" 0 0 68.2596049999993
"230" 0 0 113.254752500001
"231" 0 0 471.978226000001
"232" 0 0 242.992567250002
"233" 0 0 211.329872499999
"234" 0 0 202.075250000001
"235" 0 0 281.638745
"236" 0 0 273.777427249998
"237" 0 0 206.98405625
"238" 0 0 290.53958125
"239" 0 0 245.695753250002
"240" 0 0 280.270578250001
"241" 0 0 227.43213025
"242" 0 0 142.7326165
"243" 0 0 252.975684999999
"244" 0 0 425.408949249997
"245" 0 0 270.512724250001
"246" 0 0 237.07474225
"247" 0 0 295.854589249999
"248" 0 0 385.649152249999
"249" 0 0 241.86937
"250" 0 0 278.58810125
"251" 0 0 201.514993
"252" 0 0 182.10292225
"253" 0 0 369.295904000002
"254" 0 0 314.908645249999
"255" 0 0 251.901245
"256" 0 0 264.821358500002
"257" 0 0 384.5022785
"258" 0 0 131.592136249999
"259" 0 0 84.1312825000002
"260" 0 0 183.194610250001
"261" 0 0 308.911495999999
"262" 0 0 240.224030500002
"263" 0 0 164.533662249999
"264" 0 0 193.1518485
"265" 0 0 147.703206500001
"266" 0 0 230.19663825
"267" 0 0 215.579517250002
"268" 0 0 285.47438225
"269" 0 0 339.254961250003
"270" 0 0 463.629917249996
"271" 0 0 231.700971250001
"272" 0 0 113.547650000001
"273" 0 0 181.780706000001
"274" 0 0 404.347226000004
"275" 0 0 82.9627879999987
"276" 0 0 225.431601249998
"277" 0 0 137.021646249999
"278" 0 0 321.976262500002
"279" 0 0 151.667226250001
"280" 0 0 548.623046250001
"281" 0 0 211.254807249999
"282" 0 0 153.572492500001
"283" 0 0 315.737227249999
"284" 0 0 455.861221000001
"285" 0 0 313.2184805
"286" 0 0 328.886553250001
"287" 0 0 326.714653
"288" 0 0 328.205506250001
"289" 0 0 199.521315999998
"290" 0 0 226.069565000002
"291" 0 0 282.108595249999
"292" 0 0 444.340372999998
"293" 0 0 90.299220249999
"294" 0 0 238.840322499998
"295" 0 0 336.386557
"296" 0 0 273.1960945
"297" 0 0 347.869106000003
"298" 0 0 292.63847625
"299" 0 0 307.563843249998
"300" 0 0 252.664564000001
"301" 0 0 210.337018
"302" 0 0 130.553148999999
"303" 0 0 224.152997
"304" 0 0 188.532906250002
"305" 0 0 312.036244
"306" 0 0 171.71077625
"307" 0 0 131.751687999999
"308" 0 0 149.9447545
"309" 0 0 486.662058499998
"310" 0 0 429.03325
"311" 0 0 328.325325249999
"312" 0 0 190.469132500001
"313" 0 0 146.929362249999
"314" 0 0 121.991318500001
"315" 0 0 250.017628249998
"316" 0 0 374.22591725
"317" 0 0 222.468900999999
"318" 0 0 157.003494500001
"319" 0 0 473.787728
"320" 0 0 260.1582365
"321" 0 0 271.6709305
"322" 0 0 477.492437000002
"323" 0 0 211.756378000001
"324" 0 0 216.107313999999
"325" 0 0 373.184584999997
"326" 0 0 62.7600532500002
"327" 0 0 238.224642499999
"328" 0 0 350.563824500002
"329" 0 0 216.229802500002
"330" 0 0 325.901365000001
"331" 0 0 299.34818
"332" 0 0 230.21258825
"333" 0 0 971.140352500005
"334" 0 0 351.383877
"335" 0 0 398.475000999999
"336" 0 0 402.163414249999
"337" 0 0 193.057011249999
"338" 0 0 226.537226499998
"339" 0 0 167.821838500001
"340" 0 0 131.699033999998
"341" 0 0 121.0705105
"342" 0 0 200.496929000001
"343" 0 0 311.1493085
"344" 0 0 718.37964725
"345" 0 0 238.426121250002
"346" 0 0 317.39753125
"347" 0 0 174.712482500002
"348" 0 0 146.71262125
"349" 0 0 272.786125
"350" 0 0 412.294450000001
"351" 0 0 160.26780925
"352" 0 0 358.023458
"353" 0 0 148.092415249999
"354" 0 0 275.734170499999
"355" 0 0 214.904754250001
"356" 0 0 306.950632250001
"357" 0 0 275.520147999999
"358" 0 0 472.040606499999
"359" 0 0 237.438348499999
"360" 0 0 189.058490000002
"361" 0 0 205.5555805
"362" 0 0 418.4102605
"363" 0 0 237.05920625
"364" 0 0 303.755379249998
"365" 0 0 220.608796999999
"366" 0 0 288.152785000002
"367" 0 0 282.273580249999
"368" 0 0 481.016892499999
"369" 0 0 382.589114
"370" 0 0 276.789888250001
"371" 0 0 117.267866
"372" 0 0 461.154852499998
"373" 0 0 213.30769
"374" 0 0 218.15577325
"375" 0 0 327.609826000001
"376" 1 103.726641250001 126.261965352272
"377" 1 132.357892499999 136.220921505251
"378" 1 136.511365000001 151.104494684305
"379" 1 161.857455250001 167.428781599508
"380" 1 169.003722499999 180.01649319874
"381" 1 171.1036685 177.531361122797
"382" 1 194.684916250001 195.097430066699
"383" 1 199.948201 247.13289564041
"384" 1 200.729476999999 330.837120307978
"385" 1 203.0873125 220.316739802426
"386" 1 214.1062625 240.537073454602
"387" 1 215.448922000001 219.383143534684
"388" 1 216.503729999999 416.266167952253
"389" 1 219.00272125 275.114587799187
"390" 1 236.335079250001 626.980663186491
"391" 1 237.71353825 417.793279100804
"392" 1 237.817514250002 258.597958323462
"393" 1 238.347236000001 262.520078879014
"394" 1 239.982010000001 268.448229268341
"395" 1 240.31709 276.41163659604
"396" 1 240.3180085 463.404156375836
"397" 1 240.826156249999 282.641410756657
"398" 1 244.54595125 244.547394117794
"399" 1 258.151610000001 436.110641654806
"400" 1 258.200646499997 276.749208758327
"401" 1 258.893515250001 294.574093564133
"402" 1 260.798017250001 276.088761094454
"403" 1 261.652500250002 282.360521104582
"404" 1 261.859592000001 297.226431363077
"405" 1 269.3368925 280.006692098069
"406" 1 269.3685725 281.4907820454
"407" 1 279.4779665 540.066243294404
"408" 1 280.029711249999 615.173806565162
"409" 1 282.180326500001 290.356032381584
"410" 1 282.900552999999 351.01472311199
"411" 1 283.1234825 728.700208718893
"412" 1 283.688884250003 365.127161871191
"413" 1 283.912099249999 424.586889430197
"414" 1 284.4177085 291.732149800403
"415" 1 285.431412499999 316.976484982755
"416" 1 286.786648249999 346.373069581205
"417" 1 289.58312 297.140801287508
"418" 1 293.257206500001 317.637390775355
"419" 1 295.853919249998 375.820948505051
"420" 1 298.85415625 609.494122295171
"421" 1 298.977968499999 386.763775623984
"422" 1 301.769845249998 356.180581760522
"423" 1 306.487969999997 338.907817130812
"424" 1 307.05186025 316.997766491426
"425" 1 308.484861249999 325.391150568689
"426" 1 308.838457249999 435.098040711655
"427" 1 312.26966325 323.000436581402
"428" 1 312.515427249999 334.721253885256
"429" 1 314.364036999999 340.247245721752
"430" 1 315.123085 382.582953453463
"431" 1 318.060153000001 349.958275730795
"432" 1 318.564564250001 355.238642767765
"433" 1 318.69418725 321.878022641759
"434" 1 319.854784499998 353.364678309305
"435" 1 321.739896249997 543.592477334765
"436" 1 323.082450000003 539.368848623114
"437" 1 325.6962085 359.596498531212
"438" 1 326.138019999999 331.586254099717
"439" 1 329.354641249999 335.87609326814
"440" 1 331.562125 414.971232206713
"441" 1 334.593106250002 336.334391332907
"442" 1 335.774338 356.377302813227
"443" 1 335.945898500003 382.501181159287
"444" 1 337.501947250002 350.513260221423
"445" 1 337.899492999999 353.370626996926
"446" 1 337.975152499998 484.282689482762
"447" 1 338.090548499998 530.888785188377
"448" 1 339.767288499997 404.213737332866
"449" 1 340.48341025 402.931260856839
"450" 1 342.378688500001 754.765883828554
"451" 1 346.3644025 472.115699973236
"452" 1 347.307862250001 516.784970560773
"453" 1 347.569056 352.859312008757
"454" 1 347.572052499998 397.104645294726
"455" 1 347.719548999999 758.905034122952
"456" 1 349.696236499999 372.202725245935
"457" 1 349.896912250001 897.406119549752
"458" 1 352.588597250001 366.476718529273
"459" 1 353.533161249997 364.35359909499
"460" 1 356.259397249999 360.894160671694
"461" 1 356.8865365 757.656109977947
"462" 1 357.367720249999 368.991759494017
"463" 1 361.7533045 395.434455062284
"464" 1 362.440882250002 388.757290237332
"465" 1 363.2623625 483.632143340835
"466" 1 364.20194225 493.287441780844
"467" 1 365.06698225 408.582048455659
"468" 1 365.106130249999 387.909499453355
"469" 1 365.32784725 894.607087035127
"470" 1 365.7081925 469.031571724475
"471" 1 365.9869625 1281.07238425407
"472" 1 367.252368499999 950.434441487897
"473" 1 367.354848249999 376.09514020438
"474" 1 367.56896125 738.387905368086
"475" 1 368.536999999996 531.659475476996
"476" 1 370.034258499999 706.220235847177
"477" 1 370.4150825 386.475205829004
"478" 1 370.95878525 617.334724330308
"479" 1 371.141238500001 381.729074119052
"480" 1 371.65551125 549.470424770161
"481" 1 371.9877145 457.405835497244
"482" 1 372.223807249997 441.029639762741
"483" 1 372.944545 493.510317922751
"484" 1 373.209744999996 377.884323486455
"485" 1 373.331599999999 753.974713443228
"486" 1 373.404202 374.149443160394
"487" 1 373.627332000002 641.909497831089
"488" 1 374.5206365 380.460903560107
"489" 1 376.98165025 494.749420715159
"490" 1 377.208586250001 560.060735247315
"491" 1 377.971485250002 412.404729082506
"492" 1 378.1987285 1111.19998656335
"493" 1 378.293152250001 499.671905046245
"494" 1 378.59203125 399.874765681542
"495" 1 379.607340499999 1203.05383050838
"496" 1 379.915932250001 380.900948449033
"497" 1 380.49251525 659.1251228463
"498" 1 380.592072499999 423.119189983183
"499" 1 381.752199999999 391.658522514005
"500" 1 382.612568499999 410.045324293822
"501" 1 382.705960250003 424.838743362999
"502" 1 382.707523250001 589.299291432862
"503" 1 383.804825000001 704.904583864214
"504" 1 384.044017249999 386.587710665922
"505" 1 384.667606250001 438.154020379471
"506" 1 385.348949 438.927680998621
"507" 1 386.049423250003 397.217020889799
"508" 1 386.669052500002 576.53071704875
"509" 1 387.087684999998 456.435198085717
"510" 1 387.385651249998 516.768072001411
"511" 1 388.687141000005 389.703741979209
"512" 1 389.802031250002 485.15250394178
"513" 1 390.0520585 501.759601720186
"514" 1 390.104473999999 465.876976768696
"515" 1 393.517776500003 397.833527415512
"516" 1 394.583712500004 553.987585131383
"517" 1 395.749271249998 459.145753054567
"518" 1 396.879577999999 603.95708992703
"519" 1 398.30006725 462.613031072058
"520" 1 398.609226250002 414.236679829297
"521" 1 399.427352999998 476.349108144751
"522" 1 401.669860000001 472.033760562905
"523" 1 402.233369 452.476967327823
"524" 1 402.470214250002 693.139805211913
"525" 1 402.501571250001 834.008214421561
"526" 1 404.065524999998 436.888006115722
"527" 1 404.690906250002 814.752064970714
"528" 1 405.90240125 411.230271719965
"529" 1 407.303967250001 511.750815800059
"530" 1 408.613862499998 528.369369178981
"531" 1 408.86632625 422.182215480393
"532" 1 410.615208 436.705393782559
"533" 1 411.890964250001 455.757549255426
"534" 1 412.381148500004 451.295680415852
"535" 1 412.751569000002 427.774637300157
"536" 1 414.86377 607.009256060493
"537" 1 414.969415250001 455.010865849099
"538" 1 415.512028999999 462.554765471629
"539" 1 415.71204325 654.280160892141
"540" 1 415.758461 456.407035071047
"541" 1 418.076142249999 446.069628903571
"542" 1 418.21758925 548.268051237125
"543" 1 419.378740250001 458.350605026344
"544" 1 420.28379225 425.231748631069
"545" 1 420.413229000001 426.04316756034
"546" 1 420.551280999999 568.140225479718
"547" 1 422.038476249999 423.983028881828
"548" 1 422.451145 933.736663663309
"549" 1 423.669067249999 460.784862267778
"550" 1 424.028611250001 543.881253717739
"551" 1 424.408600999998 719.731309258362
"552" 1 428.18104125 547.990189711679
"553" 1 430.041061249996 555.563462812683
"554" 1 430.39365625 502.620525296573
"555" 1 431.074422249999 480.682613111652
"556" 1 432.201470499999 432.989348576506
"557" 1 432.302270500003 1038.09904116634
"558" 1 432.72655025 432.825144291537
"559" 1 433.090522250001 433.238198915816
"560" 1 433.167637249998 559.229339383621
"561" 1 434.414396249997 464.871833269707
"562" 1 434.992844250001 459.371374018854
"563" 1 439.803764499999 562.975594248842
"564" 1 439.967557249999 460.592002574888
"565" 1 440.314879250002 1273.39832155707
"566" 1 440.743891249998 663.587776510995
"567" 1 441.035067250002 663.857981759713
"568" 1 441.13413725 747.309050178585
"569" 1 441.836815250001 797.246831617021
"570" 1 442.7985565 454.238041281577
"571" 1 442.901377250001 446.057401798081
"572" 1 444.370851250001 808.346830919363
"573" 1 445.083300000004 461.728230691835
"574" 1 445.252726250004 514.847369272276
"575" 1 445.59793125 1209.0132643033
"576" 1 446.105991249999 521.704888956899
"577" 1 446.508462500001 462.220218836478
"578" 1 447.1153025 701.606920147418
"579" 1 449.354696500002 563.807560204448
"580" 1 449.926009249996 534.420917105308
"581" 1 450.491655999999 619.658098799428
"582" 1 450.810633250001 483.367418638266
"583" 1 450.96262825 455.083603873726
"584" 1 451.448748250001 507.242222403065
"585" 1 451.7311325 541.963206105526
"586" 1 452.212984249999 453.185756783114
"587" 1 453.02108425 765.676099494113
"588" 1 456.340789249999 997.400234970125
"589" 1 456.371831250002 611.668412086342
"590" 1 456.519185000001 476.378671697481
"591" 1 456.57587725 907.007363162806
"592" 1 456.88690125 652.03629380029
"593" 1 457.960512499996 652.379212764007
"594" 1 458.506952 476.223607561245
"595" 1 459.190676250004 1392.49161117554
"596" 1 459.43719325 961.975752437365
"597" 1 459.474906249999 469.207344115633
"598" 1 459.540353000001 469.3413697593
"599" 1 459.662038250001 568.004292447802
"600" 1 460.326065000001 466.108889698685
"601" 1 460.859086249999 558.526306067168
"602" 1 460.872461249998 651.420895990652
"603" 1 461.196706500001 819.303765017897
"604" 1 461.552732500001 497.344652291069
"605" 1 462.621618499996 737.131811467882
"606" 1 462.920646249999 484.406781819967
"607" 1 463.286384999997 867.218100141938
"608" 1 463.503141249998 806.011036388769
"609" 1 464.347780249998 543.713177298736
"610" 1 465.696068499999 500.252071948494
"611" 1 465.774469000002 524.830546058277
"612" 1 466.592631250001 514.418571514433
"613" 1 467.003835249999 819.049584796946
"614" 1 467.346528499997 486.528283344932
"615" 1 467.989852500001 659.463197945179
"616" 1 469.029013000002 469.968894203313
"617" 1 470.924031249999 506.37897223444
"618" 1 471.397740250001 527.651975592186
"619" 1 472.45072025 490.236542088057
"620" 1 472.966916500001 1165.90918599625
"621" 1 474.217860500001 927.24882269975
"622" 1 474.312782500003 540.241780723932
"623" 1 476.392669 880.727160764436
"624" 1 477.4352525 481.291016323168
"625" 1 478.2102345 485.731381320182
"626" 1 479.347852250001 513.181377310767
"627" 1 480.187072249999 989.188169003604
"628" 1 480.645552500001 765.037584738297
"629" 1 480.965205250001 1064.02591670266
"630" 1 481.07385625 638.926414439793
"631" 1 483.879865999999 518.541277373204
"632" 1 484.045150499998 574.6275809145
"633" 1 485.935038499999 588.992701298196
"634" 1 488.424025000001 527.820963932409
"635" 1 488.764671250004 544.723351802828
"636" 1 490.37790825 611.500832516221
"637" 1 490.903634000001 1136.05904863909
"638" 1 492.619528000002 866.821742210938
"639" 1 492.945732500001 1424.36298239896
"640" 1 494.30903625 626.294076091376
"641" 1 497.31652525 819.432677164733
"642" 1 498.672858500005 619.002352035801
"643" 1 499.069069 692.392686858323
"644" 1 500.966177000003 540.152387250352
"645" 1 501.602220500001 780.404406501206
"646" 1 502.275699249999 591.494212667569
"647" 1 503.449611250001 563.490858473516
"648" 1 505.322940249997 565.872340612447
"649" 1 506.2495225 540.778008168595
"650" 1 506.873013249999 868.606799616706
"651" 1 507.625154499999 588.922720354359
"652" 1 513.302515999999 514.950579528766
"653" 1 513.749250499998 803.359970995278
"654" 1 514.476378 606.294368249973
"655" 1 515.178866499999 536.025641801323
"656" 1 515.984625000001 1213.80628435548
"657" 1 517.361024250003 517.710769842521
"658" 1 517.625967250003 703.986096421416
"659" 1 518.161734500003 578.511927888496
"660" 1 519.172816500002 629.26447382164
"661" 1 520.579253000001 1129.85574216363
"662" 1 521.129682249999 572.79365932364
"663" 1 521.188452249996 748.174908117533
"664" 1 521.557600249999 676.676084965812
"665" 1 522.60955625 528.301143029452
"666" 1 523.164926250001 648.30375814983
"667" 1 523.42841 534.690632417813
"668" 1 525.684514499999 1070.49498763537
"669" 1 525.98160925 565.52646864181
"670" 1 526.4545805 751.19208783205
"671" 1 526.566946249998 532.164182044625
"672" 1 528.012240499998 569.665140217946
"673" 1 528.196961 542.555167113969
"674" 1 530.046286249996 662.49678616049
"675" 1 530.768679999997 579.627684607559
"676" 1 530.929462499998 535.91400179333
"677" 1 531.400821249999 539.230268016326
"678" 1 531.535488250002 552.583120069368
"679" 1 531.773613249998 658.803944823296
"680" 1 533.501017999999 680.559939824238
"681" 1 533.746560249998 621.979177154893
"682" 1 536.554021249999 552.597228457961
"683" 1 537.522392499998 612.807683699636
"684" 1 537.597942249999 1150.13065730926
"685" 1 537.763061249999 560.51254253889
"686" 1 540.191991250001 540.327114473746
"687" 1 540.736664500002 639.654489922934
"688" 1 541.86810925 623.617516059787
"689" 1 542.53994 552.798308554688
"690" 1 543.156653250001 701.998070546217
"691" 1 545.345262250002 555.219560447653
"692" 1 548.535864500002 711.145391070698
"693" 1 549.184563250001 606.072640204137
"694" 1 550.197804999997 637.534285158003
"695" 1 550.442176999997 720.114062459745
"696" 1 550.611792249996 550.883870202216
"697" 1 553.391852500001 1158.14004923412
"698" 1 554.163744500001 554.220675080907
"699" 1 558.234870500003 606.187126614198
"700" 1 558.2753725 648.979104681716
"701" 1 559.89151525 655.73479490103
"702" 1 561.809488999999 581.176721360625
"703" 1 562.41287825 645.606454505564
"704" 1 562.745652499996 586.01178448138
"705" 1 563.52016825 622.221011461584
"706" 1 563.836364999994 824.979715627949
"707" 1 563.883240499997 605.630414909471
"708" 1 565.393792500001 572.35312075783
"709" 1 566.740061 604.301570755838
"710" 1 567.054868250002 932.591060084261
"711" 1 567.376178 572.154633216009
"712" 1 568.468233249998 714.405319985768
"713" 1 568.786192250001 627.795281222503
"714" 1 570.560266249999 579.089153511165
"715" 1 571.856112499999 597.114200476626
"716" 1 573.975912499998 631.999941067281
"717" 1 574.94432125 671.558411264754
"718" 1 575.952730000004 577.637004609711
"719" 1 576.311149000001 697.889810729358
"720" 1 577.530699250001 630.060399866727
"721" 1 578.63309825 588.856137446705
"722" 1 579.129610000002 625.038034451546
"723" 1 581.230759999998 611.126102779086
"724" 1 582.161066499999 605.329381730007
"725" 1 582.63451025 701.667938937834
"726" 1 582.772804999999 768.032615648617
"727" 1 584.888954000003 890.390060703242
"728" 1 587.773386499997 692.908871243136
"729" 1 588.148782500001 588.156988098572
"730" 1 588.522536500001 708.100257922625
"731" 1 589.03607425 956.072133505088
"732" 1 591.722001000003 846.416723371121
"733" 1 592.16229 688.04022780231
"734" 1 593.961841249999 1259.59649353172
"735" 1 595.65463025 640.72397286492
"736" 1 596.522722000003 596.555970528958
"737" 1 597.197211249997 600.340959665222
"738" 1 597.905805249999 672.700109072552
"739" 1 598.6028585 639.159328547104
"740" 1 599.778402499999 617.685919089658
"741" 1 602.849206250001 632.683836171408
"742" 1 602.923745250004 668.278373102424
"743" 1 603.327528 609.779143696481
"744" 1 603.841532500001 606.249755694818
"745" 1 604.059070249998 613.160746947677
"746" 1 604.263399999998 607.182928757258
"747" 1 606.242056249996 730.258618222026
"748" 1 607.25031525 900.017136082589
"749" 1 608.029561250001 622.314402407043
"750" 1 612.195300249996 622.697867845348
"751" 1 613.199140250002 622.798247448835
"752" 1 613.362589249996 614.220895637445
"753" 1 614.645685249998 879.229388438452
"754" 1 614.830324999998 663.248618362358
"755" 1 616.159935250001 652.088968624413
"756" 1 616.505000499999 619.913054196578
"757" 1 619.866864499996 698.178382997529
"758" 1 621.330765249997 1087.018256028
"759" 1 623.44448 725.907341459314
"760" 1 624.725514499998 714.393030158166
"761" 1 625.160864000003 626.523919356722
"762" 1 627.506121250001 897.313840829554
"763" 1 634.341428500001 749.108192503761
"764" 1 637.615457999999 657.335739757938
"765" 1 637.912921999997 783.122341722711
"766" 1 638.169027250001 759.607441383428
"767" 1 638.358540499998 678.090178259784
"768" 1 638.751612499999 860.216425507617
"769" 1 641.77214825 1138.88422906072
"770" 1 642.631592500001 724.086745245629
"771" 1 642.821071249999 976.307432019966
"772" 1 643.537754500002 654.115386863045
"773" 1 645.216130000002 1232.33327780439
"774" 1 646.900349000003 650.416755868713
"775" 1 647.371432999998 713.884111773668
"776" 1 648.584947249999 690.574103921475
"777" 1 649.577055250002 681.520480696011
"778" 1 652.0304905 671.797360127695
"779" 1 655.1252525 781.99415798649
"780" 1 664.624470499999 818.427865311111
"781" 1 665.504838500002 669.908576739415
"782" 1 666.427216249999 673.131544723937
"783" 1 668.28219725 739.539568640506
"784" 1 670.14273125 700.943669980703
"785" 1 670.628464250005 748.532028033412
"786" 1 672.776202249995 692.430639817878
"787" 1 676.871388999999 858.844589002374
"788" 1 677.653491249999 695.016745880438
"789" 1 678.064985000005 685.111981122701
"790" 1 680.024162499997 738.582579177866
"791" 1 686.73129725 699.609551260968
"792" 1 692.590158500005 698.962654574076
"793" 1 695.246173250003 700.832737771714
"794" 1 695.374002499996 724.819832535716
"795" 1 699.113959999999 715.85911923228
"796" 1 701.029387249996 749.082036562715
"797" 1 701.746762500004 742.814486180591
"798" 1 702.328769 705.456573003026
"799" 1 703.264465000006 869.142218709214
"800" 1 704.815456250001 730.010182166281
"801" 1 707.142804249999 747.552588279845
"802" 1 708.926491249998 788.829950376047
"803" 1 712.69320425 713.854584764422
"804" 1 717.451686250003 743.11259429905
"805" 1 722.5960325 724.282112996682
"806" 1 724.427775249999 736.448541748409
"807" 1 724.606758250001 734.432506931767
"808" 1 727.480522249996 895.219862004722
"809" 1 730.223252999998 824.965538541895
"810" 1 733.121485000001 804.955636828192
"811" 1 735.585978249999 735.753371961262
"812" 1 736.491771250001 796.225678071508
"813" 1 737.29684125 862.574020216124
"814" 1 738.196460500001 738.25068783058
"815" 1 740.816012250001 741.075705862929
"816" 1 745.048026499997 1202.29380299786
"817" 1 745.707722500002 772.777217600543
"818" 1 746.236674 813.900425941247
"819" 1 754.601193250001 760.647368066062
"820" 1 758.0459065 914.650482310224
"821" 1 764.674244999998 765.350493793396
"822" 1 765.908319249995 823.002039879263
"823" 1 767.489050249997 889.711181151998
"824" 1 767.613325 767.738456286317
"825" 1 769.309944499997 824.79535468632
"826" 1 770.538697999998 786.313227650828
"827" 1 770.881412499999 786.22614304522
"828" 1 770.915882250002 857.699942842885
"829" 1 774.756808249997 774.78687044143
"830" 1 775.683382500003 779.319826335828
"831" 1 775.999040000001 779.019661078846
"832" 1 781.72179725 783.593448924668
"833" 1 786.619034499994 790.472132053642
"834" 1 788.172219249996 797.013806990342
"835" 1 791.821342250002 793.231803490839
"836" 1 792.203239249998 857.769294260715
"837" 1 792.3530425 861.060434649223
"838" 1 795.692809 1030.25039688392
"839" 1 795.783943999996 799.556564012146
"840" 1 800.267865999998 811.447393728829
"841" 1 808.081555250003 808.361811844888
"842" 1 809.117165000004 810.592562402086
"843" 1 810.069621250004 813.742370032616
"844" 1 813.717518500001 832.439831523376
"845" 1 814.071052249997 837.904085446562
"846" 1 819.588949000002 896.089590659762
"847" 1 820.427634 826.852045363908
"848" 1 825.733759999999 1056.70256846012
"849" 1 827.698494500001 850.539247978115
"850" 1 833.087702250001 969.860069128815
"851" 1 839.455232500001 853.37035490775
"852" 1 845.986950249999 968.66787562145
"853" 1 854.596864999997 866.00757551696
"854" 1 859.42846925 859.832356488158
"855" 1 865.300225000001 883.068197012062
"856" 1 865.677933250001 1058.27159089469
"857" 1 872.405360999999 880.202372965626
"858" 1 878.161582249999 881.4998686511
"859" 1 879.077068999998 894.920983335166
"860" 1 888.266868249999 929.783478283744
"861" 1 890.247691250002 893.398767021882
"862" 1 893.630088 894.63939145381
"863" 1 900.147888249998 961.310261520464
"864" 1 902.617467249998 1094.04489278678
"865" 1 913.888606250002 967.227084071533
"866" 1 927.536065250002 939.565987391156
"867" 1 935.366113249998 1063.13593559844
"868" 1 950.482601999999 1024.73341953482
"869" 1 952.502106249999 1000.90757334563
"870" 1 971.26808125 1155.7762790824
"871" 1 986.306155250001 1027.60255000711
"872" 1 989.697855249999 993.527725077437
"873" 1 993.568825000006 1063.26449747848
"874" 1 993.689738000002 996.452405017431
"875" 1 998.956205000002 1047.76473353152
"876" 1 1000.46869325 1003.44717487024
"877" 1 1000.547509 1066.83392572371
"878" 1 1004.51338825 1251.92190462565
"879" 1 1012.13527325 1012.25863015355
"880" 1 1013.36305025 1057.37146247656
"881" 1 1026.94836625 1031.09748336721
"882" 1 1105.46469925 1105.69025478696
"883" 1 1114.1914405 1143.2516101773
"884" 1 1124.57841424999 1199.9186235882
"885" 1 1149.73308125 1544.20390850771
"886" 1 1191.918025 1262.90299748505
"887" 1 1218.167113 1505.842580289
"888" 1 1231.53182825 1385.07727514903
"889" 1 1281.10543250001 1282.25421501414
"890" 1 1368.0640485 1377.66682844078
"891" 1 1461.16697625 1499.46438151203
