"dimension" "Birth" "Death"
"1" 0 0 Inf
"2" 0 0 671.513165000002
"3" 0 0 870.05299525
"4" 0 0 288.509836249999
"5" 0 0 762.347837000001
"6" 0 0 736.088658499999
"7" 0 0 471.093066000001
"8" 0 0 863.630146249995
"9" 0 0 605.300845249999
"10" 0 0 760.092992499996
"11" 0 0 752.971590499995
"12" 0 0 721.103159249999
"13" 0 0 577.437510500001
"14" 0 0 532.795452500002
"15" 0 0 460.359290250001
"16" 0 0 785.303522499997
"17" 0 0 482.064040000002
"18" 0 0 354.521724500001
"19" 0 0 376.042277250003
"20" 0 0 385.345480500003
"21" 0 0 443.327439249996
"22" 0 0 398.641172500002
"23" 0 0 319.117771250001
"24" 0 0 722.1856645
"25" 0 0 643.555112499998
"26" 0 0 581.871124249998
"27" 0 0 546.190450000002
"28" 0 0 709.997836250002
"29" 0 0 479.406072500003
"30" 0 0 318.701593250002
"31" 0 0 819.399276249997
"32" 0 0 454.593112250001
"33" 0 0 394.387965249999
"34" 0 0 729.112932250002
"35" 0 0 436.138892499997
"36" 0 0 658.220133249996
"37" 0 0 581.22511625
"38" 0 0 676.93298625
"39" 0 0 535.389096250002
"40" 0 0 182.673319999999
"41" 0 0 357.695545000001
"42" 0 0 207.114592499999
"43" 0 0 457.5295765
"44" 0 0 413.924499250001
"45" 0 0 658.99172
"46" 0 0 302.614978250001
"47" 0 0 570.330730250001
"48" 0 0 540.8731505
"49" 0 0 651.283408
"50" 0 0 505.311682000003
"51" 0 0 159.584028250001
"52" 0 0 527.066536249996
"53" 0 0 254.106474499998
"54" 0 0 822.555701000005
"55" 0 0 517.629960250001
"56" 0 0 296.435808500003
"57" 0 0 914.718379249999
"58" 0 0 872.618324499998
"59" 0 0 681.008937249997
"60" 0 0 451.197500499999
"61" 0 0 644.279449250001
"62" 0 0 471.364982500003
"63" 0 0 472.329442000005
"64" 0 0 653.353672499998
"65" 0 0 738.660169999997
"66" 0 0 528.345605000001
"67" 0 0 605.401440499998
"68" 0 0 950.980987250003
"69" 0 0 710.043852499999
"70" 0 0 689.633049999999
"71" 0 0 487.907578000001
"72" 0 0 600.936646249997
"73" 0 0 418.738479249998
"74" 0 0 780.851825000003
"75" 0 0 395.880325000001
"76" 0 0 256.745241250001
"77" 0 0 795.217836250001
"78" 0 0 605.033384499999
"79" 0 0 598.832928500001
"80" 0 0 257.090264999999
"81" 0 0 418.871056249996
"82" 0 0 524.664550249999
"83" 0 0 326.315194250002
"84" 0 0 623.571510250001
"85" 0 0 392.292073999998
"86" 0 0 521.773476999997
"87" 0 0 252.715329249999
"88" 0 0 848.3724365
"89" 0 0 624.295068500001
"90" 0 0 587.446785250001
"91" 0 0 668.253525250002
"92" 0 0 294.88659925
"93" 0 0 641.916932500001
"94" 0 0 489.79843925
"95" 0 0 664.855002500004
"96" 0 0 619.601906249998
"97" 0 0 956.348675999999
"98" 0 0 697.783427999995
"99" 0 0 446.689236249995
"100" 0 0 334.585162
"101" 0 0 349.602223249999
"102" 0 0 795.226144999998
"103" 0 0 309.3913
"104" 0 0 502.825370000003
"105" 0 0 371.842792250001
"106" 0 0 471.317233999999
"107" 0 0 376.981875249999
"108" 0 0 476.193649999996
"109" 0 0 326.6046445
"110" 0 0 431.843450000004
"111" 0 0 324.731745000002
"112" 0 0 752.846133249996
"113" 0 0 506.373852499997
"114" 0 0 689.073350499999
"115" 0 0 776.9974185
"116" 0 0 535.477432999999
"117" 0 0 596.6658365
"118" 0 0 485.975573000003
"119" 0 0 198.618862499999
"120" 0 0 734.397950499997
"121" 0 0 255.01098125
"122" 0 0 676.150180000001
"123" 0 0 644.149405250001
"124" 0 0 343.321342249999
"125" 0 0 342.118065250002
"126" 0 0 942.360118250002
"127" 0 0 614.163505249996
"128" 0 0 209.123719999998
"129" 0 0 875.808927250001
"130" 0 0 357.880716500003
"131" 0 0 247.06313725
"132" 0 0 735.195698000002
"133" 0 0 512.412192500001
"134" 0 0 472.650963250004
"135" 0 0 479.917652000002
"136" 0 0 325.588718249999
"137" 0 0 678.960267249997
"138" 0 0 712.542943249998
"139" 0 0 640.809212500001
"140" 0 0 1084.1375285
"141" 0 0 355.49618425
"142" 0 0 949.30584064
"143" 0 0 538.028578000001
"144" 0 0 721.9721405
"145" 0 0 321.079942250003
"146" 0 0 583.19462925
"147" 0 0 323.43320225
"148" 0 0 383.9683145
"149" 0 0 766.4801645
"150" 0 0 477.864377999999
"151" 0 0 335.65639925
"152" 0 0 266.12495825
"153" 0 0 296.596900000001
"154" 0 0 428.431652499999
"155" 0 0 364.8143305
"156" 0 0 477.55135625
"157" 0 0 179.469193250001
"158" 0 0 1133.907625
"159" 0 0 266.027710500002
"160" 0 0 172.284597250001
"161" 0 0 363.100982500001
"162" 0 0 419.309552249999
"163" 0 0 244.835124499999
"164" 0 0 349.036633249998
"165" 0 0 300.630931249997
"166" 0 0 291.03180625
"167" 0 0 1375.14964925
"168" 0 0 59.0074482500006
"169" 0 0 495.656093
"170" 0 0 591.138902249997
"171" 0 0 474.665213250003
"172" 0 0 530.951536249999
"173" 0 0 628.329302499999
"174" 0 0 655.40962
"175" 0 0 289.466816499999
"176" 0 0 474.42214625
"177" 0 0 445.171176499999
"178" 0 0 318.94642525
"179" 0 0 517.33387225
"180" 0 0 576.713886500007
"181" 0 0 427.806792499999
"182" 0 0 619.43904325
"183" 0 0 1198.70139925
"184" 0 0 740.644818249997
"185" 0 0 592.164980499999
"186" 0 0 268.55520925
"187" 0 0 191.78743525
"188" 0 0 661.207252250001
"189" 0 0 210.701802250001
"190" 0 0 349.65217125
"191" 0 0 486.725366500001
"192" 0 0 130.339937250001
"193" 0 0 956.01797924
"194" 0 0 645.015319250001
"195" 0 0 407.028264250001
"196" 0 0 253.234955249999
"197" 0 0 277.74581225
"198" 0 0 154.617398499998
"199" 0 0 451.438742499998
"200" 0 0 627.810038500001
"201" 0 0 319.625093000002
"202" 0 0 394.7566765
"203" 0 0 509.27923325
"204" 0 0 873.182237622499
"205" 0 0 709.754982250004
"206" 0 0 263.377017249999
"207" 0 0 231.607665999999
"208" 0 0 518.570606250001
"209" 0 0 231.869245250002
"210" 0 0 295.400160499995
"211" 0 0 838.267085812502
"212" 0 0 223.46694925
"213" 0 0 388.54877725
"214" 0 0 276.072901249999
"215" 0 0 207.817593250001
"216" 0 0 474.93805225
"217" 0 0 964.99733125
"218" 0 0 145.12846625
"219" 0 0 335.35359325
"220" 0 0 238.973644999997
"221" 0 0 309.057531249999
"222" 0 0 670.213524999999
"223" 0 0 332.021515249999
"224" 0 0 242.101645250001
"225" 0 0 498.659398250001
"226" 0 0 716.532103249997
"227" 0 0 888.674522500002
"228" 0 0 420.829026250001
"229" 0 0 425.946081249996
"230" 0 0 394.291765250003
"231" 0 0 176.370896000001
"232" 0 0 447.42821
"233" 0 0 399.888972500004
"234" 0 0 346.39215925
"235" 0 0 302.024596249997
"236" 0 0 259.204426
"237" 0 0 689.090415250002
"238" 0 0 293.862457000001
"239" 0 0 190.097342499999
"240" 0 0 288.9407905
"241" 0 0 858.346378000002
"242" 0 0 908.42526629
"243" 0 0 307.403926249999
"244" 0 0 478.028960000003
"245" 0 0 392.257762000002
"246" 0 0 187.32306825
"247" 0 0 470.6480625025
"248" 0 0 297.8542085
"249" 0 0 296.98225
"250" 0 0 404.5179125
"251" 0 0 2003.62504136
"252" 0 0 203.36115725
"253" 0 0 376.217662499998
"254" 0 0 153.682938
"255" 0 0 145.01145625
"256" 0 0 360.359427250003
"257" 0 0 348.9231965
"258" 0 0 182.21357725
"259" 0 0 481.3681165
"260" 0 0 282.947294500002
"261" 0 0 213.962741000001
"262" 0 0 622.397920499999
"263" 0 0 275.551386499998
"264" 0 0 597.516017059998
"265" 0 0 412.880551249999
"266" 0 0 558.629895689996
"267" 0 0 209.9149805
"268" 0 0 405.15825725
"269" 0 0 381.579237000001
"270" 0 0 306.570895999997
"271" 0 0 220.356722500001
"272" 0 0 297.6765325
"273" 0 0 440.7669335725
"274" 0 0 147.935144249998
"275" 0 0 461.665477639999
"276" 0 0 395.410054250002
"277" 0 0 418.577857
"278" 0 0 289.44877525
"279" 0 0 292.793285000003
"280" 0 0 362.404406250001
"281" 0 0 246.190131062499
"282" 0 0 546.509249999997
"283" 0 0 282.406983999999
"284" 0 0 215.166421000001
"285" 0 0 313.7361085
"286" 0 0 236.961562500004
"287" 0 0 548.172952289999
"288" 0 0 635.852701249999
"289" 0 0 369.901062499998
"290" 0 0 1039.2709105
"291" 0 0 347.519682250004
"292" 0 0 504.034202499999
"293" 0 0 346.274982250001
"294" 0 0 349.049889249998
"295" 0 0 339.032947249999
"296" 0 0 274.719157250004
"297" 0 0 1625.2081910525
"298" 0 0 357.135807812498
"299" 0 0 868.16593949
"300" 0 0 229.49502325
"301" 0 0 521.257969249999
"302" 0 0 409.223749502496
"303" 0 0 246.66153466
"304" 0 0 475.82777225
"305" 0 0 107.17594825
"306" 0 0 136.869349460001
"307" 0 0 501.208541000001
"308" 0 0 229.071663249998
"309" 0 0 873.319938500001
"310" 0 0 427.510156249999
"311" 0 0 225.555214249999
"312" 0 0 721.624381250003
"313" 0 0 679.20772
"314" 0 0 941.703213250001
"315" 0 0 188.594494010002
"316" 0 0 347.254471250003
"317" 0 0 311.050053249998
"318" 0 0 444.207036802496
"319" 0 0 410.78456425
"320" 0 0 406.65695625
"321" 0 0 395.400360499997
"322" 0 0 233.0005711025
"323" 0 0 420.536802249999
"324" 0 0 177.385156010001
"325" 0 0 381.844306000001
"326" 0 0 286.30236994
"327" 0 0 309.910896999998
"328" 0 0 203.921728690001
"329" 0 0 162.82852381
"330" 0 0 603.8685007225
"331" 0 0 371.018280172502
"332" 0 0 289.949242500003
"333" 0 0 420.983980249999
"334" 0 0 700.995972499999
"335" 0 0 286.284965622502
"336" 0 0 875.735500689997
"337" 0 0 196.082725249999
"338" 0 0 251.911584499999
"339" 0 0 609.905009522502
"340" 0 0 309.819150499998
"341" 0 0 389.293135249995
"342" 0 0 386.96599325
"343" 0 0 337.05789604
"344" 0 0 288.094669000002
"345" 0 0 313.023287249999
"346" 0 0 632.063454499999
"347" 0 0 186.492605
"348" 0 0 193.32276496
"349" 0 0 139.670153999998
"350" 0 0 262.061426250002
"351" 0 0 213.96854344
"352" 0 0 361.804274
"353" 0 0 265.41903089
"354" 0 0 213.155446249996
"355" 0 0 143.032469059999
"356" 0 0 390.906735249998
"357" 0 0 556.065335249999
"358" 0 0 424.941034000001
"359" 0 0 258.91078025
"360" 0 0 331.53887106
"361" 0 0 618.833671250001
"362" 0 0 364.061312500002
"363" 0 0 232.184514890001
"364" 0 0 179.468237
"365" 0 0 781.553752249998
"366" 0 0 237.890981249999
"367" 0 0 257.012313902497
"368" 0 0 294.62065025
"369" 0 0 367.237060999997
"370" 0 0 192.7503405725
"371" 0 0 326.10520834
"372" 0 0 206.971729000002
"373" 0 0 317.364250689999
"374" 0 0 250.059042500001
"375" 0 0 216.871084250001
"376" 1 191.615523140002 241.911217322481
"377" 1 234.67727025 240.121730099178
"378" 1 241.505757250001 273.986690513739
"379" 1 269.73993925 316.309512299237
"380" 1 277.20417906 418.633130274946
"381" 1 284.109406760002 338.45922674789
"382" 1 306.834258249999 350.827583219439
"383" 1 311.812879250001 324.557748502914
"384" 1 312.891423759999 489.770308830913
"385" 1 321.457866250001 495.281776420521
"386" 1 328.60767025 503.707101439361
"387" 1 333.56470225 526.037553301207
"388" 1 333.938112999999 390.766193866949
"389" 1 334.02428425 609.494792360613
"390" 1 337.469334499999 461.818167009277
"391" 1 337.545409089998 401.094774447355
"392" 1 340.90254529 647.845380527472
"393" 1 341.515983289997 694.251438818297
"394" 1 342.378523022498 476.301833067079
"395" 1 343.154820249999 403.015994592983
"396" 1 343.522874000001 352.485259372488
"397" 1 352.710777250001 819.782015716257
"398" 1 355.138740999998 399.723534670104
"399" 1 359.319073000002 451.60746788328
"400" 1 359.734109689999 389.161485839075
"401" 1 360.7791328125 384.427031520271
"402" 1 363.285681999998 524.050978414899
"403" 1 364.022346500001 725.818281899198
"404" 1 365.423045000001 457.82111805618
"405" 1 366.289922 519.833822041739
"406" 1 366.499820249998 480.295164504543
"407" 1 367.920071999999 736.123137677221
"408" 1 368.194404250001 410.261282250259
"409" 1 369.033193999998 458.597382994788
"410" 1 375.290434 435.541800446972
"411" 1 375.774938499999 452.083505524451
"412" 1 377.18530525 516.399630130566
"413" 1 378.41339425 431.461416655542
"414" 1 380.341205000001 601.103811928925
"415" 1 380.980037 385.236808380454
"416" 1 381.755640689997 576.153110376419
"417" 1 382.220182652501 692.019328954351
"418" 1 384.048062499999 706.299640802928
"419" 1 385.259086250001 440.535313059865
"420" 1 385.61741 445.096464287371
"421" 1 386.050977 452.529756820227
"422" 1 386.213456210002 427.933858095858
"423" 1 388.764002202501 584.273839560315
"424" 1 390.33016724 392.543896233327
"425" 1 394.751112999998 513.824568278456
"426" 1 399.242666500002 843.409334464332
"427" 1 399.645686250003 456.188434636396
"428" 1 401.104046250001 593.495287350536
"429" 1 401.802745999999 418.132620268548
"430" 1 402.021704500001 414.149595210133
"431" 1 405.3923991025 431.243775163586
"432" 1 407.442998500001 538.862663623512
"433" 1 413.809235999996 484.7414889795
"434" 1 415.0208834525 506.597583901516
"435" 1 415.045117249999 578.711126158345
"436" 1 415.782240249997 710.073432915123
"437" 1 416.2929625 647.937412374269
"438" 1 417.58437725 489.36407155039
"439" 1 418.96982725 505.882096523746
"440" 1 421.043050000003 646.620458265823
"441" 1 421.20387725 498.731478453989
"442" 1 422.3393553725 469.983466437339
"443" 1 424.237347249999 466.98190010029
"444" 1 426.79743329 459.452370309291
"445" 1 426.850821250002 455.325244445071
"446" 1 427.508466500001 499.631796777484
"447" 1 429.469133562501 430.12968655407
"448" 1 432.16982504 543.415410969909
"449" 1 432.956704499999 482.864295823493
"450" 1 435.566991249998 534.6622850007
"451" 1 436.730260000002 638.135217547293
"452" 1 441.113571999996 631.080548100824
"453" 1 442.025821 641.988929960995
"454" 1 442.944912499999 632.624818055212
"455" 1 446.367501 721.434060146407
"456" 1 447.638691249999 508.85494606059
"457" 1 447.976369 789.407917952284
"458" 1 451.602913249999 486.809924745169
"459" 1 452.410003772502 469.825042072837
"460" 1 452.8316825 454.29372094958
"461" 1 455.426796249999 588.42294548489
"462" 1 457.422235250002 524.923528694448
"463" 1 458.74103125 532.044413703684
"464" 1 458.857119249999 465.908399888393
"465" 1 459.318118249996 494.898991609467
"466" 1 459.36383825 520.683236110432
"467" 1 460.929835250002 477.042471360088
"468" 1 463.425964249997 616.453948008351
"469" 1 465.162750249999 974.871866387637
"470" 1 466.795342249998 536.642672752954
"471" 1 468.573631059999 526.413419358362
"472" 1 468.600398500001 685.168583633086
"473" 1 471.400120249999 502.272148658371
"474" 1 474.16906025 743.188484049203
"475" 1 474.632741250005 527.758604467508
"476" 1 474.987787249997 499.646893958383
"477" 1 478.089571249998 594.699723640743
"478" 1 478.564062209999 486.499838318515
"479" 1 478.885601000002 555.76252252532
"480" 1 479.64813125 560.838084292106
"481" 1 480.202621759998 929.137895445061
"482" 1 480.72405925 482.812907269669
"483" 1 481.568413250001 484.119090445577
"484" 1 483.755631249999 570.971111042212
"485" 1 485.373912500001 505.570706005758
"486" 1 488.717104999999 851.972848203478
"487" 1 489.183175439999 489.458736930578
"488" 1 489.206302009999 526.646843388304
"489" 1 489.213338 840.538686005493
"490" 1 489.649512499998 1025.67313111711
"491" 1 490.13030929 839.823919862451
"492" 1 490.154754250004 815.233939256804
"493" 1 490.572899999998 532.714536536978
"494" 1 492.001932500002 521.205009674981
"495" 1 493.069908250001 523.443445418362
"496" 1 494.293563250003 628.266244827002
"497" 1 495.564122 518.16389337805
"498" 1 496.162282499998 502.477651190107
"499" 1 496.909244499997 662.005236175126
"500" 1 497.092369999999 534.476726342412
"501" 1 499.374612500001 499.420396883904
"502" 1 500.058068499999 501.846476472856
"503" 1 502.089882499999 728.444754782907
"504" 1 502.608681249996 685.726301986296
"505" 1 506.364179209999 526.210900061716
"506" 1 507.334909000002 978.23323707576
"507" 1 513.621983439998 518.346412634675
"508" 1 515.027306000003 516.995227327737
"509" 1 518.72562425 658.273707880849
"510" 1 521.604498500002 1298.65194122393
"511" 1 525.773684000002 694.296500486087
"512" 1 528.57639025 635.379768154107
"513" 1 533.141916499999 654.330819076833
"514" 1 533.531403249998 613.652596559381
"515" 1 533.905424 559.182788823608
"516" 1 536.155122500002 613.166079798637
"517" 1 536.387798499999 653.187575939454
"518" 1 536.452839249999 587.011312721309
"519" 1 536.494465999999 590.946502813014
"520" 1 538.171263250002 648.004258668206
"521" 1 538.294164250005 585.524399626238
"522" 1 539.28068525 577.208737892428
"523" 1 540.2320665625 568.273894153513
"524" 1 540.290314000001 560.913391385133
"525" 1 541.377879250001 604.33281457644
"526" 1 541.929958250004 1286.91551882232
"527" 1 544.576223249998 609.661952988453
"528" 1 547.74983925 547.787389385421
"529" 1 547.807142500003 691.390155493229
"530" 1 548.989951250002 554.368394436748
"531" 1 550.305677540001 643.173744884502
"532" 1 550.370370249999 621.965437197744
"533" 1 551.377153 888.657638996866
"534" 1 552.966637249999 568.96677898255
"535" 1 554.150188250001 654.253291100066
"536" 1 556.004476250001 581.51912855021
"537" 1 562.276368000002 690.630818651793
"538" 1 567.251477840001 639.887408587341
"539" 1 567.257541249999 573.886358844825
"540" 1 572.2051625 1596.54511192772
"541" 1 572.680082499999 637.009465730253
"542" 1 576.26754125 581.380598724939
"543" 1 577.234352500004 640.229216394031
"544" 1 581.318834 658.726638050191
"545" 1 582.234525000001 582.842413542703
"546" 1 583.042471250003 773.134810399421
"547" 1 585.161317249999 603.541778699201
"548" 1 587.410586499996 845.561561211819
"549" 1 588.507522249998 646.861456795502
"550" 1 593.054626250001 646.780890866456
"551" 1 595.044081249997 619.796789693313
"552" 1 595.266454250005 711.829433804185
"553" 1 595.28343825 719.496944156336
"554" 1 596.353720499996 596.353728725285
"555" 1 598.438759250003 803.004105037641
"556" 1 601.548798500003 773.696177286121
"557" 1 603.845682500005 1151.39777486469
"558" 1 606.479440999998 618.215814748012
"559" 1 609.40154425 643.172169582005
"560" 1 611.433348500001 755.953691607352
"561" 1 614.411689249998 842.547242758744
"562" 1 617.035986499999 619.800376904483
"563" 1 618.365941249999 790.736495569943
"564" 1 619.444495999996 639.472724654486
"565" 1 623.435237 623.610280944525
"566" 1 623.455118499999 997.45346236486
"567" 1 624.3490243025 676.83407795882
"568" 1 625.005372500004 1038.24810159073
"569" 1 626.672404249998 772.258777770206
"570" 1 631.118832499995 828.987437728803
"571" 1 631.903656249997 643.162861698985
"572" 1 635.273508250004 876.356164315374
"573" 1 635.6372665 912.92390656199
"574" 1 635.704867999999 858.694453591051
"575" 1 636.681010000004 914.825994631527
"576" 1 637.138390249996 663.601427864147
"577" 1 639.481677250004 639.557163632731
"578" 1 640.048008999997 1178.10739942324
"579" 1 645.711250000006 649.286860547007
"580" 1 647.075456 679.380457899472
"581" 1 648.75920525 676.576340074477
"582" 1 649.587395250003 681.524108628281
"583" 1 649.708397000002 709.943606893258
"584" 1 650.580421249998 700.310272176878
"585" 1 651.646776500001 652.195584558861
"586" 1 654.833977250003 735.789650130491
"587" 1 663.106963999997 674.313834353169
"588" 1 663.111290000002 801.94351066469
"589" 1 663.271685522504 694.255947147263
"590" 1 666.885781249999 684.571308923368
"591" 1 667.416444500002 773.358163176307
"592" 1 667.469785250001 748.779660998909
"593" 1 669.562887249998 760.119337248486
"594" 1 670.493282500005 681.997074671048
"595" 1 671.123596249999 677.417779384839
"596" 1 671.893515249999 716.927178448957
"597" 1 673.732820000004 862.154254668857
"598" 1 674.395240250001 781.49477189655
"599" 1 674.637560999997 1034.11090084799
"600" 1 679.32619625 1035.04017482859
"601" 1 679.971602500004 1106.63300030065
"602" 1 680.818537249998 721.050245741588
"603" 1 683.489322499997 745.540840881793
"604" 1 684.9855025 685.11588186225
"605" 1 685.010362499996 1693.4743155959
"606" 1 687.24351925 705.867006149205
"607" 1 687.384531249999 1583.48124891517
"608" 1 689.839671249999 763.094116274435
"609" 1 691.331412249999 969.996925466002
"610" 1 691.484181250001 1178.21024570439
"611" 1 691.687962250001 692.579866810103
"612" 1 691.878482499997 699.951442322657
"613" 1 692.651458 831.524911077409
"614" 1 692.899801250004 977.308924364771
"615" 1 693.260624249997 968.358485234281
"616" 1 693.740765249998 874.297957992064
"617" 1 694.372254499996 740.577113983756
"618" 1 694.423541249998 780.596928390457
"619" 1 695.236948249998 920.364780968113
"620" 1 701.887748000003 1255.00891675313
"621" 1 703.258081250001 853.273072738933
"622" 1 703.76513225 703.877961499718
"623" 1 705.850036250002 711.133366426219
"624" 1 706.230729000001 706.318426583813
"625" 1 706.248554500002 781.291774775114
"626" 1 706.255537249997 941.029826328713
"627" 1 709.349161250001 810.447898783219
"628" 1 711.057434000002 1113.73010424554
"629" 1 711.853080250001 1501.22268567544
"630" 1 711.957394250005 763.215219014549
"631" 1 713.306128000002 1012.71606712359
"632" 1 716.453181250001 854.898740801291
"633" 1 717.994264250002 731.901987730933
"634" 1 718.708353140001 781.349554403747
"635" 1 720.429880702504 1220.51190552067
"636" 1 721.593102249998 862.258510482377
"637" 1 721.780962500001 1040.22684783489
"638" 1 723.356413000005 839.760192886122
"639" 1 726.354665000006 850.28727471998
"640" 1 728.892434500001 745.341197979663
"641" 1 731.140010499995 1417.01164823242
"642" 1 732.816874250001 824.491206447213
"643" 1 733.582720250003 746.774199884369
"644" 1 734.571704249999 885.301119359761
"645" 1 735.804829 1081.78136384226
"646" 1 736.297473249996 795.979558924959
"647" 1 736.346762499997 932.267020001007
"648" 1 737.546442249996 1054.78935188575
"649" 1 740.430354250004 782.378033630754
"650" 1 740.881712500004 1054.86941700084
"651" 1 746.200549250002 746.301325440773
"652" 1 746.3311265 953.6163333864
"653" 1 748.487214499996 762.784381392391
"654" 1 749.443427999998 849.299455230336
"655" 1 753.61204925 1048.23158121615
"656" 1 757.774712499998 1311.83590011437
"657" 1 759.73105925 808.493790182599
"658" 1 760.392600500002 776.270635517761
"659" 1 766.242151999999 1581.05320848105
"660" 1 766.4879525 817.426976393313
"661" 1 769.903540249997 1078.31999097275
"662" 1 770.482716250002 802.377175854104
"663" 1 771.0749325 807.757136692176
"664" 1 772.20575225 1052.40318657686
"665" 1 772.373862499999 1483.4054493886
"666" 1 775.049480000003 868.968210265334
"667" 1 777.631701250002 781.519569476469
"668" 1 779.433212500002 901.283171613413
"669" 1 780.10701625 982.566992448883
"670" 1 780.89903125 1383.05739031527
"671" 1 784.933380249999 833.473222123606
"672" 1 787.404730250001 788.648344634348
"673" 1 787.776370000001 798.71236699758
"674" 1 788.548664500002 943.424210467425
"675" 1 789.885538000004 966.640799514816
"676" 1 792.781944999997 928.14154870085
"677" 1 793.672420999998 971.534481752907
"678" 1 796.026293000001 802.030552664567
"679" 1 796.112098 823.934609610411
"680" 1 802.826046249999 1312.4094908891
"681" 1 803.02920525 972.041776223266
"682" 1 807.844896999996 843.95008200724
"683" 1 807.964546250001 809.195605222833
"684" 1 809.091633999999 945.319344315752
"685" 1 810.094724000001 825.210275861665
"686" 1 811.781652999998 943.21186378514
"687" 1 812.766774249996 988.903835276567
"688" 1 812.816528500003 845.202215583735
"689" 1 814.274252999999 937.528896191643
"690" 1 817.479221000003 1738.73194375539
"691" 1 818.76699425 992.174101424614
"692" 1 818.785537249995 866.965359439074
"693" 1 818.840322499997 903.727680372827
"694" 1 818.985915250001 1052.3759893811
"695" 1 820.992610000001 1019.59461728489
"696" 1 822.190965250001 896.536962063254
"697" 1 822.658192202502 824.337161701036
"698" 1 826.039568250002 1022.51438316248
"699" 1 828.328006250002 905.843313238475
"700" 1 833.153438500001 839.261052802176
"701" 1 834.695540999998 1446.68561082309
"702" 1 834.875173249998 891.384969058852
"703" 1 837.830646499999 873.64284653064
"704" 1 838.004822499999 1554.75671776311
"705" 1 841.279545000006 915.490008725986
"706" 1 841.522831249999 901.87610714231
"707" 1 847.191462499999 1018.58614723816
"708" 1 849.441962502502 1080.7091369283
"709" 1 849.932908250002 1105.14808995344
"710" 1 850.52328125 856.530722593967
"711" 1 855.815695250002 874.31745325929
"712" 1 858.601001250002 959.566735741495
"713" 1 858.678538250001 959.967101078976
"714" 1 859.067550500003 902.734233842488
"715" 1 860.524380249999 860.756160507954
"716" 1 866.828728999996 1661.07420527934
"717" 1 867.163404500002 959.175560665861
"718" 1 869.465034739999 1083.69579296902
"719" 1 870.450916250002 1693.74686172344
"720" 1 872.413801999997 877.302102246926
"721" 1 873.472037000001 908.997445166021
"722" 1 874.651124000001 1022.85428338908
"723" 1 874.965883250006 1498.27420251267
"724" 1 881.893714 1139.24323037173
"725" 1 888.530955249995 966.029018567458
"726" 1 891.802398500001 1040.96835787678
"727" 1 892.710821000001 897.662918259741
"728" 1 894.17433625 933.84005035247
"729" 1 896.911609249998 896.99780191433
"730" 1 896.9334545 924.494588183738
"731" 1 898.72586425 1026.91244020477
"732" 1 899.014456250001 1141.41905292092
"733" 1 899.442807250001 997.119472355601
"734" 1 900.2000925 983.989600797037
"735" 1 904.295410000001 1230.30278725923
"736" 1 905.457569000002 1032.49660479668
"737" 1 907.27207425 968.973208455684
"738" 1 907.533202499998 1002.53335016796
"739" 1 908.374327249995 968.505068437672
"740" 1 909.269125 1803.48019637498
"741" 1 909.841780999998 1111.51981509823
"742" 1 918.371164249998 1094.10498682152
"743" 1 918.832086250001 1087.62931724236
"744" 1 922.693268500001 1390.84009229138
"745" 1 926.16521125 2265.96295302752
"746" 1 926.569412500005 1038.81573550926
"747" 1 927.433207249999 934.40881918788
"748" 1 931.6190225 1018.08571571308
"749" 1 935.732756249998 1068.865978681
"750" 1 937.887564500002 1169.32590432562
"751" 1 938.468102499999 1091.78841847736
"752" 1 940.108953040001 949.794763050548
"753" 1 940.865424250002 1052.53854293226
"754" 1 943.068113999998 947.767887860503
"755" 1 943.6890125 1089.78665859552
"756" 1 951.073474250007 952.33966149968
"757" 1 952.102372500004 1050.76766488061
"758" 1 953.942216 1597.69625353899
"759" 1 955.040594 1322.49310578755
"760" 1 955.935946250001 1236.65860508273
"761" 1 956.120472499998 987.575782454324
"762" 1 956.992728249998 968.195571622294
"763" 1 957.027350500001 1006.55677140972
"764" 1 958.02954525 1008.8732499971
"765" 1 959.672548000002 965.03507000848
"766" 1 959.68829125 1179.44861452405
"767" 1 963.4768945 2193.47861381035
"768" 1 964.193358500001 1179.46896172429
"769" 1 967.078930499997 986.13922362894
"770" 1 968.163933249999 996.710371756561
"771" 1 968.694777999997 1879.5383654887
"772" 1 972.004431249999 1021.50672033233
"773" 1 973.284909250001 1080.84524012578
"774" 1 985.765937000001 1366.33251041533
"775" 1 986.214930500006 1753.28316856267
"776" 1 986.968585 1126.06175148784
"777" 1 988.680684999996 1047.88407560198
"778" 1 991.706976250005 1422.31226812847
"779" 1 997.2791965 1004.97659730787
"780" 1 998.982618499996 3002.18900631125
"781" 1 1002.46674125 1398.33779245949
"782" 1 1004.72666125 1119.67023671272
"783" 1 1004.9243965 1618.94043032322
"784" 1 1007.7184625 1137.77175018639
"785" 1 1011.9061305 1329.60294542517
"786" 1 1014.063362 1476.87795067285
"787" 1 1014.68648125 1223.0850709857
"788" 1 1017.84849125 2359.68289019403
"789" 1 1017.89959925 1065.50169803359
"790" 1 1018.451993 1162.90386929704
"791" 1 1022.00516225 1152.56867230253
"792" 1 1023.3448465 2233.31870559784
"793" 1 1023.7679525 1023.7712207741
"794" 1 1024.60292425 1027.55253099678
"795" 1 1026.4325625 1046.27977433348
"796" 1 1036.34687061 1059.14798188603
"797" 1 1037.2433625 1157.90216396621
"798" 1 1037.53580625 1871.06663286555
"799" 1 1038.532405 1290.8634846106
"800" 1 1038.7009705 1600.8214835618
"801" 1 1043.797666 1375.35196092273
"802" 1 1044.85829225 1174.89439781823
"803" 1 1048.365121 1365.88656633168
"804" 1 1048.62225425 1053.05217318365
"805" 1 1048.9078265 1160.55986581071
"806" 1 1050.39124425 2065.60103645783
"807" 1 1051.650433 1051.76534903902
"808" 1 1052.44874125 1313.75079273552
"809" 1 1052.84716200001 1057.60462528371
"810" 1 1053.28886625 1455.09109474432
"811" 1 1059.88011725 1087.99386556352
"812" 1 1062.2544725 1249.73824958346
"813" 1 1073.873224 1253.2280863914
"814" 1 1074.274321 1613.6563268261
"815" 1 1078.04521625 1175.41294008087
"816" 1 1079.01588425 1090.72472812485
"817" 1 1079.12525299999 1244.34849504304
"818" 1 1083.6560345 1104.28989241424
"819" 1 1088.735632 2275.93094631455
"820" 1 1091.7188548225 1450.7485612709
"821" 1 1095.5389365 1148.99219991357
"822" 1 1099.7736305 1196.08060907788
"823" 1 1101.32040925 2027.85082253807
"824" 1 1101.71803625 1286.17717697717
"825" 1 1104.48512225 1247.35746195616
"826" 1 1105.45508 1121.5803645249
"827" 1 1111.0191025 1147.67056039114
"828" 1 1118.42260625 1311.02781048557
"829" 1 1118.690002 1120.50153072393
"830" 1 1125.80279649999 1201.66032858803
"831" 1 1130.15496625 1145.82834377196
"832" 1 1130.61722625 1204.80069183633
"833" 1 1131.13007725 1203.21548033399
"834" 1 1132.7016465 1327.16293561225
"835" 1 1134.34515625 1207.80296809617
"836" 1 1136.69728625 1289.43211799309
"837" 1 1162.551688 1166.8083798123
"838" 1 1168.7940045 1257.27408190908
"839" 1 1176.28350025 1216.72060908513
"840" 1 1179.73602125 1240.56536773397
"841" 1 1191.4719625 1715.46592641167
"842" 1 1192.0369525 1262.43380681898
"843" 1 1204.40996325 1225.78169019589
"844" 1 1204.4268545 2193.92683818478
"845" 1 1205.91757025 2452.04234274613
"846" 1 1207.77986825001 1208.23614660046
"847" 1 1223.362714 1351.16096045275
"848" 1 1225.435924 1306.90532174915
"849" 1 1226.40283114 1284.52803441257
"850" 1 1229.6553305 1728.77488789866
"851" 1 1233.31820825 1268.83185440758
"852" 1 1234.66556025 1943.59968727784
"853" 1 1243.198324 1306.21641909414
"854" 1 1243.7417725 1426.48373301713
"855" 1 1245.01756624999 1655.2447325563
"856" 1 1247.00302125 1247.04838278182
"857" 1 1250.332465 1392.1574994549
"858" 1 1250.4029705 1320.97708782805
"859" 1 1252.67349325 1346.08195193078
"860" 1 1253.44607125 1373.98328069608
"861" 1 1255.70343725 1552.4944683561
"862" 1 1267.83194225 1431.09422620729
"863" 1 1269.056401 1295.17048367734
"864" 1 1283.8346405 1726.58832369406
"865" 1 1287.217256 1299.74872490798
"866" 1 1288.9990825 1768.27884427342
"867" 1 1302.5863705 1524.46500013159
"868" 1 1304.94857225 1988.32063332209
"869" 1 1307.423146 1307.44968379885
"870" 1 1309.870841 1375.63691980043
"871" 1 1310.02309325 1310.75695765221
"872" 1 1325.761813 1338.49483236465
"873" 1 1342.21127125 2067.60937965953
"874" 1 1350.14176525 1350.31584893025
"875" 1 1351.18393625 1365.69909174038
"876" 1 1373.48761225 1935.33711218525
"877" 1 1379.20281025 1844.80111903921
"878" 1 1381.06642325 2249.64359841809
"879" 1 1389.16253125 1452.67492868197
"880" 1 1402.85787649999 1447.44383183181
"881" 1 1409.91748244 1426.04313214866
"882" 1 1411.48580624999 1591.91762803233
"883" 1 1416.60900925 1416.8297725994
"884" 1 1433.7483605 1498.31300138197
"885" 1 1434.47795725 1657.82532894827
"886" 1 1445.47907125 1553.64471159529
"887" 1 1449.60553 1464.89821116541
"888" 1 1452.55961525 1932.2725444194
"889" 1 1456.0071345 1535.34151437291
"890" 1 1463.04793325 1575.30662902005
"891" 1 1463.061141 1600.86600141097
"892" 1 1474.06987300001 2709.90579480402
"893" 1 1517.40850825 1517.44732115381
"894" 1 1533.82957325 1533.88039384014
"895" 1 1539.1743965 1580.35522453064
"896" 1 1548.91492625 1572.9397679713
"897" 1 1555.18027425 2252.98578630293
"898" 1 1559.64920625 2585.40856748332
"899" 1 1559.93246824999 1844.68502199677
"900" 1 1562.04328249 1562.3147016858
"901" 1 1563.6349845 1714.60881339258
"902" 1 1568.4247625 1618.73092846537
"903" 1 1573.8828565 1599.41158456594
"904" 1 1577.54817700001 1580.46224263976
"905" 1 1585.57005125 1603.55881336871
"906" 1 1600.99132825 1610.52684450768
"907" 1 1607.216474 1761.82300227576
"908" 1 1613.00996225 1630.55463602402
"909" 1 1619.44364125001 1620.58219105862
"910" 1 1623.95636125 1634.1343796129
"911" 1 1632.2771361025 1736.59394090405
"912" 1 1637.119685 1640.79971044806
"913" 1 1642.35330225 1725.60699450065
"914" 1 1654.9707605 1703.06710408967
"915" 1 1657.329649 1675.10220412537
"916" 1 1670.3389025 1670.68276504219
"917" 1 1672.8031665 1675.828544641
"918" 1 1685.4762625 2524.66775836784
"919" 1 1723.77505625 1789.64372695392
"920" 1 1723.84592125 1751.91808811505
"921" 1 1751.06532625 1880.44876217961
"922" 1 1754.106169 1754.14132945119
"923" 1 1757.5498697525 1882.27264344019
"924" 1 1761.55651125 1902.07414279181
"925" 1 1775.88056824999 1780.54029010095
"926" 1 1782.63201625 1803.51740790433
"927" 1 1783.46070125 1902.06907301389
"928" 1 1817.578597 1828.82292988065
"929" 1 1854.21275125 1891.5457625682
"930" 1 1860.55624625 1863.221583845
"931" 1 1870.154497 1883.44988211524
"932" 1 1878.204154 1946.25169040618
"933" 1 1886.4925825 2057.34565524606
"934" 1 1888.0624585 1946.24600116813
"935" 1 1939.35779325 1986.56402820341
"936" 1 2005.72288241 3655.19024236166
"937" 1 2056.3300225 2243.51195822125
"938" 1 2060.61221925 2267.02741375875
"939" 1 2112.41791625 2127.79849329357
"940" 1 2169.1582685 2211.91848471126
"941" 1 2189.71891625 2193.24974235859
"942" 1 2207.4512125 2215.43600427445
"943" 1 2254.2462745 2254.25508294378
"944" 1 2302.799837 2364.55902659249
"945" 1 2312.5104092525 2319.04823459368
"946" 1 2469.56958925 2915.32961119099
"947" 1 2476.1962 2497.52384443339
"948" 1 2669.952977 2677.40848448714
"949" 1 2798.31558125 2864.80523798983
"950" 1 2884.560705 2884.92225570864
"951" 1 2917.2884401225 3767.62289516897
"952" 1 2978.7411040225 3165.51876195106
"953" 1 3168.62911801 3476.25988285729
"954" 1 3406.91017981 3465.25951670828
"955" 1 3759.8502314825 3990.52465225628
