"dimension" "Birth" "Death"
"1" 0 0 Inf
"2" 0 0 187.30521125
"3" 0 0 47.6617525000001
"4" 0 0 142.424206250001
"5" 0 0 150.382982250002
"6" 0 0 112.882445
"7" 0 0 217.831034250002
"8" 0 0 115.025476
"9" 0 0 135.053152250001
"10" 0 0 158.71008125
"11" 0 0 222.76898725
"12" 0 0 165.3667525
"13" 0 0 105.595529
"14" 0 0 161.274964499999
"15" 0 0 229.7306225
"16" 0 0 161.009645
"17" 0 0 184.3851605
"18" 0 0 153.3481385
"19" 0 0 114.183108249999
"20" 0 0 122.005471249999
"21" 0 0 152.37244525
"22" 0 0 242.5083725
"23" 0 0 197.904102500002
"24" 0 0 187.322909
"25" 0 0 158.1037385
"26" 0 0 212.863079249997
"27" 0 0 188.626943249999
"28" 0 0 226.15987025
"29" 0 0 171.689781249999
"30" 0 0 137.801042000001
"31" 0 0 201.245498499998
"32" 0 0 204.294271249999
"33" 0 0 155.343362500001
"34" 0 0 237.062845
"35" 0 0 193.827552999998
"36" 0 0 116.341627250001
"37" 0 0 127.210624249999
"38" 0 0 223.852251249998
"39" 0 0 171.997249249999
"40" 0 0 175.321171249999
"41" 0 0 177.957978499999
"42" 0 0 118.3424125
"43" 0 0 77.1415525000004
"44" 0 0 173.59531425
"45" 0 0 198.18826325
"46" 0 0 151.443146
"47" 0 0 137.834409249999
"48" 0 0 185.530422249999
"49" 0 0 235.279525000001
"50" 0 0 176.496903250002
"51" 0 0 159.4029025
"52" 0 0 96.3837200000003
"53" 0 0 242.594727999998
"54" 0 0 163.486178000001
"55" 0 0 179.58923525
"56" 0 0 135.706529
"57" 0 0 145.106062250001
"58" 0 0 147.61286425
"59" 0 0 116.662350249999
"60" 0 0 228.094553249998
"61" 0 0 131.366446250001
"62" 0 0 132.7608725
"63" 0 0 228.558781250002
"64" 0 0 240.686008249999
"65" 0 0 140.921353
"66" 0 0 123.223885
"67" 0 0 182.832586250001
"68" 0 0 159.54311425
"69" 0 0 150.888794499999
"70" 0 0 262.68255625
"71" 0 0 164.311940499999
"72" 0 0 75.7021850000011
"73" 0 0 127.801325249999
"74" 0 0 177.412802500002
"75" 0 0 103.83777125
"76" 0 0 225.89658225
"77" 0 0 111.003612250001
"78" 0 0 177.813119250002
"79" 0 0 113.109184249999
"80" 0 0 237.157885000004
"81" 0 0 234.225397249999
"82" 0 0 250.199355250001
"83" 0 0 172.404873249999
"84" 0 0 112.74484225
"85" 0 0 246.786856999999
"86" 0 0 140.50376
"87" 0 0 152.824711249999
"88" 0 0 118.404222500001
"89" 0 0 251.824417
"90" 0 0 358.18680125
"91" 0 0 189.118984499998
"92" 0 0 213.618186500003
"93" 0 0 162.6642925
"94" 0 0 101.306416250002
"95" 0 0 215.076410500001
"96" 1 122.6077865 132.298944514622
"97" 1 161.041806250001 192.098717216359
"98" 1 161.967700249999 194.294454011433
"99" 1 183.726354499999 364.368039770117
"100" 1 184.31081825 223.582577673948
"101" 1 185.265925000002 325.513594949685
"102" 1 188.394946000001 205.619525924471
"103" 1 189.750388500001 199.819006490013
"104" 1 193.044384000001 273.205013167816
"105" 1 199.99751225 226.932053654228
"106" 1 203.326020000002 235.970059799112
"107" 1 205.536138250001 477.448027884352
"108" 1 206.711816499999 390.80004874299
"109" 1 209.657608249998 411.026711049854
"110" 1 211.21629425 270.52529690178
"111" 1 211.79040625 268.961435518086
"112" 1 215.151754 291.869115025095
"113" 1 217.001532499999 219.280223395799
"114" 1 220.1328625 414.362722464746
"115" 1 220.21189425 465.891051064604
"116" 1 222.028170499998 242.961813061428
"117" 1 225.78141625 248.667580413964
"118" 1 227.078522499999 310.968109191095
"119" 1 227.680231250001 360.94570266198
"120" 1 229.265515250001 260.790356842976
"121" 1 233.217764 283.240226058621
"122" 1 235.914610000001 269.491499207016
"123" 1 237.875952500001 313.511198001703
"124" 1 238.47108925 448.63945908102
"125" 1 239.27023125 291.02805413389
"126" 1 244.473897999999 244.648099624187
"127" 1 244.63388025 474.10999225338
"128" 1 245.783385250001 455.517552837516
"129" 1 246.41797625 310.39612434827
"130" 1 247.026146 549.064184720906
"131" 1 251.470408250001 273.967081185733
"132" 1 252.822656500001 467.235609142492
"133" 1 258.389633 330.91546474056
"134" 1 259.152625 259.158278495404
"135" 1 261.500164 362.994845294775
"136" 1 262.082794 305.317159428763
"137" 1 263.560021249999 572.588699841096
"138" 1 264.050236249998 274.571221161951
"139" 1 265.448941 306.128791697116
"140" 1 266.142835999998 320.746061411677
"141" 1 268.211437250002 391.091817913552
"142" 1 268.236753250001 444.693846931296
"143" 1 269.023426000002 379.382732250707
"144" 1 269.601462499999 343.469167534023
"145" 1 271.231164249998 271.479899988757
"146" 1 272.92058825 321.654919931156
"147" 1 273.34824025 359.222533669392
"148" 1 275.87688525 293.799614480267
"149" 1 279.651754 514.205619315837
"150" 1 284.011198249999 376.792162034182
"151" 1 289.32137825 289.615431043436
"152" 1 290.96397125 305.684682058471
"153" 1 291.617460999998 535.657704966655
"154" 1 292.1711285 317.110219687523
"155" 1 293.099202500001 355.676652187918
"156" 1 293.582722499999 307.174630290963
"157" 1 293.6735125 426.230083179226
"158" 1 293.979358249998 309.042439463856
"159" 1 294.7956125 314.103762373184
"160" 1 294.81757 295.713229463443
"161" 1 294.834852 304.448246471295
"162" 1 296.653646250002 297.702096915102
"163" 1 297.803832499998 506.429223764817
"164" 1 298.41416225 321.213223296913
"165" 1 299.898776500001 375.507340292445
"166" 1 301.082859250001 629.182049366018
"167" 1 302.464600249999 424.560947576733
"168" 1 302.821278500001 367.333301779392
"169" 1 306.398851249999 328.55266868107
"170" 1 306.4455005 313.537376482703
"171" 1 307.127944000001 310.522799656696
"172" 1 308.470632999998 380.034892917538
"173" 1 308.652808499999 322.604196522531
"174" 1 310.7029985 410.777193527364
"175" 1 312.995832499998 314.311491153632
"176" 1 315.955306250001 348.801096841034
"177" 1 319.10069225 319.150584518718
"178" 1 320.248322 350.77688050551
"179" 1 322.09281025 324.766032408266
"180" 1 324.542688500002 341.316197897793
"181" 1 328.15877 335.605322089987
"182" 1 328.99659525 405.62039556549
"183" 1 330.14623925 377.063574246257
"184" 1 336.113829 518.51502509709
"185" 1 336.444597 374.712359873102
"186" 1 340.323365 340.416115116658
"187" 1 342.9585965 618.916822447424
"188" 1 349.1027965 357.383422221852
"189" 1 352.310642500001 353.004016618243
"190" 1 354.80303825 407.528319632117
"191" 1 355.31829925 375.45448530456
"192" 1 355.789578499999 587.335346725195
"193" 1 357.129390250003 370.998332271434
"194" 1 360.226233000001 378.104500581533
"195" 1 361.89448 403.198312251342
"196" 1 364.783414250002 509.947612403256
"197" 1 366.149952999998 415.403991463586
"198" 1 371.454513249999 492.732609606454
"199" 1 371.653563250001 386.812706620603
"200" 1 374.684144500001 393.182605310203
"201" 1 375.711105249998 444.439231542139
"202" 1 380.326064499997 394.929333916717
"203" 1 382.715616999998 450.167173232422
"204" 1 385.205346249999 390.030828829146
"205" 1 390.655378249999 531.196884130088
"206" 1 401.123538000001 405.439718041188
"207" 1 405.764164249999 407.356883149475
"208" 1 410.845758500002 410.852163947186
"209" 1 413.98633 414.005739454692
"210" 1 419.10846625 429.123266992633
"211" 1 422.53242025 426.686287383772
"212" 1 427.279878500001 446.394063900477
"213" 1 439.512066499998 442.664659937768
"214" 1 439.8047845 444.69897428443
"215" 1 444.180860499997 461.320809373968
"216" 1 468.573697 469.074128701774
"217" 1 471.065532499998 474.121830763497
"218" 1 482.24068425 502.497663035795
"219" 1 482.4503665 500.920715370722
"220" 1 485.628337999999 536.050392664067
"221" 1 485.669802499998 486.006368609079
"222" 1 486.650066499997 493.057590456005
"223" 1 496.660962250003 500.424773252209
"224" 1 499.190181249999 506.015821975922
"225" 1 507.117049999999 511.120383021057
"226" 1 604.514010250001 604.516141491354
