"dimension" "Birth" "Death"
"1" 0 0 Inf
"2" 0 0 329.173354
"3" 0 0 466.06399925
"4" 0 0 440.616206499998
"5" 0 0 383.798009250002
"6" 0 0 359.563481
"7" 0 0 465.504872500001
"8" 0 0 204.72960625
"9" 0 0 390.342783999999
"10" 0 0 355.196050250002
"11" 0 0 323.416344250001
"12" 0 0 248.45901925
"13" 0 0 437.489215999998
"14" 0 0 234.986356000002
"15" 0 0 415.47053025
"16" 0 0 167.691264250001
"17" 0 0 273.717604250002
"18" 0 0 213.547149000001
"19" 0 0 379.956588249996
"20" 0 0 317.36465325
"21" 0 0 97.5034712499988
"22" 0 0 387.02701925
"23" 0 0 296.445825000001
"24" 0 0 535.530351249998
"25" 0 0 146.698337
"26" 0 0 396.95645125
"27" 0 0 277.275700249999
"28" 0 0 254.000321999999
"29" 0 0 292.018756250002
"30" 0 0 377.427109250001
"31" 0 0 219.388035249999
"32" 0 0 136.869214249998
"33" 0 0 87.9046672500005
"34" 0 0 219.516558500001
"35" 0 0 372.822397250001
"36" 0 0 366.77725925
"37" 0 0 459.94471225
"38" 0 0 242.875928499998
"39" 0 0 365.83749425
"40" 0 0 453.224762500001
"41" 0 0 366.139926499999
"42" 0 0 365.282532249999
"43" 0 0 104.7162845
"44" 0 0 209.9778305
"45" 0 0 354.139498000002
"46" 0 0 279.386369999999
"47" 0 0 134.524462249998
"48" 0 0 231.99765425
"49" 0 0 205.021572999998
"50" 0 0 310.997676999999
"51" 0 0 286.968457250001
"52" 0 0 255.869370250001
"53" 0 0 371.619854499999
"54" 0 0 239.715856249998
"55" 0 0 358.910657999998
"56" 0 0 454.206416500001
"57" 0 0 130.71600725
"58" 0 0 233.603354500003
"59" 0 0 451.041298000001
"60" 0 0 276.476225000002
"61" 0 0 157.144072499999
"62" 0 0 221.802239250001
"63" 0 0 375.98580625
"64" 0 0 369.384822499999
"65" 0 0 270.251991249997
"66" 0 0 322.052086250001
"67" 0 0 456.050146250004
"68" 0 0 408.008362500001
"69" 0 0 352.732637
"70" 0 0 255.893718249999
"71" 0 0 173.9253105
"72" 0 0 173.9125
"73" 0 0 295.483765000002
"74" 0 0 335.889679250003
"75" 0 0 232.8995045
"76" 0 0 251.242009250001
"77" 0 0 261.3028525
"78" 0 0 252.877017999998
"79" 0 0 262.85852125
"80" 0 0 90.0429852500003
"81" 0 0 166.517001999999
"82" 0 0 351.394141250001
"83" 0 0 177.391308249999
"84" 0 0 448.369015249998
"85" 0 0 156.368794500001
"86" 0 0 291.5086625
"87" 0 0 223.331551249999
"88" 0 0 531.872768499998
"89" 0 0 351.720260000001
"90" 0 0 170.818666
"91" 0 0 268.163779999997
"92" 0 0 199.580121249997
"93" 0 0 218.314504000001
"94" 0 0 422.360164999998
"95" 0 0 263.120959999999
"96" 0 0 299.53055425
"97" 0 0 415.587733249999
"98" 0 0 285.0843645
"99" 0 0 285.118910499999
"100" 0 0 43.9183092499997
"101" 0 0 215.218020250002
"102" 0 0 384.6839105
"103" 0 0 261.561406249999
"104" 0 0 220.732722499999
"105" 0 0 395.048593249998
"106" 0 0 126.25034
"107" 0 0 324.788516000002
"108" 0 0 349.85255625
"109" 0 0 468.515068250005
"110" 0 0 259.822658000003
"111" 0 0 254.779220249999
"112" 0 0 179.595322249999
"113" 0 0 284.31636325
"114" 0 0 73.6462239999988
"115" 0 0 520.270184250003
"116" 0 0 108.83288125
"117" 0 0 435.698820000002
"118" 0 0 236.460906249998
"119" 0 0 349.086922000001
"120" 0 0 419.868692999999
"121" 0 0 200.673104
"122" 0 0 276.09090925
"123" 0 0 185.290062500001
"124" 0 0 132.803945000001
"125" 0 0 626.806153
"126" 0 0 421.55182625
"127" 0 0 212.594686249999
"128" 0 0 296.096444500001
"129" 0 0 287.349127249999
"130" 0 0 220.75888225
"131" 0 0 220.04988625
"132" 0 0 297.2834245
"133" 0 0 204.704238250001
"134" 0 0 230.741068999999
"135" 0 0 558.822024999999
"136" 0 0 215.424097250003
"137" 0 0 261.815814250001
"138" 0 0 317.842137
"139" 0 0 277.256894499998
"140" 0 0 289.70908425
"141" 0 0 186.88322
"142" 0 0 195.257167250002
"143" 0 0 416.859886250002
"144" 0 0 436.5356225
"145" 0 0 220.755784999997
"146" 0 0 255.039769000002
"147" 0 0 397.790856999997
"148" 0 0 378.422640499999
"149" 0 0 487.167186500001
"150" 0 0 232.12887125
"151" 0 0 200.524251250001
"152" 0 0 277.8734185
"153" 0 0 293.8315445
"154" 0 0 329.494324
"155" 0 0 276.66475625
"156" 0 0 248.82529825
"157" 0 0 283.828492999999
"158" 0 0 284.177442250003
"159" 0 0 692.00148725
"160" 0 0 574.18126025
"161" 1 132.25949125 141.423188695675
"162" 1 166.84113125 182.286818192876
"163" 1 200.72922125 214.417827745761
"164" 1 225.084031250001 377.490793750132
"165" 1 268.675902500001 313.916980787482
"166" 1 280.622288000002 409.000242925182
"167" 1 304.828111250001 617.94640477503
"168" 1 305.510299249999 335.258688752095
"169" 1 311.314538250002 331.876571031973
"170" 1 320.06306225 421.211860923968
"171" 1 342.239328500005 347.039003096229
"172" 1 347.320052499999 369.374503491924
"173" 1 353.279392 549.451670656078
"174" 1 362.821644250001 364.960074558148
"175" 1 366.265946250003 375.86509905398
"176" 1 367.57956325 367.628728477829
"177" 1 370.2356365 731.215609638539
"178" 1 371.637463250001 380.024233309845
"179" 1 371.878945249999 372.640445321258
"180" 1 373.724966249999 640.813448710945
"181" 1 377.55627125 527.875232514904
"182" 1 380.394110499999 385.425127192169
"183" 1 380.567781250001 632.090995309873
"184" 1 381.164496500003 676.966315275791
"185" 1 387.522829000001 448.675635879567
"186" 1 388.048839999994 411.983034824221
"187" 1 398.375992999997 443.073796881044
"188" 1 400.364211249999 1067.16281854266
"189" 1 400.410235249998 544.64952267515
"190" 1 406.865131250001 429.353453850111
"191" 1 414.664414250002 1223.77641831653
"192" 1 418.288368249998 427.125669067119
"193" 1 418.690899250001 494.752201468034
"194" 1 420.301987249999 508.901580336904
"195" 1 422.829282500001 434.841725109405
"196" 1 424.514042 543.526063450606
"197" 1 425.457834500002 538.312963252068
"198" 1 426.661382500002 443.78628201532
"199" 1 429.20965025 445.802662019146
"200" 1 429.770580499998 510.138181163695
"201" 1 431.319062499999 521.983700746022
"202" 1 431.411664999998 480.327790300208
"203" 1 438.299322250001 1087.95653007434
"204" 1 439.146305000001 843.914834108404
"205" 1 441.997148499999 596.827680686043
"206" 1 443.615832250001 469.248999116158
"207" 1 444.619398250001 990.078640116486
"208" 1 448.3348985 465.828623103429
"209" 1 452.737613250001 606.44796111781
"210" 1 454.103778500001 504.429587081425
"211" 1 457.986105249997 952.488586169323
"212" 1 458.018210249997 624.092493337973
"213" 1 460.505802250001 604.973007348403
"214" 1 461.229270499999 481.45362332703
"215" 1 461.91849625 749.79147841257
"216" 1 464.287006250002 592.186749016329
"217" 1 471.50745625 508.303052392493
"218" 1 471.733040500001 518.517479483799
"219" 1 475.46204225 594.878525499962
"220" 1 476.306698250001 496.461448608383
"221" 1 476.471501 510.611794317123
"222" 1 481.780999250002 616.177859535706
"223" 1 485.6532865 518.752194250247
"224" 1 485.825740249999 543.82669211487
"225" 1 490.078096249998 658.792440911065
"226" 1 493.281994249999 1096.21204983428
"227" 1 494.499829250001 988.378833573273
"228" 1 498.141140499999 526.947579903292
"229" 1 499.690558249999 521.676571134048
"230" 1 500.969464250001 521.25026243465
"231" 1 501.301188 522.531037051722
"232" 1 506.669320999998 1264.91363697761
"233" 1 508.445870499998 508.617571412808
"234" 1 510.785842249999 563.130304635895
"235" 1 513.287964499999 998.654233122255
"236" 1 516.100979250001 614.704213655514
"237" 1 519.359792500003 650.346980440426
"238" 1 520.80812425 543.890774484438
"239" 1 524.501586499998 582.378202545764
"240" 1 524.906045000002 867.449902481914
"241" 1 527.269029249999 564.24628546001
"242" 1 527.990970250001 591.860582282864
"243" 1 532.4308025 849.74268286045
"244" 1 535.661445249999 551.334105780879
"245" 1 537.86895125 925.839476783231
"246" 1 538.6451625 684.579538207171
"247" 1 539.63481325 908.574671738299
"248" 1 542.128100000001 603.363376412414
"249" 1 547.958394250001 619.176126272044
"250" 1 549.9139025 572.17634078903
"251" 1 550.214881250001 682.529977008939
"252" 1 552.667143249999 999.979350272836
"253" 1 554.254682499999 708.224006629256
"254" 1 555.001204 561.566681895088
"255" 1 556.467059250002 963.924624144864
"256" 1 560.19262325 674.792317111607
"257" 1 560.849817250001 1165.21360844383
"258" 1 565.080228249999 566.391166670539
"259" 1 565.982185000003 567.707997322481
"260" 1 569.139536250001 935.961210612504
"261" 1 572.521858 576.782240915924
"262" 1 572.643290000001 619.112446547818
"263" 1 577.873574500001 590.651215226808
"264" 1 584.498041249999 617.229484321636
"265" 1 584.70212925 893.1192367044
"266" 1 585.00026 588.847788655429
"267" 1 590.387353000003 591.557490530375
"268" 1 592.424098250001 1060.51736940937
"269" 1 593.0295065 859.45207464626
"270" 1 593.967254499994 818.253097155135
"271" 1 598.149809999999 818.778542708869
"272" 1 600.142806250002 1107.92633644968
"273" 1 602.262696249998 741.019950800343
"274" 1 603.992828500003 695.515788143517
"275" 1 604.258284499998 659.638525982132
"276" 1 606.066565000001 656.148493732394
"277" 1 610.042636999998 797.549688221399
"278" 1 610.069440500002 614.621264338251
"279" 1 610.285251250001 661.422269337726
"280" 1 613.950663249999 664.762202315561
"281" 1 618.234266249996 1545.52920172104
"282" 1 623.093480500001 638.285185497088
"283" 1 624.21008425 640.653963950579
"284" 1 630.468250000001 652.920519574201
"285" 1 632.839203249998 708.320143226018
"286" 1 635.806759999997 728.135327685886
"287" 1 652.578924499998 916.598030340295
"288" 1 661.592346500002 694.956230239989
"289" 1 665.422776999997 1099.21120108615
"290" 1 666.156617999997 1226.95275880001
"291" 1 666.507806500002 667.035820493161
"292" 1 671.356034000001 778.375198769265
"293" 1 677.390596250001 784.326871810085
"294" 1 678.403656499999 680.70511493293
"295" 1 679.364333000002 679.398682602664
"296" 1 681.228075250001 698.209074232592
"297" 1 681.732426249999 901.926377957969
"298" 1 685.8197525 687.769148785152
"299" 1 689.148604999996 780.423240791891
"300" 1 692.311026500002 835.382188001678
"301" 1 692.991792250005 706.095929995446
"302" 1 693.688727249996 769.741356318083
"303" 1 699.202375250001 711.78875983783
"304" 1 701.445000499995 728.344052973939
"305" 1 705.795946249999 709.775772119238
"306" 1 718.507869249995 865.559969133044
"307" 1 720.8948645 885.125780144197
"308" 1 725.500623250001 733.746790974546
"309" 1 726.798530000002 803.324286360496
"310" 1 729.740430250004 1011.22901011817
"311" 1 732.75063625 838.213925152055
"312" 1 734.431793000002 804.340322597565
"313" 1 737.614569250002 816.025274985031
"314" 1 739.290836250002 972.57318109981
"315" 1 746.3574785 791.634921909336
"316" 1 753.831362500001 868.605057390017
"317" 1 754.89341425 902.329771071434
"318" 1 765.305545000001 986.93881497536
"319" 1 766.894760000002 985.979753845648
"320" 1 771.372090249998 777.945102872176
"321" 1 773.531874 1015.66249215111
"322" 1 775.194642500003 775.224511533254
"323" 1 778.118090000002 778.912011944524
"324" 1 778.235997250001 942.909010752642
"325" 1 779.928286250001 952.671393402497
"326" 1 782.393944250001 1037.79765826097
"327" 1 787.527868999999 791.098533683481
"328" 1 791.723530249996 1100.07190589491
"329" 1 793.907178499999 803.106380636979
"330" 1 803.626816250004 806.788310155586
"331" 1 812.128404999997 812.813579511481
"332" 1 817.212230499998 821.428513208108
"333" 1 828.564452 846.578012015803
"334" 1 836.8240625 892.971179151208
"335" 1 838.208712250001 1342.96117443089
"336" 1 844.449553249997 936.388307825518
"337" 1 844.71470525 844.718807599234
"338" 1 845.0089 865.861311739671
"339" 1 850.151941250001 853.559809732985
"340" 1 854.205092000005 882.699686385994
"341" 1 867.720339249999 868.284780120607
"342" 1 876.249585250003 881.476596353164
"343" 1 885.100570249995 941.99129200208
"344" 1 885.616620250004 898.861950597434
"345" 1 887.007125 942.688180738005
"346" 1 901.8140225 904.800364296254
"347" 1 910.983066250001 915.566857415389
"348" 1 932.231469249999 1017.07762292074
"349" 1 955.145361250004 964.704720560398
"350" 1 968.313658500002 989.741018082508
"351" 1 980.806974250005 1183.90247261536
"352" 1 982.464435249999 982.587727549906
"353" 1 994.733356249999 1045.78528882633
"354" 1 994.869941 1033.02732407052
"355" 1 1003.776229 1009.74151501629
"356" 1 1014.21949325 1031.49962079212
"357" 1 1033.63616525 1033.65484145825
"358" 1 1060.1633785 1308.54871189556
"359" 1 1094.68809125 1111.33629416484
"360" 1 1109.36371625 1109.68080620869
"361" 1 1122.01441525 1141.90580716751
"362" 1 1143.245753 1152.32580651246
"363" 1 1149.04403525 1203.4536477131
"364" 1 1220.3052805 1263.67505539026
"365" 1 1246.48827925001 1257.65424159718
"366" 1 1373.69122325 1376.47014976791
