"dimension" "Birth" "Death"
"1" 0 0 Inf
"2" 0 0 205.013937250001
"3" 0 0 156.131648
"4" 0 0 147.137539250001
"5" 0 0 140.72637725
"6" 0 0 220.310136249998
"7" 0 0 185.741824999999
"8" 0 0 139.823993000001
"9" 0 0 225.80974225
"10" 0 0 212.435012500002
"11" 0 0 211.076929999998
"12" 0 0 127.878086250001
"13" 0 0 148.544230500001
"14" 0 0 132.233100249999
"15" 0 0 193.308385
"16" 0 0 186.387267249998
"17" 0 0 157.881781
"18" 0 0 353.777356250003
"19" 0 0 73.7271922499989
"20" 0 0 90.6347632500006
"21" 0 0 252.157656250001
"22" 0 0 277.146724000001
"23" 0 0 123.956845
"24" 0 0 162.844136999999
"25" 0 0 322.492591250002
"26" 0 0 225.599545999998
"27" 0 0 218.945367249999
"28" 0 0 231.51103825
"29" 0 0 295.133705000003
"30" 0 0 238.25190925
"31" 0 0 170.771684500002
"32" 0 0 252.35952725
"33" 0 0 217.277921250001
"34" 0 0 223.697492500001
"35" 0 0 188.364751249999
"36" 0 0 269.272340499999
"37" 0 0 109.50387725
"38" 0 0 182.559933249999
"39" 0 0 321.872836500005
"40" 0 0 240.941724500003
"41" 0 0 304.407024999997
"42" 0 0 210.20760625
"43" 0 0 205.991126499999
"44" 0 0 224.39280425
"45" 0 0 215.975220500001
"46" 0 0 260.874462499999
"47" 0 0 169.468435249999
"48" 0 0 229.724962
"49" 0 0 143.838418
"50" 0 0 166.681316000002
"51" 0 0 174.872564499999
"52" 0 0 209.74503625
"53" 0 0 165.1718605
"54" 0 0 219.18774925
"55" 0 0 180.934188499999
"56" 0 0 207.024547249999
"57" 0 0 217.90378125
"58" 0 0 208.288485250001
"59" 0 0 150.05702725
"60" 0 0 219.07961225
"61" 0 0 139.41422725
"62" 0 0 318.916396250005
"63" 0 0 179.4950965
"64" 0 0 266.32745825
"65" 0 0 240.330772249998
"66" 0 0 172.138402249999
"67" 0 0 227.469493
"68" 0 0 209.28339325
"69" 0 0 118.077408499999
"70" 0 0 141.951106250001
"71" 0 0 199.55764925
"72" 0 0 109.3969
"73" 0 0 247.898781250002
"74" 0 0 167.78171125
"75" 0 0 153.594556250001
"76" 0 0 206.286226249999
"77" 0 0 225.385351999999
"78" 0 0 92.2907679999982
"79" 0 0 270.616405
"80" 0 0 198.347470250001
"81" 0 0 110.064925000001
"82" 0 0 268.0155205
"83" 0 0 191.738683250003
"84" 0 0 220.066964999999
"85" 0 0 185.45844025
"86" 0 0 237.489218000002
"87" 0 0 145.07177
"88" 0 0 308.440779250003
"89" 0 0 218.333476999999
"90" 0 0 241.786866500001
"91" 0 0 139.100210000001
"92" 0 0 215.981461249999
"93" 0 0 288.766789000001
"94" 0 0 182.926445000002
"95" 0 0 177.8744925
"96" 0 0 229.712540499997
"97" 0 0 130.91171125
"98" 0 0 168.811975249999
"99" 0 0 131.925690250001
"100" 0 0 122.254145
"101" 0 0 193.594985
"102" 0 0 397.974469249999
"103" 0 0 108.607297
"104" 0 0 203.212257250001
"105" 0 0 274.740442250001
"106" 0 0 211.400322499999
"107" 0 0 193.433677000001
"108" 0 0 224.367708500001
"109" 0 0 183.004496
"110" 0 0 189.84385625
"111" 0 0 115.525816249999
"112" 0 0 184.100260249999
"113" 0 0 217.0863125
"114" 0 0 151.764721
"115" 0 0 164.1042
"116" 0 0 100.34634425
"117" 0 0 253.296900000002
"118" 0 0 234.281612499998
"119" 0 0 239.625725000003
"120" 0 0 96.68665625
"121" 0 0 177.125054499999
"122" 0 0 170.392112499999
"123" 0 0 83.7219999999996
"124" 0 0 142.557235249999
"125" 0 0 265.331182249999
"126" 0 0 144.56132325
"127" 0 0 166.7358225
"128" 0 0 218.1952565
"129" 0 0 244.448517250002
"130" 0 0 251.864146
"131" 0 0 316.953468249998
"132" 0 0 112.0689225
"133" 0 0 180.85098625
"134" 0 0 158.107009249998
"135" 0 0 361.99803625
"136" 0 0 192.591780250001
"137" 0 0 103.247185
"138" 0 0 204.8381585
"139" 0 0 182.720820250001
"140" 0 0 138.987559250001
"141" 0 0 222.372326250001
"142" 0 0 131.367361249999
"143" 0 0 202.104888500001
"144" 0 0 159.222622500001
"145" 0 0 297.978537249999
"146" 0 0 156.44218025
"147" 0 0 187.907716
"148" 0 0 111.47423625
"149" 0 0 117.14411925
"150" 0 0 140.0823905
"151" 0 0 227.606065999999
"152" 0 0 212.4457925
"153" 0 0 261.604309250001
"154" 0 0 123.274544499998
"155" 0 0 179.392198249998
"156" 0 0 179.00795225
"157" 0 0 168.885158500001
"158" 0 0 220.784761249999
"159" 0 0 196.755541
"160" 0 0 267.983180500001
"161" 1 149.201861 289.023336232897
"162" 1 175.453056999999 222.339435480264
"163" 1 180.515091249999 206.999350104334
"164" 1 181.61505225 198.885530024232
"165" 1 192.615837250001 203.420699235578
"166" 1 200.208172249999 237.828729082857
"167" 1 201.256463250001 242.021887509572
"168" 1 207.156076249999 334.262379021342
"169" 1 208.7239625 262.566357618517
"170" 1 214.082527250001 227.297477485888
"171" 1 215.013602 265.743485041309
"172" 1 217.811802500002 360.684907959959
"173" 1 224.202420499999 298.981125114643
"174" 1 225.010913000002 407.256339742047
"175" 1 225.37838825 269.216750839355
"176" 1 227.683957 357.238941703845
"177" 1 231.357682 323.393436106653
"178" 1 235.460762000001 282.092732980469
"179" 1 235.95937 262.629498159999
"180" 1 236.7784125 491.311620187402
"181" 1 239.841128499998 322.689782442149
"182" 1 240.803788249999 473.444283742286
"183" 1 241.748496249999 311.939361696086
"184" 1 242.943689250001 259.114162309243
"185" 1 243.822135250002 330.362949766278
"186" 1 243.975678500003 396.189688282043
"187" 1 245.42217625 401.826883631991
"188" 1 246.071125 273.750164842227
"189" 1 246.883626250001 425.012021662857
"190" 1 247.654842250001 262.03001109039
"191" 1 249.104297000001 255.116147624597
"192" 1 249.871105250001 266.11029665001
"193" 1 250.496652500001 274.122415816645
"194" 1 252.204780499999 329.569195478083
"195" 1 253.402548500002 458.926098085459
"196" 1 253.601967250002 304.576200626478
"197" 1 253.857278249999 556.568929994176
"198" 1 254.77258 400.645981142826
"199" 1 255.65484425 274.710088658363
"200" 1 256.380141249999 350.988280974864
"201" 1 256.836700249999 542.675177152114
"202" 1 257.095342250001 259.448621421826
"203" 1 257.4843245 326.419821281315
"204" 1 258.468785 316.850326014019
"205" 1 258.514240000001 310.311858969325
"206" 1 258.804965 287.63597926391
"207" 1 258.828486249998 430.70122392887
"208" 1 258.966318500001 344.29106686385
"209" 1 261.027267250001 501.785779173353
"210" 1 261.860510250001 349.095139310708
"211" 1 262.614462500001 395.083867717237
"212" 1 263.597288 493.422628469327
"213" 1 264.134682500001 553.035654112021
"214" 1 264.744810499998 403.827101111993
"215" 1 265.340988250001 291.060837627181
"216" 1 267.469256 285.05645269729
"217" 1 267.6781 271.821077125291
"218" 1 268.096793 509.150817974935
"219" 1 269.205786249998 287.449827671115
"220" 1 269.309097250001 549.580430245462
"221" 1 272.10888725 419.638956464148
"222" 1 272.873054250001 304.143506525645
"223" 1 272.942410250001 313.126002375048
"224" 1 273.322533249999 476.729079731868
"225" 1 274.161465 443.977087900933
"226" 1 276.772176499999 331.501127242886
"227" 1 276.924853249999 360.009668587685
"228" 1 280.00383525 375.242193298828
"229" 1 280.699380250001 313.463545222435
"230" 1 281.514111250001 365.170059613521
"231" 1 282.543158250001 289.329061056555
"232" 1 284.80995625 312.832021676238
"233" 1 284.864256500003 330.467587380851
"234" 1 285.317648500001 367.901694159576
"235" 1 286.339628500002 411.168310647407
"236" 1 286.593123999998 350.757183129477
"237" 1 288.4642945 294.408427915012
"238" 1 289.306854499999 618.980514132692
"239" 1 290.24849025 369.101398834578
"240" 1 290.44373625 301.555113928489
"241" 1 291.247869249998 321.755511526761
"242" 1 294.396610000001 316.545089346106
"243" 1 295.164423249999 303.229120465482
"244" 1 296.008594249998 584.439466916765
"245" 1 296.191284249999 332.818437863102
"246" 1 299.523651250001 306.879126229737
"247" 1 300.286245249999 392.799293469069
"248" 1 300.98635925 329.76233272699
"249" 1 303.222676000001 320.034217675064
"250" 1 305.241462250002 321.160738894889
"251" 1 306.355543249999 581.742285743588
"252" 1 306.355880500001 324.813895113175
"253" 1 307.329374500001 348.134537941161
"254" 1 307.334116999998 548.808060887094
"255" 1 308.33526025 310.250142573919
"256" 1 309.777222249999 323.340855922134
"257" 1 309.92795325 320.761330868716
"258" 1 311.481522250001 322.66543664701
"259" 1 311.59002825 315.88932734312
"260" 1 312.761488499999 375.827201733511
"261" 1 314.011130499999 315.949735572743
"262" 1 314.148125000001 381.703189356107
"263" 1 314.3756125 336.017649296222
"264" 1 316.134751250001 359.687906560152
"265" 1 316.353342500002 333.13525299894
"266" 1 316.4085665 368.179680676306
"267" 1 316.521988249999 384.16547623864
"268" 1 316.522675250001 316.597633516286
"269" 1 316.668886249998 384.250515319991
"270" 1 317.31263525 370.622394731079
"271" 1 317.521950499999 469.35496573367
"272" 1 318.545996500001 360.657930329995
"273" 1 321.099491249998 402.799321177805
"274" 1 323.433156249997 692.392660672564
"275" 1 325.208148999998 343.810990640917
"276" 1 328.34814725 535.676658338414
"277" 1 328.903281249999 678.931728462391
"278" 1 330.155233000001 353.424954957464
"279" 1 331.149565000002 542.432780355563
"280" 1 331.613868999999 445.411279643673
"281" 1 331.715412500001 433.063286806868
"282" 1 333.65131225 397.991800408895
"283" 1 333.731648499997 334.698618658585
"284" 1 333.885633250002 394.739432609018
"285" 1 334.083990499999 405.758326737616
"286" 1 334.212604999999 605.622101333663
"287" 1 334.505425249999 335.643110295309
"288" 1 337.065010000001 345.88991405922
"289" 1 337.24058425 338.951858104637
"290" 1 337.271922 506.035946312784
"291" 1 338.874112249999 371.63614545522
"292" 1 342.803236249999 387.098667757104
"293" 1 346.702060250001 396.355091443408
"294" 1 347.760340000001 389.488814519098
"295" 1 350.3318425 579.126514185484
"296" 1 352.082377 367.896372022861
"297" 1 352.445762499999 353.10499312679
"298" 1 352.609802499999 360.439042051296
"299" 1 353.7678425 459.421027646635
"300" 1 354.770728249998 438.399116715123
"301" 1 358.203603250001 358.359985875931
"302" 1 359.4560645 411.946960738436
"303" 1 359.61168025 364.59195500221
"304" 1 359.64115525 579.858270614996
"305" 1 359.651756250001 392.4067477263
"306" 1 361.948346499998 408.048088179759
"307" 1 362.27052325 381.670257993648
"308" 1 362.5533325 465.631807708961
"309" 1 363.166365249999 565.03771816583
"310" 1 363.814618000002 372.312311431056
"311" 1 364.264387999997 385.139169230355
"312" 1 365.501444500002 650.601861225539
"313" 1 365.59380125 417.073135265822
"314" 1 367.319730500002 395.6964041585
"315" 1 368.482403250001 395.476020291793
"316" 1 369.712362499999 390.83268339401
"317" 1 372.175345000001 399.698795772151
"318" 1 373.196556250001 476.319151006166
"319" 1 373.835636500002 405.64049573495
"320" 1 373.974784999997 395.710700200135
"321" 1 374.299578249998 394.662969578127
"322" 1 377.259273249999 445.041439673428
"323" 1 379.33362 520.961566190024
"324" 1 382.733488249999 474.124701699728
"325" 1 384.235649999998 437.716473604232
"326" 1 386.241456249999 386.391097531882
"327" 1 386.972345000001 387.912929096933
"328" 1 388.0435045 398.63409675297
"329" 1 390.17776025 431.62541071496
"330" 1 390.228641999999 390.63844530909
"331" 1 390.27036625 468.546160344951
"332" 1 392.771392 417.885714301192
"333" 1 394.175564499999 528.03252950476
"334" 1 394.300550249997 541.427654324353
"335" 1 395.9688365 439.632247194409
"336" 1 396.494016250001 398.030037693284
"337" 1 397.604408500001 477.35381933802
"338" 1 398.782156250001 485.714135112367
"339" 1 399.133716499997 429.401054120957
"340" 1 399.262745250001 402.98115603936
"341" 1 399.740152499999 626.803796369376
"342" 1 400.142783249999 425.613167010973
"343" 1 408.815197249998 486.727703068111
"344" 1 409.59689225 417.170054754725
"345" 1 410.736621249999 465.015139675782
"346" 1 411.463985 539.301754260276
"347" 1 416.241993250001 473.286982793627
"348" 1 422.071261249997 422.073682275272
"349" 1 427.470663250003 500.481754190806
"350" 1 428.954292500002 514.616775652408
"351" 1 432.441734499996 448.217150440877
"352" 1 434.67832325 442.848256510987
"353" 1 435.7077525 449.298388990166
"354" 1 441.992812500001 449.083831428183
"355" 1 445.809324499997 448.22573385419
"356" 1 446.020144999997 470.782941603766
"357" 1 450.00095725 641.374953514754
"358" 1 450.023049999999 450.138209733259
"359" 1 450.503220500002 470.816900204028
"360" 1 451.327537 511.231859368693
"361" 1 451.992937999998 461.81289551419
"362" 1 452.779024 457.775782320679
"363" 1 456.659407250002 501.189939323242
"364" 1 457.051611250002 495.488843966493
"365" 1 458.705415999998 544.232170836303
"366" 1 458.88949 694.133378224303
"367" 1 461.877064999999 470.260955423824
"368" 1 462.032916499998 505.116352545397
"369" 1 463.687351249999 487.22722625279
"370" 1 463.950763250003 648.030812186373
"371" 1 466.845002000002 467.442544870376
"372" 1 470.150584999999 589.973904868194
"373" 1 471.102056500001 523.214945286916
"374" 1 472.838067250003 475.392502628335
"375" 1 475.088546000003 536.737327715779
"376" 1 485.947809999997 505.700444381648
"377" 1 488.505503250002 488.620039042622
"378" 1 489.776338250001 511.347964483224
"379" 1 492.665586249999 514.004065784044
"380" 1 497.692120250001 549.567406162647
"381" 1 499.155762500002 500.948570513148
"382" 1 501.27111425 501.348700780063
"383" 1 508.717234249999 532.930001194313
"384" 1 519.867010000002 524.304054859943
"385" 1 521.409306499999 522.896922829902
"386" 1 524.591532999999 538.562693509225
"387" 1 526.13513325 553.647985885142
"388" 1 535.122136250001 536.474129375227
"389" 1 535.251212500002 585.849018288856
"390" 1 546.43977 546.718068249667
"391" 1 563.331249999999 563.482245663179
"392" 1 568.627033 569.907208760759
"393" 1 570.436075249999 672.314556262427
"394" 1 602.786852500002 615.25282325289
"395" 1 607.737288500001 638.330992617437
"396" 1 612.495250000002 619.881012681752
"397" 1 626.646366249999 637.7884998266
"398" 1 628.446532999994 629.736425695445
"399" 1 631.214125249998 642.857794355454
"400" 1 639.437133250001 640.292105522112
"401" 1 646.534329999998 652.584048855601
