0 0 Inf
0 0 448.582431249999
0 0 444.072694499999
0 0 383.059492000004
0 0 260.462881999999
0 0 272.841224500001
0 0 342.799261250002
0 0 215.0037665
0 0 405.4845925
0 0 253.613144499999
0 0 188.737783250001
0 0 396.609422499998
0 0 355.1552325
0 0 348.327202
0 0 307.921480249996
0 0 188.928705249999
0 0 314.006312500002
0 0 337.913275250002
0 0 180.310250000001
0 0 204.486975999998
0 0 300.993378499997
0 0 186.525166250001
0 0 305.386694500002
0 0 296.537413249999
0 0 126.505221250001
0 0 429.267869000001
0 0 288.907969250002
0 0 265.412509000001
0 0 320.747597
0 0 122.352217250001
0 0 138.513269
0 0 130.032112499999
0 0 113.14039225
0 0 143.548198250001
0 0 291.425938250002
0 0 228.39272125
0 0 82.6831804999999
0 0 152.12660625
0 0 173.650831250001
0 0 174.1352065
0 0 148.69764125
0 0 111.658484499999
0 0 248.28620825
0 0 382.893233000002
0 0 422.241485000001
0 0 53.31908425
0 0 207.541660250001
0 0 99.2906524999995
0 0 217.313298249999
0 0 143.840908249999
0 0 252.347345000001
0 0 332.171871250003
0 0 225.401150249998
0 0 324.611832249999
0 0 118.57941625
0 0 185.64260425
0 0 224.249340500001
0 0 290.712946250002
0 0 227.066352500001
0 0 207.588602
0 0 164.013369250001
0 0 238.737512499999
0 0 365.425479249999
0 0 264.121906249997
0 0 282.844590499999
0 0 393.299890250003
0 0 246.133950250001
0 0 238.067679249999
0 0 136.099037000001
0 0 202.312608250001
0 0 558.397970000003
0 0 248.362425250001
0 0 209.272036499997
0 0 235.42331625
0 0 205.540671999998
0 0 148.725852999999
0 0 252.539970249999
0 0 155.875439250001
0 0 341.998650249996
0 0 97.1038142500001
0 0 211.214486249999
0 0 221.717824
0 0 172.019716249999
0 0 372.231562500001
0 0 173.110532499999
0 0 163.168788249999
0 0 132.200338500001
0 0 202.137005000001
0 0 34.8410592500003
0 0 350.84798425
0 0 188.85641
0 0 210.71585725
0 0 129.151165
0 0 208.42935425
0 0 192.40957
0 0 193.096094500001
0 0 429.086143250006
0 0 284.437621250001
0 0 219.42966125
0 0 229.277677249998
0 0 236.135153250002
0 0 302.430833000001
0 0 182.210952499998
0 0 166.635629000002
0 0 245.987452249999
0 0 204.371286249998
0 0 212.678706500001
0 0 143.664493249999
0 0 346.166799250001
0 0 216.606966249999
0 0 349.188085000001
0 0 194.003241999999
0 0 170.919211250002
0 0 312.963339249998
0 0 175.5926545
0 0 344.967261249998
0 0 203.981000000001
0 0 213.085170499999
0 0 198.528026
0 0 96.5414825000009
0 0 242.14533725
0 0 263.586984999999
0 0 236.029978
0 0 187.523405000001
0 0 390.058521250004
0 0 219.651299999998
0 0 184.396452250001
0 0 162.687981250001
0 0 193.45714225
0 0 240.11923625
0 0 236.4211205
0 0 127.822992499998
0 0 319.541517000001
0 0 369.608262499997
0 0 281.0756845
0 0 204.820364500001
0 0 143.706097999999
0 0 135.565809999999
0 0 153.270150500001
0 0 307.978706250001
0 0 205.996522500001
0 0 86.2845699999999
0 0 202.60305125
0 0 53.4649532500004
0 0 147.301116250001
0 0 242.54260925
0 0 252.32798725
0 0 153.851401999999
0 0 227.551182499998
0 0 230.91523625
0 0 265.535721250001
0 0 291.342969999999
0 0 418.83642
0 0 189.90176725
0 0 286.340300999998
0 0 72.1950912500007
0 0 117.17941925
0 0 137.3043505
0 0 138.73158625
0 0 228.828426249999
0 0 179.249744499998
0 0 86.8345062500001
0 0 390.491224999998
0 0 225.237822500001
0 0 95.0689062500005
0 0 79.2916572500014
0 0 181.027462250001
0 0 67.1681004999998
0 0 369.939049999999
0 0 158.60748625
0 0 191.10847025
0 0 412.692641999997
0 0 214.722416250001
0 0 159.428675249999
0 0 180.81765725
0 0 244.113826499999
0 0 139.2067025
0 0 268.029489250001
0 0 322.213431250002
0 0 262.142367249998
0 0 114.2574885
0 0 323.118115250002
0 0 470.704616499999
0 0 343.223706249997
0 0 262.80261325
0 0 301.8949585
0 0 107.28701525
0 0 239.649766249999
0 0 383.111808500002
0 0 416.536845249997
0 0 237.219585999999
0 0 255.797137000001
0 0 202.93675625
0 0 126.439304
0 0 227.346096250001
0 0 237.8490505
0 0 282.861601249999
0 0 200.764192250003
0 0 275.3371325
0 0 167.684062499999
0 0 263.885826500001
0 0 160.75990125
0 0 146.887120000001
0 0 345.153590500001
0 0 189.290162500002
0 0 177.959080000001
0 0 271.628886250001
0 0 443.879521999999
0 0 173.58080825
0 0 271.8113
0 0 152.8228225
0 0 247.301499249999
0 0 426.142886499998
0 0 159.65421525
0 0 160.933956500001
0 0 231.86864025
0 0 361.284824500001
0 0 199.356942500001
0 0 346.002050499999
0 0 404.864287249998
0 0 146.0969585
0 0 252.6246425
0 0 336.823180250001
0 0 351.564703249998
0 0 345.1649885
0 0 237.554784999999
0 0 269.27417125
0 0 91.6550212499995
0 0 198.52797625
0 0 381.155946250002
0 0 275.480975250003
0 0 337.37785825
0 0 125.063968249999
0 0 122.879536250001
0 0 414.298713249998
0 0 131.928438500001
0 0 158.841654249999
0 0 389.41484125
0 0 307.615268250001
0 0 271.315522000001
0 0 293.425780000002
0 0 156.78695825
0 0 149.53178
0 0 48.0792369999999
0 0 305.888106500001
0 0 259.437052249999
0 0 229.739984500001
0 0 232.746241249999
0 0 252.203345000001
0 0 457.583414500001
0 0 143.19758925
0 0 214.899322499999
0 0 391.755189250002
0 0 175.256384499999
0 0 180.505584999998
0 0 459.209577249999
0 0 244.789063250002
0 0 234.088596250001
0 0 230.090114499999
0 0 286.45716125
0 0 215.334978500001
0 0 294.14332225
0 0 360.345256999999
0 0 237.6643145
0 0 245.347762499999
0 0 276.727353250001
0 0 242.265084500001
0 0 209.766013249998
0 0 246.728208250001
0 0 239.6099425
0 0 107.44416125
0 0 278.925587999997
0 0 273.393990249998
0 0 261.3331625
0 0 140.915277
0 0 459.965444499998
0 0 174.159858500002
0 0 217.329114249998
0 0 386.077009000001
0 0 254.981457000001
0 0 183.957592250002
0 0 266.694360500001
0 0 196.29910825
0 0 144.656404000002
0 0 358.698112999999
0 0 333.610258000001
0 0 617.407445000005
0 0 244.24093625
0 0 156.2946505
0 0 277.091382250001
0 0 448.848456250001
0 0 593.437546000001
0 0 288.390213249999
0 0 300.7248725
0 0 250.975874499998
0 0 264.242421
0 0 370.944564250001
0 0 295.91178025
0 0 140.613362000001
0 0 253.1196905
0 0 221.4151825
0 0 128.814537999999
0 0 332.318175250002
0 0 315.414561250002
0 0 87.9615425
0 0 295.39900925
0 0 360.327325000001
0 0 390.7789465
0 0 175.5777865
0 0 125.79621925
0 0 269.650515249999
0 0 163.32300625
0 0 245.511677000001
0 0 378.256601
0 0 259.94463625
0 0 355.13114425
0 0 128.302206249999
0 0 188.456899999998
0 0 121.78258625
0 0 237.1481185
0 0 351.154059249999
0 0 224.31136625
0 0 204.548535249999
0 0 631.398002
0 0 208.575506249998
0 0 265.2275425
0 0 224.134956249999
0 0 343.913666500001
0 0 187.813851249999
0 0 302.567506250001
0 0 157.97144025
0 0 131.360268250001
0 0 201.2622545
0 0 186.073735249996
0 0 292.10748125
0 0 445.4366585
0 0 233.4935125
0 0 156.185292499998
0 0 44.1301730000009
0 0 163.066707249999
0 0 271.05575225
0 0 182.850811249998
0 0 171.20987725
0 0 361.546383250001
0 0 128.633666500001
0 0 240.92424725
0 0 218.103741250002
0 0 355.840076249999
0 0 269.163440999999
0 0 33.6534612500001
0 0 224.1969325
0 0 143.6515385
0 0 264.641344249998
0 0 103.43602025
0 0 327.888922250001
0 0 332.766925
0 0 225.1542905
0 0 383.361665000001
0 0 441.237328999999
0 0 82.3338425000003
0 0 153.17636225
0 0 459.235812999999
0 0 178.9169
0 0 210.157061000001
0 0 138.29088125
0 0 36.903105
0 0 286.461424249999
0 0 346.73871025
0 0 227.837676499999
0 0 215.015607249999
0 0 545.907290499999
0 0 265.937018
0 0 157.31431525
0 0 116.529567999999
0 0 311.680263250002
0 0 296.672386249998
0 0 173.63009
0 0 253.9936265
0 0 443.786232499999
0 0 136.518424999999
0 0 141.15318625
0 0 513.702117000001
0 0 114.81341425
0 0 237.568724
0 0 231.378677
0 0 265.400593
0 0 328.802932
0 0 86.8088404999999
0 0 326.016496249998
0 0 452.526194250004
0 0 466.554342249997
0 0 166.15591225
0 0 188.975817999999
0 0 104.66377925
0 0 260.235987249997
0 0 303.114157249999
0 0 260.52807325
0 0 245.585694250001
0 0 203.898459250001
0 0 603.738272
1 111.18254725 120.987866107927
1 136.3815225 139.470419588475
1 141.183195250001 162.888896241148
1 142.067760250001 160.610470743291
1 145.250851250001 155.249173526176
1 173.399948500001 211.960937270618
1 177.6892685 177.74808500456
1 180.156568249999 183.444988767918
1 181.5343205 203.812621507573
1 181.98198625 287.481337015498
1 182.9314825 183.758444060185
1 183.694862499999 249.462724364005
1 183.945716999999 212.10797630499
1 188.2589085 201.892139140186
1 193.339865 195.595826538181
1 197.725011249998 197.844921575506
1 202.21167125 238.845266220232
1 204.086151249999 225.901882752946
1 208.11721325 216.797488897566
1 208.395505 241.116749260661
1 211.102853000001 256.687968506945
1 211.5359905 272.370544961941
1 212.014920499999 239.800937423125
1 213.51300425 214.01969699079
1 214.954290250001 232.479436131176
1 224.527642249999 233.826541328031
1 226.47175025 242.41871424758
1 228.200116 313.858018196506
1 232.589425 245.555053393096
1 235.157692250001 246.271249674517
1 236.127261250001 255.743241055554
1 237.3938505 271.383218795479
1 238.226382249999 303.355709094738
1 242.195920250001 271.781505342736
1 242.93452625 280.899551073709
1 251.35001825 292.96332190235
1 251.539996500001 266.574903697496
1 251.662425999999 257.158865204429
1 252.261562500001 292.950654919605
1 257.276524250001 267.760276366643
1 258.513976999999 275.194780888723
1 263.6503065 323.499140618035
1 265.0902885 336.715078307874
1 268.186999250002 322.973640033106
1 269.4494545 322.994167586832
1 271.6455925 285.459782988022
1 273.18973225 318.771116744908
1 273.661831250001 288.727852175643
1 274.642496500001 280.91874894531
1 274.841786249997 344.926886289146
1 274.912240250001 769.041112994061
1 275.095912249999 370.318748708361
1 276.853959249997 312.928050288946
1 280.720609 428.373687065102
1 281.073969999999 346.302204190666
1 281.107521249999 510.787120999546
1 282.17603125 515.431219240015
1 282.816893000001 290.170709035027
1 283.323174499999 319.552857785202
1 283.336564500001 377.27070033101
1 285.35199125 840.616006024039
1 285.844800250002 379.834444086561
1 286.186725250003 418.549633341669
1 286.768566250001 648.93506143595
1 286.9656245 294.940391946329
1 287.95316625 312.173592086415
1 289.140502249999 858.30782412859
1 289.807742500002 323.00125006744
1 290.899479249999 548.123479482364
1 290.920981249999 357.85978866139
1 291.484418000001 389.873958806673
1 292.779666250001 427.090028347312
1 293.217137000001 626.60935981863
1 293.731195249999 358.410259023435
1 294.10625525 574.700911450035
1 295.578702500001 350.618642539151
1 296.327492499999 357.348972873381
1 296.69670325 351.95401493571
1 297.18579325 711.829981918603
1 297.668695250001 407.988445146732
1 297.92994325 319.048110369642
1 298.10132125 310.671228311774
1 299.789776249999 324.156482707093
1 301.475916250003 718.065213468309
1 302.22031925 372.19561754813
1 302.80475125 323.001505624857
1 303.863348 313.935584045214
1 304.524996249999 423.364723723364
1 305.7915185 367.792061850475
1 306.35733025 365.344924398232
1 306.477623250003 705.963993383358
1 308.7634225 323.541071777146
1 311.592992500002 338.45267873861
1 312.12294425 358.862201184442
1 312.30896225 1049.45608525904
1 314.492595249999 389.866012919591
1 314.653296250001 319.49262217094
1 315.382236249999 810.248688732239
1 315.50369825 618.239235499721
1 315.528329249999 412.165645444269
1 316.967784500002 409.795641699833
1 316.975226499999 317.426136439651
1 317.6790425 401.299976182856
1 318.344872500001 481.551643966276
1 319.112995999999 381.167105361897
1 319.451713249998 352.297208550646
1 320.24853625 342.089819914564
1 321.7044665 545.991276655113
1 322.767356499997 496.111494701192
1 326.838724250002 694.552029319462
1 326.901474249999 589.774563534306
1 326.91987425 349.387138790043
1 328.974696249999 420.975606583836
1 329.43900125 362.220155815314
1 329.78069 607.949234015036
1 330.54409125 482.398705080536
1 332.035937000002 333.315353642984
1 332.091481250002 452.240739775393
1 332.366208500001 373.647792509727
1 332.641437249999 402.053302140116
1 332.953429250001 385.804489878105
1 334.522598499999 388.289457633304
1 334.701194500001 348.607675821551
1 335.41629925 572.634079628717
1 335.589633 702.477028307278
1 337.005402500001 592.389652802007
1 337.464558249999 357.744366312016
1 337.816731250002 452.892893484656
1 338.24789125 350.583848967181
1 338.5923705 440.322647894018
1 338.65654525 687.412690186899
1 338.7308425 389.899199922451
1 340.145726499999 559.981454536561
1 341.32613 477.283325638357
1 342.278399249999 415.611054348285
1 343.0394705 960.938291437296
1 343.625236999998 469.170432091119
1 344.536762499999 452.791263959214
1 344.623205 401.384698233428
1 344.762508500001 510.680902393648
1 344.889284499998 654.572719800131
1 345.382706500001 944.928303712445
1 347.224617999997 391.517331482494
1 347.702292250002 430.68690387981
1 348.23174425 355.320137845379
1 348.345715250004 366.836446304957
1 349.50331925 668.413297670301
1 349.546516249999 437.537407890599
1 349.976594499998 357.055377224519
1 351.386259999999 387.115973830117
1 353.632742500003 548.187051180918
1 354.589904250001 355.333131106887
1 355.949765 846.09131844464
1 356.000467249998 431.406734839238
1 357.6309725 585.097519921906
1 358.404650500001 359.801864324624
1 358.419210249999 407.956042144881
1 359.173906250001 434.311370324804
1 359.527093000001 372.528693990819
1 359.835452499997 460.18884350994
1 360.53193625 560.86829688695
1 360.54559225 420.938411436439
1 361.644473 439.098053469053
1 363.433601 903.917886595403
1 363.85995825 486.861582884113
1 364.15041325 479.587640179901
1 364.861929999998 598.254110660254
1 365.544181 483.45602510504
1 365.75382125 460.817103392153
1 366.582961000002 469.499176824568
1 366.665722250001 374.37520284187
1 366.720925249999 399.017112162052
1 366.871887999999 397.546955154827
1 367.090746249997 422.493941571354
1 369.32089025 382.910319715184
1 369.472413250003 798.040978953553
1 369.984813249996 400.952199683961
1 370.512298000001 371.970046896263
1 371.120104999999 771.846285921492
1 371.305479249999 906.934271222416
1 371.353251249996 925.968890775889
1 371.88072 795.786685557601
1 372.4369525 497.158528109208
1 372.448404249999 685.323818412679
1 373.976341249999 482.291335780725
1 374.00354225 378.968435390516
1 374.242198499999 411.018386748103
1 375.149340250001 493.333737774113
1 375.861177000002 398.850862701115
1 376.530941 376.592700192464
1 376.907146250001 485.355094963758
1 377.530988499998 380.636736438962
1 377.643946250001 397.850349721432
1 378.558882499999 391.461158222577
1 378.954837 385.169825546772
1 380.156509000002 427.115249869151
1 380.921503249999 528.160846692583
1 381.378111249999 381.609058552266
1 381.936196250002 386.272414448037
1 382.183429 836.026347180932
1 382.5141345 539.012732574798
1 383.022663250001 385.61503801405
1 385.477946499999 411.215094830425
1 385.727384250001 617.318852004555
1 386.436991249997 409.400240707522
1 388.312722249999 389.233750700265
1 388.621232500001 402.824752453948
1 388.831280500001 475.631538616139
1 389.764777000001 524.020196457363
1 390.62928125 457.964764443535
1 392.621154249999 415.856188939993
1 393.773424999999 408.206984600847
1 393.91848 463.952282107268
1 394.622996500001 804.06122588035
1 396.272892500001 429.241069996985
1 396.351321250004 1396.41947223329
1 396.9000085 461.594929950264
1 397.274348499997 495.215794327629
1 398.154341249998 400.949751259608
1 399.578953249998 417.50713478359
1 403.973255250003 593.766320843016
1 404.687971249997 874.647422153873
1 405.048546250001 834.140462849235
1 405.94402925 1031.80208170524
1 407.297631249999 737.648028977922
1 407.924763249998 494.995340496729
1 408.029869 459.687677274691
1 408.801650499998 437.708568678361
1 409.110198249999 409.300308768908
1 410.277986500004 482.087007304924
1 411.7198685 510.127885965813
1 413.06321125 418.433851571505
1 414.17911625 478.849037843062
1 414.298657999999 453.213283640736
1 414.988381 532.684941490095
1 416.279601999999 499.23334138526
1 417.229611249999 420.83904957732
1 417.243475999999 709.081986024432
1 418.115594000003 954.539253311476
1 420.163664500002 800.602192277701
1 422.000160500001 518.699887740639
1 424.378658500001 472.625294707322
1 425.108968999999 460.95167804262
1 425.340218499998 433.753152766521
1 425.417768 469.268671151287
1 427.094540999998 706.965692221304
1 428.165742499999 537.740015175172
1 428.626292 438.001442723117
1 429.103833999997 440.256923430226
1 429.943190499999 468.112878858251
1 431.198228000001 957.227575244809
1 433.087232500003 476.520199525335
1 433.197596250001 452.214556769018
1 433.50894325 658.700122901786
1 434.054868249999 448.001052793896
1 434.227581250001 1164.77745789843
1 434.3694965 605.59263801922
1 435.627856250003 471.517976456316
1 438.28622825 577.722270638653
1 439.525442000001 510.146499845728
1 442.7218225 489.029907113626
1 443.7405625 617.029423935477
1 444.231745 871.171745263252
1 444.354823249999 666.851403974533
1 444.690886250003 582.899636235921
1 444.726462500002 461.052493581386
1 444.916562499999 491.416221563424
1 445.287362000002 462.426368220438
1 448.156946249998 835.343605813675
1 449.086651249999 487.063712606503
1 450.011682000002 976.410543644513
1 450.490625000002 489.453480106546
1 452.180472999998 509.891154784953
1 452.938249 458.849589951433
1 453.98228125 455.541268258349
1 454.27341125 471.16017997783
1 454.790789000004 472.013527302177
1 455.442793250002 529.29812531203
1 455.690482249998 466.700152737872
1 455.900859250004 709.30870260274
1 456.338269000001 471.480161561831
1 457.123021250002 627.172917906693
1 457.598914249999 494.081631878011
1 460.94927525 472.285442561286
1 461.540017000001 485.423647803124
1 461.746097 763.207995887791
1 462.033578 566.980148083117
1 462.4628765 462.639639176362
1 462.540071249999 466.864550187019
1 462.918592249999 469.203539372773
1 463.082389249999 579.283159288858
1 463.282806499998 763.754032081827
1 463.517402000001 616.7269535846
1 463.848735999999 492.884867712011
1 465.549744999999 468.476757517863
1 466.651392500001 467.064287582037
1 467.863677250001 975.419033749016
1 468.000650000001 496.304859919704
1 468.115965249999 471.790294916599
1 468.221580250003 576.294360380378
1 468.72733625 469.07251304785
1 470.500841000002 676.836548235968
1 471.683422249999 482.898624000229
1 471.79086025 983.853746526779
1 471.80013325 471.91562856643
1 472.581897249997 584.92730625433
1 472.817724999999 482.127194706719
1 477.369866249996 971.015602271323
1 480.606828249998 593.246500995067
1 480.858147249997 510.463174685287
1 481.382461249997 498.000141058709
1 481.827660500002 591.400552834741
1 482.482002250002 490.347222737794
1 484.804484000004 1368.68026449482
1 485.406384250001 689.751424197561
1 485.622770000001 547.026792642952
1 486.08704325 638.193515523724
1 487.131540250002 1150.22513046781
1 487.949280250001 1002.57625087673
1 489.413616500002 841.96522372038
1 490.031826500001 549.081688016882
1 490.853378 637.387714331752
1 492.273552500001 580.632142993526
1 493.094695250002 494.209583606814
1 493.937795250001 741.119642202251
1 499.579172500001 568.064368862868
1 499.587270250001 761.97067715212
1 500.897832499999 585.222515765894
1 501.714544250003 562.615580187473
1 501.833595249999 527.155760412258
1 502.195524500001 586.713433415702
1 502.424777000001 563.941166485719
1 502.43386525 545.605223945297
1 502.465982499999 693.991111447652
1 502.943857000004 550.37160962277
1 503.554618250002 711.715060788697
1 503.707500499999 540.977812919876
1 504.98037325 554.21759962582
1 505.3039965 684.169699698044
1 505.384872999997 512.897009028837
1 505.91807125 636.518596845512
1 506.759268999996 775.572669979191
1 507.60871625 513.708205853349
1 508.32139625 522.16811900232
1 508.954688500002 753.020899431266
1 509.80258625 552.755015452199
1 511.109052999998 536.230687170263
1 513.18741825 579.944149440462
1 513.58275725 520.587084888199
1 514.029550249999 737.697833325907
1 520.182687999998 602.685782974602
1 520.388917250001 598.943206470741
1 521.964449 576.221074506422
1 523.009542249996 531.844028171554
1 523.572878249999 548.549773168231
1 523.935807999997 533.406538616928
1 525.562913249998 638.919812527815
1 527.77218125 540.176423701032
1 528.503317000005 610.941786106566
1 528.872376499999 598.405265527923
1 529.118088500001 565.25093937329
1 529.125396999999 776.184662713168
1 529.4188705 675.375190968754
1 530.0842 542.956771153733
1 530.248968499999 531.062053398372
1 530.772141250001 550.992236028751
1 532.119283250001 538.47880818409
1 532.714431250002 812.164950110519
1 534.062124999996 685.66934683155
1 534.510384250002 587.705444470694
1 535.169288 535.178297256536
1 535.932318249996 668.580154707996
1 536.640446250004 635.510413732353
1 537.252666249999 554.794898912102
1 537.639995250002 638.402872009425
1 537.967673000001 577.582626177689
1 538.973602249999 635.996243903084
1 539.136006250002 781.589923210689
1 539.2108125 580.931963029749
1 539.740886500002 610.480083357265
1 540.642771999999 546.665265040283
1 541.251354250002 542.036838516132
1 542.026944500001 579.743916100243
1 542.059833999999 644.837961028503
1 542.703338499997 746.869098329611
1 542.96346025 549.938607521826
1 544.264764500003 545.548397304217
1 545.450612499999 562.485689653024
1 545.552905000001 714.977953407442
1 546.104913250001 741.363497175209
1 550.738748249996 1088.06491552447
1 551.251422250003 980.233872145129
1 552.982819999999 619.055861864363
1 553.383150499998 704.444261895762
1 553.504032499995 612.557829819861
1 553.763806249999 554.854766979683
1 556.361704000004 695.73446803427
1 556.678996000002 778.224110425509
1 557.02004625 586.875827910045
1 557.107546499997 650.983074260694
1 558.539494250001 559.878609958906
1 559.137908250002 587.671576319834
1 559.84623125 572.019905143042
1 560.960281999998 793.255332673458
1 562.90367125 601.693695173233
1 565.064014500001 568.218459926248
1 565.466521000003 570.887115047079
1 566.136792249999 978.474549429289
1 567.936916999999 700.872396109838
1 568.286762499999 987.944873411716
1 569.642252500001 770.719163958437
1 570.05438125 581.333063608886
1 570.135532499998 760.7658276145
1 570.227518249999 616.094468143944
1 570.448025999999 649.418197430015
1 571.662534250002 601.61500610052
1 572.689038500002 644.907409264219
1 573.030129249999 651.540744248179
1 576.84476525 739.533954410964
1 578.907926500001 591.499261906538
1 581.636142250002 624.497061488976
1 581.981956000002 649.118908702302
1 583.276151250001 699.565863653906
1 586.09631225 795.809866133736
1 586.415184500003 605.936989946947
1 587.399164249999 625.380504106982
1 588.433980250002 588.535430533019
1 592.68282625 593.122911592587
1 593.280249999998 606.229722600407
1 593.94099425 593.954024005623
1 595.819858249998 607.844996992294
1 597.143182499998 1274.39691600919
1 597.300312499999 616.138205290849
1 597.560421250005 607.540200019496
1 598.018548499997 811.104989720199
1 602.507527250001 611.095689182672
1 602.534998249999 609.174969670832
1 602.813129000003 663.997167664282
1 605.775251250002 609.066408010159
1 606.501490249998 608.689080706151
1 607.848281999998 660.683116127645
1 608.7684205 619.776905131775
1 609.913854500003 632.123943418361
1 610.281451249998 789.262507442101
1 613.039452999997 773.935927636447
1 613.626707250003 613.717798733761
1 618.506125250001 737.62104686
1 619.268898250001 683.367940953481
1 620.00276 697.657668098677
1 624.042186500002 625.904478788288
1 625.569282000002 676.304141093108
1 626.041476000001 920.20667293399
1 626.746547249999 715.474997199602
1 627.128685 651.878588787103
1 627.314570000001 669.13625507775
1 628.702029249996 846.17097327365
1 629.115048249999 723.374887388098
1 630.284522499999 631.099197628481
1 634.658739249998 673.542167149157
1 634.749690500002 665.074230913525
1 634.780485000002 644.447460404694
1 635.173543999999 680.790635141034
1 638.756462500001 681.684511374538
1 639.366708499999 641.358470442762
1 640.446531249999 652.645118202138
1 641.675529999997 646.793809704253
1 643.086168249998 643.09239918198
1 645.000053000004 824.378307922296
1 645.522198250002 671.158168653615
1 649.088736249999 664.641040726358
1 651.003957000001 729.615383247297
1 652.118700249998 670.748659208675
1 653.712412250002 655.485802232716
1 655.311312499995 672.951487649737
1 656.192106000001 691.807990779674
1 660.980852500001 660.984146421727
1 661.028879249999 739.732433105051
1 663.665636499997 751.587764166213
1 665.930540500003 1395.11682213451
1 669.311031250001 672.498017752796
1 670.596392249997 878.308803991692
1 673.109707249999 1345.45517161994
1 678.566450500001 678.574470589912
1 679.85169625 680.605059708519
1 681.283492249999 727.962634900088
1 681.859529000002 770.521985318805
1 688.447234249997 720.329846535897
1 689.354406249994 710.889291828124
1 692.225088499998 692.953464393888
1 694.856402499999 721.986272603944
1 695.431481000002 797.984695303995
1 697.698551249999 764.277705976242
1 698.662927250002 716.10207066412
1 700.17780025 884.380790322438
1 700.814462500001 719.442139043627
1 704.332253000002 711.736285672674
1 704.869045000004 705.529569598768
1 705.614195249997 844.3338226694
1 706.172585000001 718.516539158904
1 707.124496 707.478028905516
1 710.389476249997 710.493940501515
1 710.924276500002 711.858518887321
1 712.167244999998 713.028498493686
1 713.081224999999 721.871846911873
1 720.201453249999 894.835188402145
1 724.8597445 780.295211396319
1 725.51414525 760.359034323145
1 731.329652500001 736.15802801996
1 732.057378500002 858.549594655357
1 739.527175999998 741.229951657443
1 739.8577665 744.036285164424
1 741.752680499999 752.357906084975
1 744.448146500004 752.016874024451
1 746.511912249999 861.002928796077
1 746.911026249998 823.181760239677
1 754.90761025 794.172734045368
1 755.95567325 757.440729719021
1 759.055656999997 1043.3504331235
1 759.2113 765.240915568755
1 760.143757000004 762.141407896982
1 761.511025250003 771.298168205841
1 761.603336000004 792.955167870812
1 763.949325250005 823.853355738488
1 768.508901000005 802.879437072984
1 769.370530000002 796.959674706487
1 777.09787625 882.034430292266
1 777.925197249999 819.657399016165
1 779.288689999998 827.639575750777
1 783.565156250003 817.347811629885
1 784.980631250001 788.867289918505
1 786.871651250003 828.419466259602
1 787.356427249995 797.536146676514
1 788.1975505 860.177256724803
1 792.255597249999 801.205320205751
1 792.872377999999 853.2571842275
1 793.161984250002 800.581304272035
1 793.184401250002 803.403451339311
1 808.544232500001 812.576490741124
1 815.49027625 816.087783702812
1 815.683266000002 856.937357260699
1 817.659957249999 833.728512779094
1 821.453782500002 839.916418888362
1 823.360306250001 824.912058529831
1 837.03194525 956.281013565494
1 837.301777000001 1038.12064377666
1 848.78164125 848.884738594386
1 854.875552000001 869.166464147218
1 859.986161999999 1153.39024179501
1 862.022746000005 910.811930751323
1 883.494830500003 917.626325626064
1 896.779824999999 1038.85282394638
1 899.961988249997 923.806102931961
1 905.010369250001 914.335171712639
1 908.929644249996 967.67373242208
1 912.661358499997 1023.74220144086
1 913.556881250001 958.117054289652
1 914.144512250004 917.252208245948
1 916.594622500004 923.129501800305
1 925.966650249999 926.958185288396
1 927.989906499997 930.331278447469
1 946.457430499994 1096.78678352651
1 948.864514000003 977.476214021722
1 963.739819249997 988.366114745019
1 997.381008250001 1297.05935265932
1 1006.63513025 1105.40311558744
1 1047.3179765 1108.38568905651
1 1060.607842 1206.28521775184
1 1063.94939125001 1065.10635591579
1 1065.00601225 1073.35309000248
1 1075.76872 1155.34588095039
1 1174.44340625 1178.21970105687
1 1240.83708125001 1247.90060628741
