0 0 Inf
0 0 544.327006249999
0 0 180.973440499998
0 0 266.045969249999
0 0 421.495251999997
0 0 497.835233999999
0 0 439.892041000003
0 0 424.966367250003
0 0 413.865381250002
0 0 372.56800725
0 0 381.61203725
0 0 314.529401249999
0 0 318.101912500001
0 0 422.69126125
0 0 329.966980000002
0 0 277.036369249999
0 0 350.23845025
0 0 483.024080499995
0 0 153.603081999999
0 0 381.89001925
0 0 489.523396499999
0 0 513.679646500005
0 0 430.4957425
0 0 271.787363999999
0 0 675.364801250002
0 0 252.80707325
0 0 135.41207725
0 0 141.45316
0 0 441.920907249999
0 0 516.950364999998
0 0 292.395543249999
0 0 321.575041249999
0 0 386.319280999994
0 0 311.621722249999
0 0 458.74613725
0 0 174.280212000001
0 0 436.606140999997
0 0 252.945492499999
0 0 238.089062500001
0 0 271.030324
0 0 518.357830250002
0 0 135.134775249999
0 0 288.571482000001
0 0 182.05936025
0 0 460.270046250004
0 0 159.888090249999
0 0 67.4823282500004
0 0 31.4730980000004
0 0 395.214548499999
0 0 196.520970499999
0 0 457.220545
0 0 112.0765025
0 0 406.046104250001
0 0 353.55255525
0 0 344.082285000002
0 0 226.089461000001
0 0 90.9307202500003
0 0 213.634345250001
0 0 377.17953125
0 0 375.855974499998
0 0 598.857901
0 0 409.845732500001
0 0 358.543242499999
0 0 486.153570499999
0 0 368.7910825
0 0 400.429127249999
0 0 225.3215925
0 0 194.347542499998
0 0 378.5364925
0 0 234.2246005
0 0 394.614056000002
0 0 357.9864425
0 0 383.008544500003
0 0 180.54497725
0 0 358.698406250002
0 0 104.57569625
0 0 275.70324325
0 0 399.01535125
0 0 216.502192250001
0 0 599.439002500003
0 0 368.524887249999
0 0 356.978224249999
0 0 424.903192250004
0 0 403.350660499998
0 0 832.7613625
0 0 205.677551249999
0 0 257.296728250002
0 0 424.596723249998
0 0 329.452564249999
0 0 229.008548249998
0 0 205.11676925
0 0 337.99375125
0 0 492.07611125
0 0 126.566183249999
0 0 307.67351625
0 0 392.992427250001
0 0 418.409070249999
0 0 402.453721000001
0 0 360.48493
0 0 283.819146499998
0 0 348.160569250001
0 0 165.890452249999
0 0 335.934187249999
0 0 337.161951250002
0 0 298.480967999999
0 0 426.16646225
0 0 197.600076250001
0 0 477.904056500001
0 0 523.019410000002
0 0 360.401060499999
0 0 390.302729999998
0 0 297.873111249998
0 0 294.227732250001
0 0 338.76126225
0 0 300.976153999998
0 0 308.88317425
0 0 339.877578499999
0 0 232.288726250001
0 0 361.928214500004
0 0 416.272284250001
0 0 255.91028125
0 0 351.067718499999
0 0 611.764276000003
0 0 333.492286249999
0 0 277.569506
0 0 281.5412
0 0 206.25506425
0 0 237.730352500002
0 0 267.278755249999
0 0 142.026150499998
0 0 194.841562500002
0 0 215.956510250001
0 0 271.270308999999
0 0 249.926373
0 0 249.8995925
0 0 240.13330625
0 0 186.585795249999
0 0 460.30195025
0 0 200.905806249999
0 0 241.86745225
0 0 248.046768999999
0 0 319.267046500001
0 0 356.099160499998
0 0 597.440746250001
0 0 398.284671250002
0 0 248.30708225
0 0 395.955291249999
0 0 566.458816499999
0 0 526.956125000001
0 0 145.332904249999
0 0 127.4318145
0 0 271.759951249999
0 0 460.815926499999
0 0 275.596692500001
0 0 213.039732250002
0 0 515.252672499999
0 0 323.579106250001
0 0 355.92655625
0 0 497.72304
0 0 243.218462499999
0 0 398.138476250001
0 0 358.911569
0 0 340.770576250002
0 0 173.131688000001
0 0 276.432271250001
0 0 243.1028205
0 0 288.44772625
0 0 314.90477
0 0 211.416842499998
0 0 279.685406249999
0 0 116.55192625
0 0 290.846416250002
0 0 431.165188250002
0 0 302.844445250001
0 0 271.3509965
0 0 308.10138125
0 0 482.675100500001
0 0 373.214452
0 0 519.799773249997
0 0 388.082788249999
0 0 394.844344249998
0 0 224.232550249997
0 0 226.21515625
0 0 334.226290000003
0 0 198.218724249998
0 0 190.02494925
0 0 421.123331250004
0 0 523.72681225
0 0 306.669948499997
0 0 289.469519999999
0 0 234.2032685
0 0 93.8331032500008
0 0 375.745500500001
0 0 339.0455065
0 0 268.696129000003
0 0 214.523602000001
0 0 295.245322249997
0 0 175.085030500001
0 0 414.108545
0 0 72.9674405000003
0 0 258.99618125
0 0 242.060874249999
0 0 256.615294500001
0 0 485.91365125
0 0 354.204092500001
0 0 56.7847505000003
0 0 225.978171250002
0 0 118.695406249999
0 0 399.819111250003
0 0 282.633049000001
0 0 272.052621250001
0 0 260.7808025
0 0 298.497249249999
0 0 544.930624249996
0 0 275.474834
0 0 361.210368249999
0 0 144.806257000001
0 0 196.48892925
0 0 571.307546499998
0 0 180.3841385
0 0 227.870160250001
0 0 199.347163249999
0 0 446.334056500002
0 0 259.58158825
0 0 244.41349
0 0 340.23424
0 0 423.923441
0 0 183.8242925
0 0 229.8091025
0 0 432.398697249999
0 0 341.8709125
0 0 251.47433125
0 0 521.842860250002
0 0 424.923249250002
0 0 175.58899625
0 0 443.895941249998
0 0 360.429001250001
0 0 635.945498500001
0 0 303.355831250001
0 0 355.504192249999
0 0 275.07676725
0 0 389.318943250001
0 0 233.57019925
0 0 310.148955250001
0 0 369.385130249999
0 0 258.782436250002
0 0 537.478515250003
0 0 421.977336250001
0 0 413.14713425
0 0 286.461479250001
0 0 442.335816249999
0 0 127.7475845
0 0 315.77625
0 0 365.623188500003
0 0 340.42091725
0 0 563.761442500003
0 0 430.482406500001
0 0 345.953611250001
0 0 133.377668
0 0 463.912898000001
0 0 144.838586249999
0 0 268.563924250002
0 0 241.35451225
0 0 557.87969925
0 0 105.744135249999
0 0 258.613545250002
0 0 616.740696500001
0 0 313.853896
0 0 398.130986249997
0 0 131.088748499999
0 0 433.29937025
0 0 428.612816250001
0 0 447.471326250001
0 0 169.8663145
0 0 320.907780250001
0 0 548.023624999998
0 0 232.023285250001
0 0 293.829211250001
0 0 360.206986250001
0 0 294.3284465
0 0 182.456849250001
0 0 374.753676250001
0 0 276.269029249998
0 0 381.297250000001
0 0 219.796521250001
0 0 120.67120325
0 0 424.42314025
0 0 150.172733249999
0 0 130.422348500001
0 0 209.377269
0 0 390.843284000001
0 0 418.544793250001
0 0 235.992338
0 0 339.7210505
0 0 403.859617999999
0 0 155.015445250001
0 0 454.67081
0 0 351.51516625
0 0 258.079704499999
0 0 315.30814325
0 0 445.804531999998
0 0 276.298497
0 0 327.806777250001
0 0 321.275625249999
0 0 396.207115249997
0 0 413.733323249999
0 0 284.124532
0 0 276.517273000001
0 0 502.690191250001
0 0 123.87128625
0 0 354.770666500001
0 0 286.88083825
0 0 312.167598499999
0 0 363.699088
0 0 199.62918725
0 0 205.4157125
0 0 452.849802500003
0 0 214.216418
0 0 292.12285325
0 0 132.0579125
0 0 414.921488000002
0 0 259.76038325
0 0 424.09452725
0 0 314.204680249998
0 0 454.8031245
0 0 284.825602
0 0 215.530002249999
0 0 281.766344499998
0 0 251.266258000001
0 0 271.608204250002
0 0 233.42698025
0 0 450.014012500004
0 0 205.92300625
0 0 371.191425250001
0 0 640.313613249998
0 0 635.511514249997
0 0 725.06147625
0 0 152.370135249999
0 0 494.453079250003
0 0 198.2478205
0 0 400.695141249998
0 0 404.58628825
0 0 611.993666499997
0 0 181.0602
0 0 122.082046249999
0 0 245.461898499999
0 0 194.3237125
0 0 431.7377425
0 0 343.875576499999
0 0 389.635296249999
0 0 352.292611250001
0 0 375.327812499999
0 0 527.080808500001
0 0 301.90337125
0 0 426.99183125
0 0 547.120616499998
0 0 231.317492500001
0 0 344.455062500001
0 0 292.57735525
0 0 281.406264250001
0 0 233.39076525
0 0 220.387656249999
0 0 341.5037765
0 0 828.195353999994
0 0 296.5294485
0 0 259.29198025
0 0 235.555204249997
0 0 315.9562825
0 0 340.522392500001
0 0 332.89543225
0 0 512.950440500002
0 0 441.647124250001
0 0 377.819182250002
0 0 350.537901249999
0 0 177.77995425
0 0 249.04667225
0 0 145.18168825
0 0 214.21817225
0 0 283.27118625
0 0 242.502952000001
0 0 299.377165000002
0 0 392.487169000003
0 0 359.800912
0 0 872.94201625
0 0 251.361482499999
0 0 480.494171249997
0 0 725.549301249998
0 0 201.063389
0 0 457.195365250001
0 0 275.1669127525
0 0 283.462636250001
0 0 343.56959081
0 0 563.3508305
0 0 184.528825000001
0 0 217.880173159999
0 0 133.35042125
0 0 789.019710249999
0 0 457.90683025
0 0 162.8501425
0 0 172.727674249999
0 0 594.87307316
1 175.351597249998 193.175585145544
1 193.6749625 241.18105432306
1 207.565520499999 241.280296354853
1 217.0909105 262.839457342265
1 217.121670249999 222.907425818331
1 223.158838500001 298.30466628098
1 230.43580325 237.106958268807
1 231.835586000001 231.835592816536
1 260.24146 421.427845007947
1 265.450878249998 284.848709253373
1 267.464191249999 268.967461815177
1 267.524813249998 323.805135528637
1 269.774320249999 279.043269122986
1 270.3606925 303.245453881471
1 276.156061249999 343.353430337815
1 279.694462500001 441.974284645549
1 293.64368625 414.355080451152
1 294.582057250001 294.833901744233
1 299.5567165 461.367614176013
1 300.16640725 302.254850953168
1 300.610150250003 369.913173862336
1 303.117178500001 349.580050099947
1 304.063666250001 361.692391126333
1 305.795266250002 513.749887802933
1 309.687237 439.802998520264
1 312.5314325 372.395244452955
1 317.02822925 488.162541991329
1 318.47856025 354.948155175722
1 319.514994 337.862749259886
1 319.908002499999 425.214741614865
1 328.1179525 385.402919447272
1 332.9130825 595.874224167148
1 337.618864249999 361.168220413129
1 340.770656250002 646.86276110856
1 342.515914250002 747.639311085928
1 342.689829250001 369.633726233194
1 347.637691249999 507.739536538357
1 349.7484965 429.732140879254
1 352.351902499997 402.214596349593
1 359.36635025 393.538548912354
1 363.028911249999 414.601414984501
1 365.457722500002 798.39500720656
1 366.427728499998 571.756080880561
1 366.681894500001 384.513151445646
1 369.415752250001 895.097022101688
1 370.158331250001 449.787882445177
1 371.274518499996 582.457203496811
1 373.182527250001 392.864833027115
1 374.270926249998 432.785146859444
1 374.6384865 513.332985482817
1 377.32162025 1128.03816943905
1 377.6835625 1243.54746300478
1 378.22217225 871.663460292475
1 378.875680000001 607.344182410451
1 384.524120499998 413.060316513246
1 386.461912499999 386.50968483148
1 386.668431249999 445.31023712291
1 387.05276025 418.403251608343
1 387.412489460001 449.946858513609
1 391.289820499999 416.470796504567
1 395.404525000004 631.951131213017
1 397.27307525 422.360817171955
1 398.145204500002 437.614468615141
1 400.310009999999 400.664513009742
1 402.622188250001 526.887226543015
1 402.88410425 499.609193396378
1 403.031966499995 536.913442875937
1 404.988798250004 943.563099357243
1 405.031100499996 523.227199869955
1 406.092719249999 518.890911478093
1 406.706275999998 406.746557632577
1 407.7847525 410.101934505788
1 407.943945000001 419.949413112373
1 407.975056250003 512.924999217561
1 409.661690499998 476.912548509707
1 410.070826250002 870.780840874602
1 412.12033525 579.12102361025
1 414.684352999999 655.598383229305
1 415.948396249997 880.34494311252
1 417.898021250001 418.373287641512
1 418.029644499999 760.712131411199
1 418.906114 430.229264778981
1 419.4265 622.470168208854
1 421.064500250002 528.116885676943
1 423.34202725 424.053210887325
1 423.460057249997 618.199998528501
1 425.0559725 475.026223904021
1 425.955781250003 630.957927435654
1 427.317087250001 554.528314491542
1 427.728925000002 501.195029925222
1 429.165960499998 443.647932026436
1 430.016752999999 542.487182152698
1 430.234920000002 506.380705531485
1 432.277482499999 477.751739928366
1 433.410954250001 439.442451941719
1 435.146632 723.344415959117
1 435.70085 556.911468862025
1 438.237642250002 469.969223130145
1 440.791050499999 497.994923392564
1 441.049240249996 643.502611449699
1 443.084329 1212.01542408781
1 443.335202499999 471.297770339596
1 443.73518725 494.943704043547
1 446.750724999995 799.820086671052
1 447.103356250001 599.99950391302
1 448.600807250002 462.453902688845
1 448.7880105 455.980173581363
1 449.092986500001 545.004772098218
1 449.805126250003 875.128330940552
1 453.378193999998 1009.9442451601
1 454.06843681 581.415636741267
1 454.274243999996 464.338958419066
1 458.263958500001 460.238953256893
1 458.462468250002 602.495309481924
1 458.583320500001 799.625031082212
1 459.421812000002 466.464842686386
1 460.585591250001 748.321675378462
1 463.346641000001 531.942405448782
1 466.663417999998 590.267456797693
1 466.847976249999 609.128241374144
1 466.98452825 547.689504389959
1 467.005561999999 947.158398601936
1 468.982400000002 984.989291152295
1 469.021717 569.655098176938
1 469.299368499999 863.272046134672
1 469.798200500003 475.766885221671
1 471.112808000002 606.733466608514
1 472.26257825 691.966470256107
1 475.620473249999 837.274825242949
1 476.50378625 790.472625999841
1 476.99520625 746.226868479569
1 477.91296725 903.137875626717
1 478.364093000003 705.919296974522
1 478.573256249999 600.986882182764
1 478.961865 525.27858827491
1 479.131178499999 675.279195900634
1 481.232245249998 494.87357675607
1 482.948270500004 743.901515902909
1 483.111789250003 519.729528507042
1 483.339829250001 580.224094821382
1 483.91189925 649.393663642978
1 484.238186500001 484.284700156089
1 484.249068999997 939.113281050485
1 484.778053249999 617.395243388492
1 485.704426500001 537.840262966758
1 486.462908499999 599.318173251526
1 486.52071625 879.857772343928
1 487.980161 729.312514576565
1 489.0727025 492.424029910066
1 489.15777625 555.71159726259
1 490.645789000001 554.502407422867
1 491.943794000002 746.434289678004
1 495.89438725 497.338444209908
1 498.581832500001 499.139268254011
1 498.799993250001 631.366251229712
1 499.508740249999 513.95112303333
1 501.34088225 710.113544371502
1 501.782544249998 567.103255598484
1 502.290157860003 621.425376242209
1 503.470006250001 1277.99289406535
1 504.003424250001 597.791484827648
1 505.18403825 716.283831671372
1 505.903005250005 592.484773733648
1 507.394285 587.752744012685
1 507.647181250001 531.244414561506
1 512.051152000003 523.726902016457
1 516.24387125 516.9660302882
1 516.48647425 998.685664920204
1 518.19633125 583.41050836516
1 520.129675250003 796.268657420619
1 520.48074125 593.05199880163
1 523.0367545 977.414495918467
1 523.632388250001 541.316347283811
1 523.774460500001 589.493659984209
1 524.02701025 606.20422297397
1 525.55338425 529.609294519595
1 525.833945 1222.57314974891
1 526.092828999998 879.703815456012
1 526.266451250001 572.250197170713
1 527.092770499999 894.959146765723
1 527.612107249998 756.845096217846
1 527.789857249998 540.339207530119
1 528.989470249996 544.553112611108
1 531.33790625 541.127622480379
1 531.479386000002 592.159624574688
1 531.81173125 546.447612186675
1 534.001947250001 536.452448065868
1 534.265290000003 607.882749045903
1 534.34122725 671.654233077939
1 534.60194 826.071589260316
1 535.539351249996 608.938324329688
1 535.592099250001 684.877379567558
1 536.209601 671.644865058768
1 536.263396249999 536.459636277487
1 536.7681965 1037.62814850695
1 537.932688499999 625.116414522377
1 538.28573 1037.48584613081
1 538.624262500001 557.901993687578
1 539.688964000002 539.942159687754
1 539.909922499999 806.878841722672
1 540.428121249998 763.756026380189
1 541.674319250001 1029.95760800315
1 542.401740499999 1194.0210598155
1 543.606242499998 646.206929684133
1 543.73251025 675.121598322366
1 543.733760249997 1099.03387926331
1 544.00867225 607.447661635493
1 544.793319999997 745.281056337924
1 545.678628999999 709.272687078508
1 550.655557250002 827.569869480828
1 551.055114500001 572.185746121397
1 552.740169250003 587.44712159106
1 552.812431250001 595.42651303187
1 553.297638500002 699.101463177416
1 554.495225 858.475814700265
1 554.627073999999 632.77849293305
1 555.750612249995 568.805843179152
1 555.856445000004 558.576312801994
1 556.476672999999 577.150766528038
1 557.669058250004 610.104413780981
1 558.740717000005 704.363253758808
1 559.924040250003 720.773818504081
1 559.943217250001 560.020229443547
1 561.145536250001 579.112194576553
1 562.272669249997 729.109331649444
1 563.343678500007 681.601091189402
1 563.59260225 611.656164434208
1 565.463683250001 570.445114208687
1 565.68491425 610.10818504763
1 566.907088500002 640.140413934082
1 567.007554499998 605.658274900693
1 568.030066249997 619.135939980301
1 568.288611999997 571.028438697885
1 568.345443249999 585.942240117873
1 568.514131249999 1332.18935621934
1 568.836115999999 806.070942195179
1 570.259290250007 1429.10125375842
1 570.618518500001 608.06990224124
1 570.68313125 919.19586364422
1 572.454186499999 576.982638000838
1 572.666769999999 572.879127170161
1 573.421332499999 1015.85970398105
1 573.71850125 681.480751377681
1 574.154500000001 654.287494918805
1 574.802714249999 601.309486680311
1 575.152024499998 654.932173627789
1 575.326504999998 599.100688297737
1 575.41464125 639.695353529681
1 576.697522249999 576.721675867357
1 577.018496500004 649.364087554488
1 577.737456249998 613.312541679221
1 577.816944999997 597.242529913925
1 580.2939785 701.626431284805
1 581.199026000003 1035.09660573969
1 581.413981249999 581.422771932825
1 581.53595125 599.648226425023
1 583.355552 640.348941989415
1 583.38907425 1071.7562323209
1 585.079563249997 644.76897003605
1 590.493063250002 1090.39437163763
1 591.531337 595.444273767314
1 591.787249999999 834.121388704692
1 592.988105249997 886.704256543755
1 593.189251999998 856.704773547596
1 594.111973250001 620.377496420522
1 594.224296 628.798416886255
1 596.7735325 814.534693949084
1 597.579217999999 639.520258124001
1 598.6856 724.517202615402
1 599.283747249998 725.202073638642
1 599.538241249998 599.843354841171
1 600.138694249998 606.151444606292
1 601.258378499999 793.27234284921
1 601.635292250001 667.000184712608
1 602.801460249998 667.819286484959
1 602.916977 709.288698544187
1 604.751658249998 922.879442141001
1 604.786492249997 621.623418985733
1 605.053973000002 1041.00601776265
1 605.630766249999 606.102266475785
1 608.585953999998 678.38834859172
1 609.469833999999 609.833895369511
1 613.288322000001 1446.6526310976
1 613.478662249998 613.653345951443
1 614.832177250003 1059.76104054423
1 615.82957925 615.834967127996
1 616.213896999997 682.496499418075
1 617.105056250004 977.850057250565
1 617.401902499997 957.40362664008
1 617.456596249999 690.681849753686
1 618.225276250004 628.998717916583
1 618.270780499999 628.439012581342
1 618.36037325 1201.28992756562
1 620.009480000002 690.767702615788
1 620.180282249998 851.721513976811
1 621.448794500001 1309.48531165376
1 621.732188500001 636.577242359531
1 622.4718985 658.191535323464
1 622.568382500002 1244.84989687269
1 622.805778000001 688.905252565374
1 625.3328845 686.138417583524
1 626.624160999999 1129.01376167067
1 628.76293 1233.36295576444
1 630.049854249998 639.418663261546
1 632.172868999997 675.548007382956
1 638.402976249998 781.577336023684
1 639.231394250001 678.308725253774
1 640.356996500001 1432.0744237458
1 640.426693249998 668.51696261641
1 641.047561999999 747.736793633504
1 641.206051250001 643.209719987835
1 641.259249250001 1003.28080228251
1 641.6787725 1186.72869721003
1 643.144730000005 764.332014066886
1 643.595208999997 942.540164466635
1 645.330000249997 1731.82735890043
1 649.40959225 660.543864348771
1 655.731337250001 725.8081239868
1 656.370259250001 678.857188768004
1 657.554961999998 679.205913774373
1 658.705096999998 755.548355867818
1 660.618209 766.393929760852
1 662.8733845 684.423616362817
1 663.707631249999 1192.4369389991
1 664.818549249998 669.124605295047
1 665.00537 924.067408380365
1 665.037267249997 868.106004963632
1 666.309481 789.298163746539
1 666.412580500004 735.165700816026
1 667.301157 894.057315694651
1 667.933665249996 1690.08540562155
1 668.150893000001 697.161358136327
1 668.483860000001 677.360612993741
1 672.242365 743.132755763349
1 674.728453249997 734.644933966831
1 675.41902825 761.446514125732
1 675.422817250002 1144.71670557775
1 677.385220000002 679.816175449127
1 678.093481000005 719.119642690753
1 678.308308660004 750.625017507287
1 679.549980250003 1181.63014598413
1 679.742906000001 710.743041021276
1 680.43666925 737.992886906117
1 680.580930249999 739.0033257418
1 681.179033000002 710.304169105293
1 681.523925000001 956.31711616628
1 681.67523825 683.737223262483
1 681.987177249999 684.272985986957
1 682.185706249999 704.240603938037
1 683.311064409998 818.220362168927
1 684.15106825 929.98501317166
1 689.868481250002 807.412717688837
1 693.4318065 890.385926695197
1 694.264279250001 765.676957313493
1 694.330506000003 726.322544330309
1 694.661402500002 759.322779135789
1 695.254674249994 925.26675473705
1 696.971583250001 998.013085864385
1 697.343424999997 798.714785979896
1 699.012302499999 1035.34127284497
1 699.888198250001 944.840580338241
1 701.69207825 765.139937968812
1 701.999092250004 1048.12495088605
1 703.027662500001 1177.9256376697
1 704.425929999998 796.518301838965
1 705.123706249999 708.892377858251
1 706.932492249999 838.943262284744
1 707.093832250002 1310.60285919714
1 707.202216499998 1461.67325024789
1 707.414684500001 880.416570566746
1 707.926264999998 745.405490497918
1 708.368912 821.852441303269
1 710.356262500005 715.101076785266
1 711.122195249998 854.121916998256
1 711.2870945 712.016528437966
1 711.780318249998 732.43225299714
1 711.8905985 924.672168998834
1 714.637792250001 991.031266715475
1 715.298230249999 721.934595218083
1 715.336093000001 721.333929053523
1 716.281616499998 837.878659000173
1 717.593887250001 718.647363900322
1 725.778314500001 1301.04427149586
1 725.83741625 773.267200190325
1 726.379950499992 738.032116098275
1 727.7626325 853.653432247599
1 727.958770249999 1145.71464476498
1 730.170678249998 1088.83205605063
1 730.440236250001 991.325648066726
1 730.966644 761.497177979649
1 731.465356249999 732.503804199715
1 733.085799999998 1055.94663879584
1 734.474049999992 1128.57812740886
1 736.694874500003 819.540736520941
1 737.639524250004 918.948638246615
1 737.675584999998 806.944423611436
1 739.274341000001 744.449660379969
1 739.375460499999 759.225756214353
1 740.662328249999 766.208528447952
1 741.344313999993 1180.36590242377
1 741.530836999999 773.464784161669
1 741.833208999999 901.081602036223
1 745.05489125 773.911496509705
1 745.8872585 818.128988034604
1 747.883027249999 794.792139754045
1 748.38191225 760.741528909115
1 748.594407249998 782.5091231842
1 750.060966249997 762.553946859255
1 750.434306500002 771.99858262373
1 751.20072625 840.287611691052
1 751.247162010002 840.579434878866
1 752.347349 1352.72845221897
1 753.531932500001 788.661746551514
1 754.601920249998 755.261352753515
1 755.591250250001 784.832776562609
1 758.243868500002 801.377506146942
1 758.636534499999 760.275259952112
1 760.795690249998 807.962541507458
1 764.994431249999 1037.95791162602
1 768.4214525 777.44519472373
1 769.264093000001 774.988323770272
1 770.691673000002 772.27558866389
1 770.897415250002 1218.03419896745
1 772.0959805 808.791483110099
1 772.885065249999 922.083776844741
1 774.041368249998 804.026082025322
1 774.871032499997 831.826196271785
1 774.899468500001 1226.96118097191
1 778.567378250001 788.46529957434
1 783.19511525 1022.40461966183
1 785.6671825 830.927610548073
1 786.820746500002 1372.34532292214
1 786.99321725 871.043467894067
1 787.729939249998 787.945417587353
1 790.3416805 981.864547526994
1 793.789888999997 833.464793354939
1 794.705620249997 795.570542862518
1 795.190981250001 795.193557046705
1 796.338712249992 813.67100870029
1 796.416799999998 833.85360074265
1 796.942768499998 796.945558008426
1 797.478697250001 802.045611407334
1 799.198514000006 860.797527236394
1 800.532581000001 1452.05749411351
1 801.926559999999 971.616240136522
1 802.783201249999 843.376987136135
1 804.353849000001 850.87932653996
1 805.071963250002 816.124192076884
1 808.975770250005 832.903809109559
1 809.713470249996 819.338317714184
1 812.877106000001 873.442991136984
1 814.109091250007 924.389181989761
1 815.257892499998 959.768135224317
1 815.706990250001 844.878512301783
1 817.327012000007 962.005090639219
1 818.174050000001 839.150055911785
1 823.30967825 831.98865257033
1 828.039252499999 1513.17486863189
1 828.918308 833.483737453901
1 828.945944500003 1299.66087390844
1 833.110222499999 876.562333397678
1 833.165641250003 956.705040495706
1 841.237090250001 841.409427544633
1 843.441735250001 872.585117191208
1 848.214805249996 850.86879275634
1 849.050680250002 852.793482534437
1 849.130240250004 906.65725527904
1 853.166277000001 870.598357881773
1 858.18651925 911.022895269825
1 862.290400500002 1219.48551047415
1 865.517806250001 865.517935840079
1 869.909636249999 946.53268406637
1 871.830432499999 882.90984155112
1 878.510703250005 927.470056759567
1 879.757352500001 957.690555139575
1 884.062744999999 915.615861709962
1 884.141168500003 972.878158915479
1 885.480115249998 885.672207329792
1 886.6264985 982.531079956988
1 892.150579999997 1237.56819275041
1 892.175799250001 1120.54870014239
1 892.408876249996 1321.03334924063
1 893.854352500001 1034.11678628002
1 894.519706000002 917.488458939029
1 895.882194499999 932.985753892392
1 897.198526249999 930.991842014627
1 898.031054499998 925.150833229477
1 902.19805625 935.954058553262
1 903.037730499999 932.432763086808
1 906.73685425 908.746871494379
1 907.9209365 928.515969940021
1 912.592602499999 937.011302728422
1 914.965182499994 1293.18207809325
1 915.054037249998 1172.39013044195
1 920.334038500001 923.474276099213
1 922.323710499998 973.531765821672
1 922.8145825 1021.69667531114
1 923.74696125 1111.44544712932
1 931.141536500001 1009.87996169844
1 931.56692225 980.163917074373
1 931.702378000001 1481.24803619177
1 935.496290000005 1094.9759422364
1 943.762552249997 1285.14492837195
1 945.473934499999 954.294810635476
1 948.606136999999 1262.07580559146
1 953.33886125 1050.96264146687
1 956.167695249997 974.794050400717
1 958.535071250001 963.123585226267
1 966.108420000003 1610.59641523465
1 968.459157250002 1652.69311141499
1 975.634970500002 982.531570332994
1 975.911316250002 976.8976424167
1 977.365408499998 1064.89303313672
1 978.121991250002 1015.1036515393
1 979.843635250001 1022.54454088358
1 986.310156250002 1067.85109730376
1 991.325500249996 1341.79773811018
1 996.32486225 1061.76497056049
1 997.679080249998 1000.88805806671
1 997.72520725 1010.7711479553
1 999.208894499995 1006.06085094523
1 1000.13778225 1005.13197380599
1 1000.3787225 1018.09493921831
1 1000.59729425 1086.50633232043
1 1001.898217 1008.94584511418
1 1003.75551025 1096.42353536038
1 1008.13885 1188.71444983948
1 1022.876593 1031.59833362074
1 1048.7595105 1075.94431375972
1 1049.2238065 1246.77035733125
1 1050.902009 1053.9741950641
1 1060.0361845 1093.91594762479
1 1061.7023045 1129.55905955713
1 1062.3567445 1062.5775768221
1 1076.973769 1146.41635111775
1 1092.7518125 1092.7635613585
1 1094.39705125 1199.6580041388
1 1095.993333 1231.1317940658
1 1107.31673125 1395.09216550807
1 1111.30429624999 1112.79137183433
1 1123.5325725 1125.14836756742
1 1126.9255045 1143.90378032744
1 1153.4287805 1218.1821619273
1 1155.63018125 1423.90398808006
1 1158.533818 1158.61823551947
1 1173.36852925 1360.24218486348
1 1177.4594725 1208.42359266862
1 1184.8975745 1210.72092759661
1 1198.07666 1199.53675405443
1 1227.34260625 1247.12543130206
1 1228.21083125 1251.60229834327
1 1232.13341 1239.15497536699
1 1259.64382825001 1268.6260143048
1 1281.5453025 1406.35872334037
1 1283.5719625 1294.14303601663
1 1300.41972624999 1300.42428089715
1 1331.50361125 1528.06596405749
1 1340.72281125 1341.056031724
1 1346.8104 1351.45447169025
1 1361.05345125 1365.4000433798
1 1364.46166600001 1428.34387574079
1 1364.79721625 1424.08787571788
1 1367.78150525001 1453.02073697967
1 1381.96956125 1455.06816726193
1 1391.9509585 1400.65374979971
1 1496.00825525 1593.86349262458
1 1517.639945 1599.04116946768
1 1624.62192625 1647.6598271389
1 1901.01928400001 1904.58865825882
