0 0 Inf
0 0 359.203849000001
0 0 280.773213249997
0 0 309.377058499997
0 0 782.6091985
0 0 318.272525000001
0 0 265.377297250001
0 0 328.3760845
0 0 349.218672499997
0 0 195.71184025
0 0 306.544536499998
0 0 200.27432725
0 0 144.741636999999
0 0 414.49554
0 0 315.796422250001
0 0 305.025123250003
0 0 359.394025999999
0 0 518.119101250001
0 0 301.424548499999
0 0 388.172415999998
0 0 275.0420465
0 0 195.43307625
0 0 255.989808500001
0 0 465.29844425
0 0 317.414332250002
0 0 254.513432500002
0 0 192.740042499999
0 0 312.928027249998
0 0 230.432310250001
0 0 400.626249999999
0 0 114.664036
0 0 192.943102500001
0 0 164.99790225
0 0 459.527331249996
0 0 471.161896
0 0 233.1236405
0 0 608.579889999998
0 0 105.69522025
0 0 453.330632000001
0 0 263.035573249998
0 0 331.85770225
0 0 60.3485262500005
0 0 304.35742025
0 0 251.851984
0 0 284.3481085
0 0 369.701635250003
0 0 434.903511250001
0 0 430.374013000001
0 0 459.521678249998
0 0 203.3316625
0 0 390.577249000001
0 0 308.111412499998
0 0 383.24032
0 0 312.302725249999
0 0 366.834777249999
0 0 171.830134250001
0 0 215.475256250002
0 0 190.555206249997
0 0 254.280044499999
0 0 112.842272
0 0 56.4212404999997
0 0 93.7470942499999
0 0 228.980577999999
0 0 392.51207725
0 0 150.18020225
0 0 300.036288500001
0 0 106.08072425
0 0 346.628876499998
0 0 575.184241
0 0 133.628170000001
0 0 357.939588500002
0 0 411.601857999999
0 0 346.597711999999
0 0 317.487902500001
0 0 138.292510499998
0 0 39.7654962500002
0 0 175.127731250001
0 0 237.466439999999
0 0 338.93472125
0 0 167.121492249999
0 0 274.217644999999
0 0 357.254968249999
0 0 304.502427250002
0 0 253.54524625
0 0 349.803541249999
0 0 224.812734249999
0 0 203.955886249999
0 0 409.031312499999
0 0 139.466749
0 0 244.515054499999
0 0 174.086180500001
0 0 343.02886025
0 0 470.58728825
0 0 325.215676999999
0 0 338.382380249999
0 0 116.3502425
0 0 135.334100250001
0 0 216.296461249999
0 0 234.473074000001
0 0 269.5900525
0 0 287.060424500001
0 0 224.3122625
0 0 265.334599999999
0 0 318.774210250001
0 0 539.254056999997
0 0 127.358518500001
0 0 136.446785000001
0 0 360.478231250001
0 0 144.332516
0 0 84.9905799999983
0 0 288.283634
0 0 305.396437
0 0 309.735936250002
0 0 288.940434249999
0 0 488.633278249998
0 0 80.7737522500003
0 0 197.836185999999
0 0 302.100276250001
0 0 455.203315249999
0 0 459.284000499998
0 0 238.504519249999
0 0 49.8550562500002
0 0 91.1606472499996
0 0 155.021906249999
0 0 154.426724000001
0 0 286.77778425
0 0 483.438618
0 0 250.364520250001
0 0 171.456041249999
0 0 393.189288250001
0 0 295.490526249999
0 0 137.892030249999
0 0 108.679430249999
0 0 235.937376249998
0 0 90.4265799999983
0 0 286.776706
0 0 214.935858249999
0 0 266.782933250001
0 0 501.691683249999
0 0 446.542030250001
0 0 439.137651250003
0 0 291.738078500001
0 0 245.66135625
0 0 523.951002250001
0 0 483.575505249997
0 0 114.379109
0 0 150.492621250001
0 0 161.276088999999
0 0 272.97211525
0 0 385.98833825
0 0 200.20763025
0 0 77.5372052499998
0 0 243.921410000001
0 0 151.550965000001
0 0 439.191513
0 0 276.355404250001
0 0 178.081018000002
0 0 332.074401250001
0 0 245.402359249999
0 0 66.8595362499996
0 0 48.3187645000001
0 0 147.797154249999
0 0 238.204492249999
0 0 217.727482250002
0 0 424.744813
0 0 288.635762499999
0 0 162.652723250001
0 0 417.418656499999
0 0 130.772392
0 0 625.578325249999
0 0 201.270216250002
0 0 346.54798125
0 0 159.07869925
0 0 337.053360250001
0 0 273.375907249999
0 0 114.321541
0 0 320.966536249999
0 0 333.907061
0 0 622.486154250001
0 0 150.627005000001
0 0 190.263346249999
0 0 114.44259325
0 0 228.05193725
0 0 467.240766250002
0 0 210.022894250001
0 0 208.78439125
0 0 340.707161000001
0 0 85.9049045000003
0 0 181.338990500001
0 0 528.7067165
0 0 154.112878249999
0 0 190.2753905
0 0 408.795397
0 0 103.669656250002
0 0 211.6485605
0 0 173.56989325
0 0 370.722397250002
0 0 223.480072
0 0 347.246976499999
0 0 188.355163250001
0 0 381.827724999999
0 0 82.0765982499984
0 0 306.54229525
0 0 176.878786500001
0 0 182.947009249999
0 0 468.3048805
0 0 287.791645000001
0 0 159.847649999999
0 0 435.696276249997
0 0 358.244996
0 0 221.181527249999
0 0 489.628541250001
0 0 432.145486249997
0 0 423.730279249998
0 0 147.142838250001
0 0 170.529878500001
0 0 76.8574599999993
0 0 94.6082045000001
0 0 353.806260999999
0 0 74.0963525000005
0 0 168.90067625
0 0 280.899352249999
0 0 291.65050625
0 0 115.02727625
0 0 158.693454250001
0 0 152.0858105
0 0 397.628865249998
0 0 193.81705825
0 0 114.854826250001
0 0 269.57400425
0 0 382.601332249998
0 0 321.227571249999
0 0 134.97958325
0 0 297.24553225
0 0 245.890812499999
0 0 152.558452250002
0 0 158.396277250002
0 0 105.687425000001
0 0 714.73179125
0 0 511.152000999998
0 0 226.551533000001
0 0 279.429704499998
0 0 369.734299250002
0 0 354.492754250001
0 0 326.604100000001
0 0 639.424258249998
0 0 384.34923925
0 0 100.5429625
0 0 276.35448425
0 0 381.421576999999
0 0 274.195002249997
0 0 234.96119725
0 0 439.661949249997
0 0 363.75155725
0 0 358.464705250001
0 0 84.8597165000025
0 0 457.837141249999
0 0 459.082500999999
0 0 368.470593250003
0 0 43.4536249999998
0 0 141.346318499998
0 0 169.965156250001
0 0 351.201685250002
0 0 157.084206500001
0 0 148.26025525
0 0 347.7682
0 0 430.55809425
0 0 175.309546
0 0 100.472996500001
0 0 348.341225000002
0 0 327.522441250001
0 0 266.459901249998
0 0 228.721138000001
0 0 493.162121250001
0 0 183.88406425
0 0 275.8265485
0 0 208.582675250001
0 0 308.016234499997
0 0 323.134474000003
0 0 163.368497000001
0 0 434.5642925
0 0 171.242128999997
0 0 234.967259250001
0 0 84.6910502499998
0 0 305.203664
0 0 611.893324999998
0 0 368.779954249999
0 0 288.530852
0 0 241.28729125
0 0 272.119617249998
0 0 260.6184765
0 0 234.621034
0 0 433.914733249999
0 0 253.211636000001
0 0 256.37610125
0 0 268.269192999999
0 0 213.3367405
0 0 373.092765250001
0 0 334.251698499998
0 0 151.02929925
0 0 151.8598645
0 0 407.520193000001
0 0 684.771895249999
0 0 201.675529249999
0 0 441.258474500002
0 0 140.5425785
0 0 315.70228225
0 0 213.36704225
0 0 324.77708125
0 0 468.51974525
0 0 196.90255325
0 0 622.592349249995
0 0 443.497401250002
0 0 465.04400725
0 0 335.239369999999
0 0 496.022305250003
0 0 149.350698500001
0 0 510.534732499999
0 0 416.053690249998
0 0 832.964766250001
0 0 397.390454499998
0 0 598.554802249997
0 0 277.458228000002
0 0 354.717169999999
0 0 162.743826250001
0 0 326.93206325
0 0 235.62000125
0 0 187.121513
0 0 196.433416250001
0 0 296.733637249999
0 0 408.440074499999
0 0 123.026132
0 0 358.30733525
0 0 278.841161000002
0 0 385.809144499999
0 0 460.176201250001
0 0 322.88283725
0 0 539.877032500001
0 0 148.64401625
0 0 314.863446250001
0 0 436.1171625
0 0 328.124886499998
0 0 400.492305999998
0 0 293.404322000001
0 0 650.700976249999
0 0 178.669201
0 0 216.830868250002
0 0 347.40969125
0 0 434.190057250001
0 0 159.729004249999
0 0 706.137480250002
0 0 175.23133
0 0 72.3063712499995
0 0 291.469182499999
0 0 239.149172
0 0 307.289892999996
0 0 102.25738
0 0 536.316589249999
0 0 59.0573002500002
0 0 171.542754499999
0 0 180.569202499999
0 0 371.057212249997
0 0 87.8209802500011
0 0 295.458740999999
0 0 253.522294250001
0 0 58.2665624999994
0 0 410.206212000001
0 0 138.3103345
0 0 217.487131250001
0 0 257.74236625
0 0 115.004886500001
0 0 155.229537249999
0 0 578.793496500001
0 0 303.36017625
0 0 521.100724
0 0 182.94798125
0 0 168.94093625
0 0 519.772057999999
0 0 273.143145249999
0 0 118.6695865
0 0 86.3006764999986
0 0 42.3942432500002
0 0 269.95063925
0 0 513.312643999998
0 0 269.6397665
0 0 609.6867125
0 0 211.922766499998
0 0 387.860940999997
0 0 106.421285
0 0 513.770623999999
0 0 429.390468249999
0 0 145.88967625
0 0 523.136593000002
0 0 536.482281999999
0 0 489.3124925
0 0 294.603810249999
0 0 789.010660999999
0 0 348.874698250001
0 0 370.191942499999
0 0 384.91690925
1 97.6194245 104.701985038635
1 100.072174250001 119.634366752749
1 151.032366250001 185.319961809185
1 172.3673185 218.977489766424
1 176.008925 324.692002304821
1 187.859997249999 231.623553614664
1 187.98514625 224.303645164038
1 190.901177 252.785624661322
1 196.496227249999 223.174868676915
1 202.374397 251.437853271451
1 205.936006250002 254.86500627821
1 206.9965105 232.921019491475
1 229.173651250001 237.072403900975
1 234.714432999999 285.292750031832
1 237.6637885 241.242255772042
1 241.038708249997 254.982525807209
1 241.463268249999 280.249865723304
1 247.070286250002 274.106632529996
1 248.04477 255.613518463201
1 249.912146249998 262.317885682687
1 254.13968725 263.08840604169
1 256.351348249997 257.155543845981
1 257.655363999998 260.553670819363
1 258.7533125 290.339568196658
1 259.95845 265.267733262682
1 261.16115625 269.030146475782
1 265.437436500001 665.937472010612
1 267.55554125 277.196192617022
1 268.710917 353.142616079106
1 269.813449249999 322.289754267824
1 271.3077305 288.946684962814
1 272.464444249999 301.019898764039
1 273.750022249999 357.505292697528
1 274.174981249999 275.377437988513
1 274.480404249999 283.167574862584
1 275.205534499999 315.062889409205
1 275.900362000001 307.788081725014
1 277.36856825 289.819377641271
1 278.9272225 331.844535420434
1 281.999866 320.440898003063
1 289.104881 303.480517521415
1 291.848916249999 294.360226180012
1 294.629958249998 448.118274699209
1 296.774288 297.758988444673
1 296.858632249999 437.814485254357
1 299.078608000002 336.714278271167
1 300.13671425 339.59050934964
1 301.066872250001 306.692349166128
1 301.772882249999 432.472784807437
1 307.178802500001 370.706047633647
1 308.934399250001 315.604946472084
1 310.395570499999 457.221077615116
1 313.61931925 315.586172352596
1 315.120432249997 364.826926429362
1 316.631102499999 327.522642681072
1 317.881622499999 517.401756394573
1 319.257513249998 450.782210766431
1 319.97759625 403.26100098415
1 320.02149325 386.448279057712
1 320.379196250003 360.621655151004
1 323.330978 590.829210823847
1 323.733971249999 325.994532288542
1 324.71716925 324.755470687338
1 328.628381 328.628400427116
1 328.88394925 330.308010098737
1 329.89419125 356.612938500314
1 332.481747249999 350.993732976373
1 334.0309865 390.893437104642
1 334.89768825 358.215502788778
1 335.437590500001 422.842680075744
1 336.796645249997 337.697420719535
1 337.770945999999 524.859082478973
1 339.083105000001 405.394509301152
1 339.995988249998 404.207246834258
1 340.252473249999 366.986054718852
1 344.75702425 345.505477386998
1 345.685101249999 405.949712137024
1 348.300417999999 379.431404965802
1 349.98401425 352.276619266257
1 350.821927249999 370.454016951845
1 354.651436249999 379.306162348413
1 354.867087249998 728.160510248698
1 354.878849 363.190525062676
1 356.290161999997 601.064676640164
1 356.774263249999 619.941168954782
1 358.35060125 487.097155798614
1 362.12908625 421.851327948647
1 363.844861249997 411.718578698299
1 364.444358499999 1145.38941098075
1 365.27040625 1090.26330631306
1 366.629763999999 404.717840988307
1 369.9615385 424.310066638241
1 370.780922499995 373.362074379787
1 370.8844985 443.605394672944
1 371.230674250001 730.450724108647
1 373.627804999999 399.902165120114
1 373.6864765 374.990324877378
1 374.02483625 683.54399016475
1 375.766650250001 387.562056046859
1 376.71107725 430.935378039842
1 377.469782500003 410.724184463232
1 378.357922000002 413.845958895048
1 381.72917225 408.128745626593
1 383.789916249999 385.032581354355
1 384.005902499998 534.414597424905
1 384.02561125 421.823549231095
1 385.774717250001 844.273885265948
1 386.892813250001 436.940505670986
1 386.907248499999 478.256393092963
1 387.387244250001 397.462429518629
1 388.54914125 1086.79557749426
1 388.679988250004 488.153721284329
1 391.150906249999 794.711218399025
1 392.304973250001 665.567754214869
1 395.593308500001 532.835905454594
1 395.634376999999 593.924350746067
1 395.805962499998 969.069266829457
1 397.216642 398.476982703604
1 399.131821250001 970.184635559758
1 400.427021249999 745.812825504759
1 400.4366525 462.330833504404
1 403.755029 484.209344409349
1 404.128110499999 737.613040236946
1 405.851777999999 422.815356114036
1 406.693728499999 660.6914268146
1 410.43114725 887.588650059167
1 411.750590499999 623.263836834155
1 412.214445249999 517.575707915419
1 415.988208500002 690.896598676325
1 416.182044999999 771.913869476875
1 416.605804250001 419.164145041912
1 416.753178249999 713.739081262123
1 417.480833249998 479.135620270527
1 417.89137325 447.83368084531
1 418.46968925 501.981642063575
1 419.783553250001 714.296198929712
1 422.445816500002 638.460112637387
1 425.155290249997 453.458341254825
1 425.913730250001 519.060534562499
1 427.17661 554.396203205295
1 428.134266250001 433.190041998205
1 432.9847325 579.908546612045
1 433.310116999999 433.472443702776
1 435.008456500002 550.54874764914
1 435.043050500001 498.890543098705
1 435.3562665 443.640107607934
1 436.125477250004 600.512249131383
1 437.487080000002 620.227652565656
1 441.212650000001 450.238959638828
1 441.347849999999 453.664566710485
1 442.131217 448.009319819939
1 442.319887999999 731.530793986515
1 445.730866249999 449.071558724369
1 446.09079325 563.149289247278
1 447.688580000003 667.25411908364
1 448.172189 624.773959137429
1 448.303956250001 711.815044749104
1 449.024610249999 945.517725101449
1 449.252412500001 466.077032675609
1 453.590432999997 642.752807041733
1 454.613931250001 564.112957096077
1 454.941192249999 525.121499363605
1 455.305248000003 527.29310430522
1 456.622937000001 517.470825117737
1 459.34772225 1257.72707771039
1 459.41528125 567.621331832329
1 461.075731999999 541.043336642938
1 461.46964725 467.51641317499
1 461.687073999999 589.814630605879
1 461.955134249998 1151.5781757241
1 462.109853000002 564.608650143056
1 463.227560499997 510.997717593473
1 463.407400000002 742.827911796912
1 467.50931125 614.57628215994
1 468.035011250001 468.089916779471
1 468.0402745 468.268701821696
1 469.1940565 558.48433188116
1 469.521883249998 504.144977956124
1 471.18357625 620.074528682715
1 471.728035999999 474.116260200758
1 471.9333785 539.772477714661
1 472.0201 812.812815423601
1 472.134013000002 702.371889543965
1 472.830869249999 504.162792562681
1 473.81752125 877.154369857976
1 475.880181250001 720.722412131732
1 479.030721250001 479.645988372225
1 483.31191325 646.017023468642
1 483.530055999999 497.487085205755
1 484.29424325 1119.03296413134
1 486.841084249999 666.521417400201
1 487.318542499998 682.736668379565
1 488.109456500002 1626.81091897127
1 488.35256125 511.585017580346
1 488.45047325 497.348942789903
1 489.798960249995 1193.8594825707
1 492.044312499999 886.334178610657
1 492.941971999999 576.908348078451
1 495.924531249996 502.507569013238
1 496.212573250001 708.558835594897
1 497.2827925 500.606956673694
1 497.594105 516.878719326551
1 497.677550499999 800.461958926296
1 500.9123545 639.348365047924
1 503.793473 509.666874070754
1 509.176470499998 676.468355262867
1 511.150651250003 628.299171741537
1 511.990872500003 540.966475788409
1 513.658629250001 517.107762131421
1 514.42783925 1276.89502867765
1 514.45818625 587.783391368047
1 515.099600000002 605.934208237041
1 516.668371250001 647.358295711332
1 517.222111249998 593.921794075627
1 518.67230125 523.079535198036
1 518.944969 594.854230897723
1 520.161170000001 522.795380969935
1 520.264860250003 562.969235583685
1 520.813591250001 1014.99288212509
1 522.608938000001 876.070668280679
1 523.043196999997 546.533249061512
1 523.70105 602.660600722005
1 524.837146250003 767.531422138263
1 525.313169999999 572.919859430109
1 526.288779249998 940.674910337638
1 526.619376999999 613.121653412245
1 526.702183250001 557.627752844501
1 526.702212499998 539.059956711665
1 529.286221 971.479164502003
1 530.847404500003 559.000353221734
1 531.305959999997 595.217866708326
1 533.013606250001 571.412511711902
1 533.361039999997 533.965665469027
1 533.542490000001 1486.1119138834
1 534.017426000001 674.336562287035
1 534.248289999999 1296.53357088422
1 535.51075525 922.939747297356
1 535.992674000001 560.529073745099
1 536.739183249999 587.941233768275
1 536.944981250001 557.95864441165
1 537.068982500003 636.071862022646
1 537.81801125 568.176319340159
1 538.761301250002 878.133218779308
1 539.520639999999 589.604220851226
1 541.458775249999 760.050672327901
1 545.530092500002 1680.01429444871
1 545.627964499998 597.830468472828
1 546.452047250007 889.719553706379
1 546.797790499997 595.900025984949
1 547.094378499999 550.292315916231
1 548.352352250003 556.354711248502
1 548.560800000002 664.228589097532
1 549.29020525 655.885829311387
1 550.498349000001 660.682357391848
1 551.422537250001 1044.24370794436
1 551.774427249999 1321.13613357307
1 552.129936500004 564.151723246531
1 553.084480249999 612.672366228527
1 556.742016499999 960.084457501074
1 558.408346000001 577.966714115323
1 559.553730249999 567.275164506749
1 559.963892500001 578.274421267217
1 560.407126499998 580.734019596965
1 561.363497999999 600.846004468284
1 561.431192500001 586.39133884041
1 562.527981250002 1193.70800616995
1 566.950085000003 587.77924754914
1 569.09061625 591.161488751907
1 569.3488025 736.551804773935
1 569.601031249999 795.353268846691
1 572.699962249996 623.119355203293
1 572.860826000002 596.845856670512
1 572.883730250002 574.445176830175
1 573.518250000004 593.682212053307
1 573.679500250001 625.446809360102
1 574.899553000001 620.24393699031
1 576.530081000001 585.465934078679
1 578.911531249998 902.726338859184
1 579.023053250002 975.731444151646
1 580.091492499997 1104.88838246304
1 580.868680999996 768.65893448081
1 580.991450000003 627.37735216436
1 582.952565000001 793.72454294949
1 583.83498625 771.870120796114
1 584.864080250005 696.249190709671
1 586.432229000003 593.877100586699
1 588.913159249999 628.093444884981
1 589.711332500002 648.501387511846
1 589.819646250003 676.442283255844
1 590.1797105 632.321990105879
1 596.074265000002 1038.62365518329
1 597.649416500002 621.822402267191
1 598.039731999997 600.686033246855
1 598.542806500002 713.823662489966
1 602.502406250001 732.718699583795
1 602.603165250006 625.795531842611
1 602.736928249999 623.753087956904
1 604.049917249998 1266.31068354254
1 605.383506250001 963.695701730809
1 605.720482249999 684.030306253933
1 606.957508249999 606.957518306947
1 608.319497250003 962.570198927477
1 609.742455250001 609.745346946594
1 612.033962000001 1078.00253435215
1 614.363886500003 1346.04099556573
1 616.443212249999 842.610606463043
1 616.848969999994 1487.83272456101
1 620.283874500001 1342.74182550244
1 622.431393250002 953.670028201726
1 623.025873000001 1152.28122335872
1 625.010731249999 729.764134574972
1 625.315590250001 817.916241162889
1 628.326728 718.655640436925
1 628.425390500002 667.03609575608
1 630.71487925 719.449276389915
1 631.348328 1260.43973785698
1 632.66932625 672.643311378561
1 632.79190925 686.084203870883
1 634.327680999997 793.801232235696
1 635.068309 661.193633303215
1 635.8084745 740.127583642246
1 637.864416250001 713.685393378641
1 639.218225 644.152198847863
1 639.6093665 1042.43505360946
1 639.855589000002 671.361653757255
1 642.362086250003 769.648861568781
1 643.006972249998 644.372367957327
1 643.37244025 645.886892226643
1 643.633832500002 715.418371177003
1 644.246492499999 661.145128058491
1 644.362888000001 689.190060081421
1 648.84550025 713.849386529213
1 650.945417 1322.53470802437
1 651.373281250001 776.588577645129
1 652.0270725 1417.92309258774
1 652.738281250002 1118.63074555657
1 653.590681000005 675.698603977248
1 655.274185249997 659.293164385358
1 655.710868250001 677.446852581299
1 655.871593 677.787364487161
1 658.452370250004 814.041951087851
1 658.873881250002 707.506115477807
1 660.985062250001 1186.21499698546
1 660.996269000004 668.165222476895
1 661.686001250004 672.952542787231
1 662.050657000001 728.646223605394
1 662.52024125 682.102168791769
1 662.618242249999 1451.66115759706
1 665.955368999997 691.387143674645
1 666.268576250004 744.25316818039
1 666.829484999998 670.114559546208
1 674.031362500002 678.391469987869
1 674.185854499999 702.739238387932
1 674.233071249998 853.661420460255
1 675.073492 688.963596342981
1 676.50730625 684.38575899318
1 680.440092999999 1015.36013989202
1 680.505160250001 680.762024455244
1 681.274984000003 682.24401112936
1 682.146126500004 876.953560083493
1 682.214369 992.837015736758
1 682.867419249998 682.869255846026
1 683.55806825 687.763214245744
1 686.281466000001 793.68096127372
1 686.558924999999 692.611173148181
1 687.682110249999 940.470765125695
1 689.626418000005 691.634924057858
1 691.467265000001 750.199964546644
1 692.22495625 724.622307458411
1 692.476024999999 1608.57295979574
1 697.48352125 923.120432321369
1 701.702404 864.706823553172
1 707.09409125 1257.31878324389
1 709.099288249998 709.40842202698
1 709.812810249993 821.652216889124
1 711.01274425 727.273858859457
1 712.546225000001 903.200019116604
1 714.50480525 799.208365769207
1 714.607354250005 721.232376843334
1 715.385765 716.573602151471
1 716.182261000001 735.603096199518
1 716.292027250001 909.40607484567
1 716.47786325 1029.45182046659
1 718.81135625 747.775973305267
1 719.368744249999 753.048816968961
1 720.750410499999 723.902514110725
1 721.646470250001 746.075106054437
1 723.868202499998 784.868568431016
1 724.056684499999 941.78933698969
1 726.356604249999 1086.35356180578
1 727.613625250002 770.388280463268
1 729.3879865 729.404762173031
1 729.804251250001 758.642711153266
1 731.194341249999 799.498097957295
1 732.6877045 767.366861945228
1 735.717540999999 749.654479500362
1 737.51374825 737.518543509424
1 737.715582250002 739.07606241367
1 738.124561249999 738.167939863464
1 739.981395250001 752.475186045031
1 741.681074249999 786.859618210243
1 742.991931250001 771.881767205763
1 743.701395999998 754.620367391707
1 743.721576999999 784.351614537222
1 744.997116250001 754.549127293927
1 746.52811925 835.960173844495
1 747.307012249998 837.136976462493
1 748.564744999998 751.637179654555
1 749.58990725 898.681672679353
1 751.067926250004 1064.09677639439
1 751.327625250002 888.718670018474
1 753.414691249996 806.27434705478
1 755.8950445 862.793122831346
1 757.849808499997 797.903769370742
1 758.654193250001 1063.98548194315
1 761.159380999996 782.04696961086
1 766.219396500001 766.373894470178
1 768.061346 773.376451216075
1 768.2658125 783.647033424063
1 768.718281249999 813.948351529314
1 770.464026250001 794.745197429616
1 770.923577000001 1020.98494357028
1 774.178489999998 1339.80008060244
1 775.499969250002 846.507581203168
1 778.455876499999 1040.80777715318
1 787.384480249999 788.300600603033
1 789.57674325 1134.19953740303
1 792.6174005 988.74868893066
1 793.133695249998 837.736020254209
1 796.53675425 800.450222869929
1 796.636889 873.14819614104
1 799.860863250005 1271.54570903165
1 802.5933625 984.463662684037
1 804.447014500002 1186.33456010847
1 809.009334250004 991.193159829665
1 817.217767999998 836.216244453817
1 818.991011250001 825.543467264337
1 819.165759249997 864.806219875604
1 823.236793 880.370981814739
1 825.454681249998 829.84770524189
1 827.882016249999 1419.25170866301
1 828.985358499999 916.021738145766
1 829.1831725 844.076645230293
1 829.312292499994 924.658672278122
1 830.962288250004 872.163482676773
1 832.133745249998 1044.10749014231
1 832.318628500003 842.128018604954
1 832.972923249999 832.976440499533
1 833.668793 866.640280553534
1 834.880976500003 835.588618348319
1 836.554095250001 850.32553277745
1 836.735725249999 1649.06207296957
1 837.89132225 838.563464224005
1 838.338234499997 839.007485873332
1 839.314854250001 839.570100974259
1 840.299772249997 894.447538065852
1 842.378683249997 1102.91915569698
1 842.731399999997 857.584518236844
1 846.028957249995 848.290992949211
1 852.793300000004 854.054097907979
1 856.460226250002 862.446588472051
1 857.401551250003 858.8437254359
1 858.787843999998 875.172906377121
1 861.264092249998 895.271580917032
1 871.707674000001 1517.37891810103
1 874.901293250002 894.103987105812
1 875.4102785 1026.2575859676
1 876.85754425 892.576614788082
1 877.501128499997 877.530587492242
1 879.861362500002 1200.3640678458
1 882.445542250002 939.260951051515
1 883.272126499999 883.503702887061
1 911.688418249999 1160.9280036524
1 911.721529 939.810263019711
1 914.728164499991 973.106303289602
1 922.40583125 1221.57462249367
1 922.510326249998 969.219704030317
1 922.850601250002 926.544736032496
1 924.136362500003 936.545549477933
1 929.597656249998 999.09544169695
1 935.364147249999 1036.35557973201
1 935.791005249999 1041.29512552801
1 936.295717250002 942.452120014604
1 939.219523250002 939.251937935088
1 941.153688499996 945.355626277128
1 941.248838500001 970.232952785584
1 943.7478185 945.668268797354
1 943.775417000004 946.013511056994
1 950.167013000006 956.721120861537
1 950.257394000001 1072.09709996359
1 951.898148500002 963.858596368856
1 952.468881250001 1174.89873103648
1 953.787457250001 960.380093424891
1 954.408531249998 961.714877283159
1 955.285159999997 955.484057118368
1 957.786249999999 1005.68622314686
1 959.704850000001 959.926984769878
1 960.543892249997 1041.98973138227
1 961.554031249998 1074.64591539143
1 961.821868999997 973.050421711891
1 968.253761249999 1163.93009565774
1 970.784354000001 1014.50332836748
1 977.764364999999 1005.68855249579
1 979.761636500002 990.15105441103
1 981.360760500005 1023.74406452422
1 985.985785000003 1074.91013803765
1 987.274138500001 1002.76473708728
1 989.416263999996 1267.34733278962
1 991.33724025 992.169611741805
1 993.328681250005 1001.93477517315
1 1003.99893025 1013.39307606021
1 1004.10736725 1298.22292195106
1 1016.41554725 1176.93389393905
1 1018.71203649999 1041.74373183795
1 1019.9593625 1020.89360656533
1 1020.36585625 1026.55615805943
1 1024.99409225 1025.3812194004
1 1029.11927625 1227.71960635077
1 1038.984797 1095.06525532086
1 1042.2183125 1051.90605094588
1 1045.3029725 1093.03511120267
1 1050.02681625 1096.28573509934
1 1061.70428425 1086.82670132603
1 1064.1571625 1225.31331812752
1 1066.7248285 1073.78173235239
1 1067.52524125 1069.50231945119
1 1069.7458225 1093.58557486521
1 1086.71670025 1090.99641898693
1 1093.62123125 1162.95974511062
1 1101.14917625 1110.36198756998
1 1101.1619365 1111.77926027284
1 1101.9785165 1232.79937422175
1 1125.38716225 1132.05707523502
1 1142.86816625001 1267.03659508868
1 1169.0424485 1356.46635215033
1 1183.01267125 1207.6454947933
1 1186.919613 1268.26077501042
1 1200.548673 1216.38387421502
1 1210.8024745 1339.30153926005
1 1214.445341 1278.47062427811
1 1227.20826125 1262.17473312367
1 1237.819193 1611.18940727621
1 1243.09727524999 1248.39985770773
1 1250.8012885 1596.79621898376
1 1270.55332 1377.62522142078
1 1280.1732785 1298.84456405472
1 1307.95092025 1328.85338853178
1 1315.59066725 1372.12692727443
1 1319.31919225 1364.84649820663
1 1393.70716324999 1393.73055858355
1 1437.4163725 1439.56204197914
1 1590.20835125 1663.63743438393
1 1616.684489 1696.76012647858
