0 0 Inf
0 0 565.738644250002
0 0 446.967674000001
0 0 218.115912250002
0 0 449.889572499998
0 0 370.51143925
0 0 575.218504999996
0 0 343.089668
0 0 125.936946249999
0 0 590.583681999997
0 0 280.082706250001
0 0 368.26985
0 0 388.378434249999
0 0 410.609680000001
0 0 134.7185565
0 0 442.624950250003
0 0 332.5252005
0 0 408.264258250003
0 0 539.930055999999
0 0 558.8143985
0 0 539.544845250002
0 0 516.835248249999
0 0 455.308128250003
0 0 431.445762500001
0 0 533.134314499999
0 0 334.2099125
0 0 363.914752499999
0 0 471.948868249996
0 0 516.31614425
0 0 364.0952345
0 0 420.024745999999
0 0 409.265219249999
0 0 298.153037250001
0 0 498.210952499997
0 0 477.549546499999
0 0 420.604455999998
0 0 333.278389
0 0 423.762846250001
0 0 511.109804500003
0 0 527.318208499999
0 0 601.60629125
0 0 317.447718249999
0 0 202.254383249999
0 0 228.047653249999
0 0 479.864488500002
0 0 260.185012250001
0 0 143.004696249999
0 0 278.474528250003
0 0 237.379248999999
0 0 332.397255250004
0 0 304.4082305
0 0 111.348872500001
0 0 367.702725249998
0 0 532.372132000001
0 0 333.073541249998
0 0 426.179712499999
0 0 271.073221249999
0 0 345.530289249999
0 0 139.098919999999
0 0 437.681374250003
0 0 301.41453625
0 0 97.4148142500002
0 0 406.147784499997
0 0 658.627977249998
0 0 226.017620000003
0 0 265.24744625
0 0 244.213442500001
0 0 482.142147250001
0 0 482.331769999999
0 0 602.155476250001
0 0 324.0541125
0 0 378.61110225
0 0 482.930216000003
0 0 359.966550250001
0 0 409.26268825
0 0 669.0008645
0 0 269.167930250001
0 0 477.1573205
0 0 298.574490249999
0 0 373.17870925
0 0 719.259152000001
0 0 281.563748499999
0 0 468.014216000002
0 0 358.126534250002
0 0 223.937911249998
0 0 472.600368500001
0 0 594.990342249999
0 0 271.526209250001
0 0 265.32783925
0 0 327.493585249998
0 0 200.24208425
0 0 607.946786500001
0 0 121.09068625
0 0 339.03980225
0 0 175.621887249999
0 0 368.734746250003
0 0 570.654560500001
0 0 255.3381805
0 0 221.329969999999
0 0 663.742807250002
0 0 163.051362499999
0 0 472.6693025
0 0 218.245720499999
0 0 472.348795249998
0 0 557.441578
0 0 379.906292250002
0 0 97.1881360000014
0 0 691.871575249999
0 0 458.915818500002
0 0 185.76375025
0 0 337.062706
0 0 283.0758625
0 0 449.410929250002
0 0 403.777392500001
0 0 612.239580999994
0 0 50.1768582499996
0 0 364.045284999999
0 0 283.54335525
0 0 275.88775025
0 0 529.942906249998
0 0 265.581353
0 0 524.260702250005
0 0 393.890625250001
0 0 515.34288625
0 0 229.8530005
0 0 236.34042625
0 0 148.756992500001
0 0 169.229984499999
0 0 313.374330000001
0 0 308.85196625
0 0 408.376656250002
0 0 549.939666250003
0 0 388.935160999998
0 0 316.368151250001
0 0 395.4441565
0 0 347.773541000002
0 0 203.891496249999
0 0 300.848672
0 0 698.834292250003
0 0 634.80617325
0 0 548.1949225
0 0 453.50511925
0 0 310.77615425
0 0 201.661002
0 0 675.670918499999
0 0 141.200652499999
0 0 419.309335249999
0 0 522.786345250001
0 0 386.32355725
0 0 458.53738325
0 0 434.469769249999
0 0 168.469855249999
0 0 356.841024249999
0 0 493.681855759998
0 0 366.804927250002
0 0 451.483861000001
0 0 327.777720250003
0 0 301.035125
0 0 469.621674250004
0 0 443.11020625
0 0 363.743473249999
0 0 413.255247250001
0 0 354.642146000001
0 0 303.961236999999
0 0 520.979409249997
0 0 464.6252745
0 0 623.984138000002
0 0 538.61238125
0 0 303.1070225
0 0 411.0907105
0 0 169.85291825
0 0 406.769652499997
0 0 253.769912500001
0 0 514.381082499997
0 0 413.658312500004
0 0 285.709560249999
0 0 528.2153125
0 0 449.227197000001
0 0 905.877450000005
0 0 716.785260249998
0 0 244.011027249998
0 0 306.892573249999
0 0 383.14934725
0 0 569.040981250001
0 0 341.175028500001
0 0 435.347680500002
0 0 314.969964250001
0 0 572.86667425
0 0 370.491982249999
0 0 576.58919425
0 0 271.194399999999
0 0 303.611425
0 0 380.573549
0 0 438.145782499999
0 0 274.424541250002
0 0 262.49448125
0 0 433.246938500001
0 0 360.210690250002
0 0 274.414470500001
0 0 507.775529000002
0 0 341.669331250002
0 0 414.646336250001
0 0 470.026278250001
0 0 668.73104825
0 0 370.218081999999
0 0 195.098468000001
0 0 292.245264999999
0 0 366.620462499999
0 0 231.069992500001
0 0 373.994548999998
0 0 348.133080250002
0 0 332.4969925
0 0 136.099438250001
0 0 411.204705999997
0 0 577.722725000001
0 0 248.70763625
0 0 347.80227325
0 0 665.365265
0 0 302.705002
0 0 507.422969999997
0 0 492.788534500001
0 0 695.784800250001
0 0 445.762057250001
0 0 174.228387999999
0 0 729.295569999997
0 0 310.948124499999
0 0 706.245766250001
0 0 270.554579999999
0 0 258.240649000001
0 0 509.986862499999
0 0 545.3205900525
0 0 379.31447825
0 0 290.3831152525
0 0 377.72043725
0 0 252.436791250001
0 0 467.260508499999
0 0 321.28015625
0 0 346.536176500001
0 0 335.430828500001
0 0 446.372982249997
0 0 379.118764249999
0 0 388.87144025
0 0 626.364092249999
0 0 159.72473925
0 0 459.574170249999
0 0 287.534743250001
0 0 522.290394250003
0 0 107.65032725
0 0 501.432031249999
0 0 146.168691249999
0 0 221.732044249999
0 0 435.5242585
0 0 199.88189825
0 0 224.846681000001
0 0 109.269427999998
0 0 257.75442325
0 0 318.391044500002
0 0 290.345895999999
0 0 604.532884249998
0 0 331.736330000001
0 0 220.587390250002
0 0 340.711381
0 0 424.650124999999
0 0 328.14003125
0 0 431.085884500001
0 0 472.229825000001
0 0 395.333810000001
0 0 367.812964999998
0 0 65.8134432500003
0 0 113.650701250001
0 0 245.80635925
0 0 231.999925000001
0 0 480.029784999998
0 0 210.641991250001
0 0 433.004292499999
0 0 320.29885225
0 0 409.058509
0 0 749.204222089998
0 0 394.30116625
0 0 427.774495249998
0 0 287.3303605
0 0 290.26311625
0 0 332.204670249999
0 0 465.10727125
0 0 445.982114
0 0 320.071686250001
0 0 382.921129452499
0 0 177.027480500001
0 0 134.786208500001
0 0 370.990467999997
0 0 200.9411645
0 0 496.805595250003
0 0 240.351642
0 0 189.189092499999
0 0 133.098716250002
0 0 469.249664000002
0 0 207.844221250002
0 0 601.45053725
0 0 419.916251250002
0 0 294.536711249999
0 0 472.434852499998
0 0 285.27068025
0 0 306.497560500003
0 0 494.873217250002
0 0 224.58375925
0 0 190.804812249999
0 0 184.71043825
0 0 354.721885249998
0 0 976.2368225
0 0 237.1095845
0 0 224.957421859999
0 0 171.92522925
0 0 305.564671250001
0 0 314.023413250001
0 0 483.537541250006
0 0 309.9070225
0 0 568.889535250001
0 0 401.831885249999
0 0 213.64028725
0 0 139.485085
0 0 701.659622499999
0 0 231.754279249999
0 0 200.401658000001
0 0 216.379108250001
0 0 728.439196499993
0 0 536.44273825
0 0 189.18662825
0 0 331.5302245
0 0 256.791396250001
0 0 431.7402025
0 0 467.459695250004
0 0 197.248285000003
0 0 109.288457999998
0 0 284.46552049
0 0 199.545920499998
0 0 113.839181
0 0 216.8512757725
0 0 355.171446249996
0 0 426.278201312502
0 0 271.771810960001
0 0 525.69516194
0 0 501.325726499997
0 0 222.473608249999
0 0 188.192932422499
0 0 542.687294500003
0 0 514.9370885
0 0 243.1452023225
0 0 334.735649402499
0 0 585.722281000002
0 0 339.324032499998
0 0 426.88082189
0 0 161.0349905
0 0 235.10951125
0 0 156.154156209999
0 0 447.627960822501
0 0 177.5594962525
0 0 160.336870689999
0 0 399.02177089
0 0 437.031162250001
0 0 532.216464500002
0 0 432.980725
0 0 606.456731250003
0 0 599.972619249999
0 0 126.067551250001
0 0 233.8174925
0 0 700.054212240003
0 0 705.802051250001
0 0 409.85716825
0 0 349.7159298025
0 0 220.302200499998
0 0 550.736419999999
0 0 327.50959496
0 0 386.16847649
0 0 433.572524999999
0 0 313.8847245
0 0 361.6355953225
0 0 544.91785204
0 0 387.4298788125
0 0 549.0099535625
0 0 108.4522185025
0 0 221.1624545
0 0 127.055633409999
0 0 528.394786249996
0 0 387.313361702501
0 0 179.783971810001
0 0 297.4943701025
0 0 176.495078500001
0 0 1011.6546698525
0 0 145.528595022499
0 0 357.521904999999
0 0 545.09689625
0 0 502.278942249998
0 0 687.641097452503
0 0 280.059434890001
0 0 1014.7560525
0 0 526.06396321
0 0 310.761989460001
0 0 216.932914322501
0 0 82.0037020624999
0 0 465.892126250001
1 156.06728125 166.738842073307
1 180.480358250001 195.191485996905
1 227.465896249997 257.776203576336
1 230.8117905 510.527096058916
1 234.028054250002 287.162155252143
1 238.793948500001 271.663948596066
1 239.968109889999 279.610643500097
1 256.021245 271.99922731773
1 258.31887625 264.454497180495
1 262.98898 593.241203510856
1 266.04657325 302.035053890969
1 272.589016250001 414.683696192239
1 275.17162504 287.000685281549
1 275.539648500003 287.412313292519
1 276.60816625 314.436922276529
1 280.361248250003 305.908045337081
1 287.632311250002 362.998186416664
1 290.577821000003 370.148117055091
1 293.782864999999 510.493258921979
1 294.75027325 331.839140210595
1 295.646809 305.772935832035
1 296.928255999999 339.79711844371
1 298.515979249999 487.822967859017
1 309.33558625 400.822274320989
1 309.6162625 518.227820965032
1 310.056790250002 349.486215655714
1 313.5872905 316.258824538872
1 315.1514 322.92483913276
1 317.5348080725 391.805846407598
1 319.52328125 355.623154584586
1 322.361480250001 608.252917188871
1 325.208225 427.335298931352
1 342.1511785 422.332692650408
1 349.170970000001 405.412480433976
1 351.123848000001 383.853064923573
1 352.960290000003 672.67276626336
1 353.624428999999 399.310962410255
1 353.758673 382.856495232884
1 363.55885925 436.757233082984
1 368.036551250001 722.947050755541
1 370.969410249999 384.479877206161
1 372.0200965 396.097395426969
1 372.290424999998 448.963476636175
1 372.46778825 384.749508509075
1 373.715889999999 375.998491078951
1 374.114704000001 599.05011898646
1 384.916073 513.305549553982
1 385.963218249999 388.086954354777
1 391.688739250003 773.798478962016
1 396.6397670225 448.618092195417
1 400.554796500001 488.588649821888
1 405.617612500001 879.575388895598
1 407.660371090002 432.795319938288
1 408.659336 415.743931274487
1 412.507962499999 568.28940622571
1 414.11662625 787.089231253037
1 423.69145325 625.504164649324
1 426.015282250001 761.023706793278
1 428.664329 496.606442938932
1 428.866603422501 442.348050981806
1 430.121538500001 473.994159521657
1 431.925776 435.002248484382
1 431.94281125 654.233021425483
1 432.039980499999 1071.03492628914
1 433.11894525 473.523317197664
1 436.118600090001 436.178463853314
1 437.1957605 538.940223661392
1 437.22706325 750.985686321046
1 439.459412499999 804.583800757202
1 439.911792499999 833.41193552705
1 440.500990249998 471.510263613516
1 442.41093125 475.99143783433
1 446.211303249999 528.11176430299
1 448.023760040005 465.229563673041
1 449.540149249999 1182.31827387743
1 450.207746500001 522.498436999272
1 453.184341250001 469.601655263309
1 453.2638205 564.765735398742
1 453.486152499997 463.179106238618
1 455.660484500001 773.736289385389
1 455.97380725 857.942311690762
1 458.175360250001 533.280307590183
1 458.214077 494.952002361789
1 459.453492500001 536.320501367904
1 462.12571325 602.764823459532
1 463.501250499998 994.66090141233
1 464.267582499999 535.115572829015
1 469.554681250001 705.154194777853
1 471.007869250001 899.947213011438
1 472.478344 616.20300754405
1 472.914025000001 491.689645213824
1 472.974986249999 728.551722022022
1 476.013434 501.411398569058
1 477.795882499999 814.016065694995
1 477.798591249999 537.86662321109
1 478.832278690002 501.639078088169
1 478.9750365 779.421546987762
1 479.231869 622.839958175201
1 481.1813185 594.682532922059
1 481.249426249997 634.847670452521
1 483.9354325 697.20673044289
1 485.044873999999 538.718851619951
1 486.4510919525 629.684597817607
1 487.099782500002 552.011355025638
1 490.291906250001 626.360620630834
1 490.3700339525 493.794312620991
1 490.71766829 493.513287209884
1 494.661793999999 674.9957967873
1 499.015304000001 765.819074368796
1 499.621215249999 644.367202132903
1 499.646000249998 502.645885528599
1 499.912286289999 601.402351310841
1 502.0689125 555.120919310811
1 504.992748999998 826.341152662062
1 505.29991625 750.932307382406
1 505.895817250002 1257.86150566841
1 506.073114 524.933340470643
1 513.063771249997 1387.07706478138
1 513.609664249997 538.714925721552
1 514.763820500001 598.075181131558
1 515.90096125 538.811692241494
1 519.0513725 596.226253817664
1 519.106906250001 579.855453542828
1 520.389584999999 644.365509168587
1 520.416582499998 1058.01095888339
1 520.69985525 608.504301825925
1 520.76417416 555.295012746154
1 523.207684000001 905.103142615202
1 523.282761000001 622.868305636452
1 523.596036499998 961.885687405931
1 523.641658249998 523.642522565718
1 523.780299249999 548.692659694089
1 524.569704500001 547.281806006687
1 527.245380000001 622.751359328491
1 528.0352625 1255.15998261744
1 529.887283249999 620.153645830896
1 530.515210250002 853.299359976888
1 531.75760325 629.881491082868
1 532.128661489999 561.867681993828
1 532.376550249999 597.074769271637
1 532.70511325 994.152902230296
1 533.59258325 587.267996652513
1 535.042269540003 560.360644713453
1 535.421937249999 804.690841344818
1 535.973301250002 549.242117959528
1 540.071615250001 748.831677636976
1 541.281144500001 551.027124479252
1 543.40455725 592.297687247317
1 545.954196250004 799.82587731358
1 546.730428500003 914.107912002806
1 546.991622500001 897.953024544398
1 547.5813785 1104.06953226085
1 552.257336500001 563.86654172079
1 554.507831249999 569.383935196211
1 554.591567250001 554.981507303238
1 554.964249250001 959.338007458457
1 557.529181250001 611.405869675458
1 558.292250000003 1453.3670544589
1 559.436029 652.509467526862
1 559.851763250001 645.704650031439
1 561.42917825 600.422981233614
1 563.728882250001 613.157374592824
1 565.21331425 703.649040580091
1 565.405272500001 1130.48324208912
1 565.621176500004 932.650314204068
1 566.780682250003 566.788205848271
1 566.835844250001 1045.99249067109
1 566.96137525 593.500329629411
1 567.5602425725 589.608782239307
1 567.56774425 1478.42719852933
1 567.757379250001 896.990911570876
1 568.751017249998 594.917088386778
1 571.077220499997 867.228238900187
1 571.235453 638.543546961167
1 572.620288500001 838.101686168857
1 578.00066389 599.585275343219
1 579.57917625 695.884775775048
1 580.090582249999 622.059262498847
1 582.405652249998 1467.46766036372
1 584.653348999996 659.588256992797
1 585.72472225 587.929314648814
1 586.191806500004 1684.41742467481
1 586.238216500002 650.643569708749
1 586.915592499998 1857.15789624336
1 587.880960052499 948.903140836399
1 589.375380250004 1059.43760391911
1 590.088514000001 725.713941518857
1 591.11269625 864.918890370202
1 591.274047999998 703.583313100052
1 591.755082250001 719.009070230003
1 592.784971249999 625.097765995947
1 594.95459725 598.309497791478
1 595.702437840002 638.722972447436
1 596.687545000003 708.823605043234
1 606.252444500005 1820.093667681
1 606.681646249999 805.627714508109
1 606.716212499999 647.671833188121
1 611.700012999999 668.094408034026
1 612.337489999999 927.214613303933
1 612.996556250003 1481.7874686754
1 614.017708999996 708.775141428008
1 616.23138925 675.315198013289
1 616.453404499997 616.5954647174
1 616.5990085 618.52918819893
1 617.584399250002 642.857164848852
1 620.180031250001 620.218057329917
1 620.848344999999 1044.29542759668
1 623.07767329 654.116974434477
1 623.264790249995 705.453796626075
1 623.850036999999 661.826717621013
1 624.410628500001 724.493421335111
1 625.3027465 627.656561431203
1 625.5651085 655.751849939522
1 627.36676325 628.222612018307
1 630.675216249998 1148.06699869563
1 631.17225925 709.99622131177
1 632.295978249998 716.196898429175
1 633.151442250008 898.177003599336
1 634.721743999999 845.071809359848
1 636.363178249998 825.013216182514
1 637.353844999993 675.852515724449
1 638.380856250002 661.198483910062
1 640.823245250001 727.11679043855
1 641.2066892225 752.440676743617
1 641.258391249997 687.697904898769
1 641.49759125 863.081813976717
1 644.654496250002 671.207253803629
1 647.155730499998 655.134808143993
1 647.651217999998 713.309526352487
1 652.357807250002 804.049514087931
1 653.212881000002 766.213400988353
1 654.448111752502 784.813123307218
1 654.614215999998 690.286354292211
1 655.542465249999 1304.69383710609
1 660.24456625 1562.24924331863
1 662.239381250002 923.381969078648
1 662.4842725 1100.43350930516
1 664.192662500004 703.607954331124
1 664.892737000002 1588.75544387582
1 666.043392999998 1024.52934467976
1 667.204525000002 720.216159307523
1 667.888456250002 667.961546627479
1 668.980285000002 776.349998091104
1 669.929456250002 1188.02244719896
1 672.936564249999 678.298559750126
1 673.513685000001 830.327629537928
1 674.670092500002 1144.42669240964
1 675.2244098525 721.637967576277
1 675.982193 709.010657548709
1 678.410068500005 1027.50210471304
1 679.320241 1370.33332548148
1 679.421659250002 960.256884252431
1 679.4601356525 751.587776747774
1 679.828081000001 993.390537436002
1 679.937573249999 695.732404001553
1 681.821991250002 884.255862666484
1 682.860051250003 701.34024057066
1 687.721572000004 779.266346976815
1 688.715052499999 745.710108533719
1 689.16648125 698.338465637405
1 689.310258249997 715.53054004127
1 689.354527250001 747.721402715916
1 689.738341000001 773.980722999325
1 690.704626249998 846.639882316221
1 695.648711250002 797.159637705501
1 696.173421249997 830.04960596766
1 699.293619249999 1493.27380271063
1 701.413170250001 1093.07220461553
1 701.645305 769.521460504071
1 701.678258 1552.36942348305
1 701.72401325 773.151979256291
1 704.986202500003 1017.9069596201
1 705.019791250001 866.807800008389
1 705.3041705 823.640384910081
1 707.209944249998 740.946721791836
1 707.948730000001 808.563479510981
1 709.860163999999 761.119906092572
1 711.182103249999 731.903961119326
1 713.535638500002 1015.69956753052
1 713.819527999997 799.718636809948
1 715.31071625 716.007777355641
1 717.340556250002 1327.99783652196
1 721.602729249999 732.670980424064
1 725.789299999998 1061.15539661402
1 726.3732824725 815.26568102888
1 728.5093645 788.743972703155
1 728.889342250001 1029.9712401356
1 729.570865 1832.45433827973
1 729.837178249997 731.327406422331
1 729.91590725 1338.07028499247
1 731.821891999997 732.238790316961
1 732.032062250003 776.9148929778
1 732.989850500005 2478.97810746985
1 736.967018249999 1114.10357760786
1 738.42383425 742.737046765729
1 738.452781250001 869.578211381389
1 738.686316250004 754.847139867838
1 738.785373250004 1027.63889391067
1 739.15720625 878.752811672777
1 741.106144999999 776.362160920068
1 742.414137249996 795.106385597143
1 742.613293250001 756.543246431538
1 742.632372250001 791.510815284404
1 742.632877 891.709526719983
1 743.495329999999 822.163098238212
1 744.01191925 964.407973055657
1 744.067353999999 794.045080184635
1 744.177202250001 1119.44989221678
1 744.749993249999 981.231380974341
1 746.134737859999 748.6641968778
1 746.566772499995 764.055633800974
1 749.074212999997 1399.37163395107
1 749.223681249998 1115.85253576371
1 750.616446500004 822.575086396176
1 751.605855249996 1139.2345494283
1 752.928752499999 770.933597124142
1 754.070174500005 889.854595898698
1 754.553524000001 765.646480821064
1 754.818969999999 778.804620203685
1 754.948278499998 905.800419610863
1 755.131794500002 915.138547243028
1 756.62749125 1315.65200143067
1 759.000224499999 776.591590756089
1 761.374717000001 848.882459460752
1 764.886606250001 778.088179693164
1 766.752593000003 885.474816138352
1 767.356814499999 767.882032290213
1 768.010954499996 772.048667449874
1 768.704371250001 769.343749093858
1 769.747185999999 831.081895879857
1 770.777081999996 853.509855739969
1 771.063786250001 834.94427619424
1 772.424031250002 882.414013727244
1 773.183318500003 913.269979230256
1 773.385180499997 1279.72123327385
1 773.469385250001 2409.65558955924
1 779.074593249999 811.612272457328
1 779.233225250002 1065.30673499008
1 781.421810000002 949.31794112532
1 782.491288500002 841.575275515158
1 782.575347490001 800.814986810158
1 783.006725249999 2082.68140742105
1 783.701810000002 1028.04890867697
1 783.91344825 985.034351011663
1 785.158801249997 788.126104350562
1 791.068836999998 795.691897646253
1 791.517860999999 798.827104925552
1 792.56192425 920.513118039241
1 795.722932249997 944.188556134947
1 795.80555825 811.590920333246
1 798.686473000001 2247.75744003368
1 799.553182499997 801.990818240998
1 801.27113625 808.313905615181
1 802.829146500001 1107.53973203439
1 802.98047425 1168.24149784288
1 805.485262500002 820.021523826704
1 807.207528999999 906.285423897027
1 809.489272500003 815.531795215547
1 809.541531249999 1149.13937290369
1 810.719240000001 811.630552146628
1 812.025256250002 828.692166908071
1 812.45125125 812.727585987942
1 816.864405249996 1134.22435020665
1 816.979551249999 827.583456186986
1 818.015569250002 870.680074584266
1 819.277535250003 1555.35190484078
1 819.520874000003 875.949347165352
1 819.795023999997 855.881924148328
1 823.762696999996 1421.93532513888
1 826.1255845 843.26759529129
1 827.61134425 829.078324901112
1 829.885591250002 831.380632458356
1 830.692346500003 885.113537870818
1 833.405829139998 979.099621513506
1 834.1481525 1099.63715578702
1 836.465424500002 905.668850002091
1 843.832429249998 849.859418621816
1 844.337549249997 951.657967341324
1 845.427165552503 940.815445210207
1 847.550670249999 853.520410845177
1 851.758508249998 1503.76546805068
1 853.457412249998 1058.74711041644
1 853.610545249997 894.466688970789
1 854.838050500003 888.0063237268
1 854.93143325 914.996344973492
1 859.220338499998 874.104980818857
1 859.792831249995 860.029542984691
1 861.00879325 862.648756774958
1 867.343506250003 867.805354620343
1 870.829647250002 883.886615417811
1 873.7988485 1235.54363552252
1 877.533986499999 945.207898502563
1 882.636321249998 884.609838656155
1 884.076730249999 884.363455441574
1 885.918665250001 940.824065500146
1 888.464384999996 911.812496646597
1 892.029770000001 907.186599138564
1 892.587186250001 1050.33207039791
1 893.002677249997 909.215321181462
1 893.938149000002 1100.17464066526
1 894.958820499999 920.861323936421
1 897.410282500005 1488.18644111577
1 897.668508500006 897.91327891262
1 898.766282250001 1020.19688796875
1 899.925796249998 974.098958241766
1 901.515721000002 1751.98950499575
1 902.458865249997 1179.12544654779
1 905.439989249999 1711.87325677855
1 905.508781640002 1618.43248093336
1 907.196390499997 1056.00094876675
1 910.117098500002 977.24794229544
1 911.86125925 926.562667021025
1 912.072712500002 984.393175429233
1 915.799590249997 952.892156831789
1 920.01758125 1033.33106921114
1 924.319085000001 1088.0269211119
1 925.948696249999 932.137273078133
1 927.384690250001 1013.06101276549
1 927.413959249999 1089.09566595487
1 928.091401250001 1066.11963612698
1 928.818241 1120.159546977
1 929.81019825 1392.68424989886
1 931.627650500001 1035.08742873331
1 939.366876999997 1401.45745527968
1 939.487497999996 1026.73688290576
1 945.141696499996 974.930636029522
1 945.669544249998 946.229508819321
1 946.8486062225 947.733927749711
1 947.330184250001 1048.71901008821
1 949.816218499998 1052.4065006274
1 953.354034250003 1083.68374159333
1 954.557253 957.931502503379
1 955.876086500001 1465.37038331241
1 957.975089000001 958.119875216052
1 959.657096000002 970.492032501134
1 961.326936250001 1032.96083959085
1 964.647335250002 1108.55154040999
1 966.443139459998 988.436072312394
1 970.2776005 975.460920642444
1 972.599571249996 983.925602305873
1 972.906496249995 1001.65413833142
1 975.099138250003 1387.367997927
1 976.250706500002 1074.90376288344
1 977.442696000003 977.853287202444
1 977.985675250002 1009.65823656398
1 982.103096499996 1112.06855421943
1 986.911248999999 1435.69187456862
1 991.03912925 1381.35026957398
1 994.613869249997 1004.99638956373
1 995.620836250001 1111.98407194005
1 995.980532499998 1008.87511906804
1 996.831420999997 1425.30959592526
1 997.988103999996 1001.94871660706
1 998.998189272499 1088.74283290619
1 999.0664568125 1157.22673289392
1 999.34589669 1012.30801556865
1 1004.63428825 1044.41755057103
1 1006.38330025 1461.05268400288
1 1007.9188925 1008.43216373807
1 1010.3433625 1066.76061180978
1 1011.2415325 1212.71979831716
1 1011.2896385 1047.14624359578
1 1015.60863769 1179.49365434847
1 1016.1975265 1081.61509556076
1 1018.45561441 1100.79177047381
1 1021.95703125 1212.62376214805
1 1023.044345 1218.87247833477
1 1029.111785 1130.67859496397
1 1029.9917405 1035.30797423216
1 1032.83366425 1138.39934534227
1 1035.409786 1204.34369276225
1 1037.60674 1061.3170769411
1 1037.639557 1365.22230623819
1 1038.5324585 1161.8813357118
1 1045.81643625 1049.00392219414
1 1048.9905485 1060.37736600748
1 1051.1975525 1067.49700085867
1 1053.9652225 1222.22225336135
1 1054.28901625001 1116.82490428275
1 1055.04827624999 1080.60829381938
1 1058.13323125 1088.98135882551
1 1058.993965 1109.82452121893
1 1062.5258485 1112.71000573582
1 1063.494541 1090.96131373977
1 1068.796885 1096.09033895302
1 1070.8141105 1087.89298106327
1 1072.4492125 1128.86176043292
1 1086.37950125 1156.51464459741
1 1087.898 1614.86238287215
1 1098.83130325 1098.88810203392
1 1099.86853525 1461.9276122839
1 1100.5033685 1213.4781857784
1 1103.1419845 1107.20206637044
1 1111.45682225 1146.34662760472
1 1123.53088 1229.31711904457
1 1125.02620225 1160.15968133706
1 1126.08830725 1317.85757805693
1 1128.08517625 1565.913954016
1 1131.1376705 1134.53153696297
1 1131.76898425 1144.89052680503
1 1132.28054425 1144.0000060498
1 1133.79993625 1560.01013185912
1 1137.366557 1169.32214154486
1 1146.954565 1164.20022930052
1 1147.422676 1279.12738952617
1 1153.4821745 2290.60102591006
1 1166.53811525 1236.03283131734
1 1167.243025 1199.95130103556
1 1168.2068205025 1250.12347465626
1 1181.544965 1235.58100068185
1 1195.71252725 1319.15433146615
1 1201.27530625 1219.04465735143
1 1205.6940209225 1373.76762322066
1 1211.60715625 1224.46797540009
1 1224.12727125 1229.01133082357
1 1224.747569 1494.05828614796
1 1229.9731285 1237.46762376498
1 1233.570218 1416.89930617835
1 1235.233348 1305.22816156845
1 1242.13409825 1803.55612193819
1 1244.92429825 1254.61924717091
1 1246.985413 1247.88937986751
1 1258.958548 1353.88777988768
1 1274.6879225 1276.7007932511
1 1274.7536605 1289.62727436198
1 1275.93143225 1277.7950744531
1 1277.55084625 1604.61890022659
1 1278.8146225 1488.53617124979
1 1281.519817 1443.57215083788
1 1283.8405285 1508.2696735282
1 1285.7563825 1298.60904640762
1 1292.53530625 1527.88374934638
1 1302.45209125001 1363.05872687762
1 1304.5958945 1314.28795295482
1 1307.008341 1308.76456705065
1 1328.47246625 1338.30030120913
1 1330.28941225 1357.33456892012
1 1333.74654769 1340.6988207173
1 1340.907668 1341.75111953975
1 1341.81365 1503.9833486408
1 1353.912418 1529.0781507167
1 1357.89050724999 1367.78573985468
1 1363.42866425 1853.0581885475
1 1365.07656625 1464.63218705053
1 1373.33795125 1667.44201256631
1 1382.67326025 1466.39955285531
1 1386.290965 2217.74496012285
1 1390.41248125 1391.51410099092
1 1413.57603725 1420.35022365737
1 1423.27159325001 1424.13194320411
1 1426.38569361 1449.75001162473
1 1430.96366825 1463.33509392683
1 1469.5261705 1476.78094017453
1 1484.33933 1487.77583137479
1 1511.28736525 1522.83126360471
1 1547.72541125 1554.19478112836
1 1569.10794125 1635.38273623833
1 1602.71286325 1645.78963291451
1 1616.28267925001 1665.82236408232
1 1638.6090925 1658.82511622276
1 1669.96436 1710.18199151937
1 1677.31971325 1704.9890128796
1 1782.91816625 1835.05886271508
1 1943.1352225 1952.38416750382
1 1948.80437125 2010.97259441466
1 1991.02614514 2008.73525665597
1 2071.11518125 2202.92234805288
1 2195.6131465 2256.47595665873
1 2248.87279825 2248.88009434033
