0 0 Inf
0 0 629.12599525
0 0 516.4602925
0 0 919.803738499999
0 0 544.809825249999
0 0 314.44955125
0 0 495.250124499997
0 0 184.139056249997
0 0 751.293038500001
0 0 415.03733125
0 0 491.14999325
0 0 485.5734945
0 0 504.735745000004
0 0 709.8045125
0 0 539.27113
0 0 833.478802249997
0 0 504.506981249997
0 0 638.032982500001
0 0 516.050840500003
0 0 591.42632425
0 0 632.843105000001
0 0 485.573026249995
0 0 607.71098425
0 0 468.35903725
0 0 553.942623250003
0 0 544.215571250001
0 0 602.6609225
0 0 580.758550249999
0 0 377.3364605
0 0 435.454131999997
0 0 439.938822249999
0 0 314.311635250001
0 0 390.38380625
0 0 93.309113
0 0 530.814643250001
0 0 215.92648625
0 0 365.095924249999
0 0 363.782449
0 0 45.576731249999
0 0 145.56278125
0 0 503.07915125
0 0 280.489953249999
0 0 225.21367625
0 0 199.3775725
0 0 489.264783249999
0 0 98.7273050000002
0 0 186.042866
0 0 523.215235249999
0 0 392.817990499997
0 0 303.855592499999
0 0 147.57027425
0 0 627.739315250001
0 0 244.688904500001
0 0 294.068940250002
0 0 311.813861000002
0 0 345.434060499999
0 0 377.5937065
0 0 553.312242499999
0 0 221.22272125
0 0 93.87070625
0 0 235.461932500004
0 0 263.419302250001
0 0 372.960152500003
0 0 511.021806499998
0 0 590.490728999999
0 0 506.26408925
0 0 250.806847249999
0 0 593.749732000003
0 0 164.987085249999
0 0 313.186404500002
0 0 300.36802525
0 0 465.501898000002
0 0 444.77977925
0 0 379.9265825
0 0 291.683760999999
0 0 285.525384999999
0 0 580.570286499998
0 0 396.36474025
0 0 528.088434250004
0 0 366.468625000001
0 0 374.336492499999
0 0 389.195137
0 0 659.180512249997
0 0 501.538618250001
0 0 657.805386500002
0 0 430.753940999999
0 0 327.784573000003
0 0 594.834540250003
0 0 243.848247250001
0 0 453.833460000001
0 0 524.117941000001
0 0 185.110560499999
0 0 521.609772500001
0 0 219.49008325
0 0 62.0711702499993
0 0 626.77006325
0 0 379.821456249999
0 0 315.748312999999
0 0 123.649289000001
0 0 552.352646250001
0 0 302.6500445
0 0 242.71536825
0 0 660.154790500001
0 0 485.999298499998
0 0 717.454429250003
0 0 706.536513250001
0 0 550.006046500002
0 0 272.0606825
0 0 239.66331525
0 0 81.0164484999992
0 0 121.510408499999
0 0 53.7335392499998
0 0 167.88152125
0 0 507.3417785
0 0 366.575555249999
0 0 515.827562499995
0 0 367.7580205
0 0 743.755502499997
0 0 412.413985000003
0 0 536.789326250003
0 0 536.418090499999
0 0 206.087274500003
0 0 488.175039250002
0 0 420.87067425
0 0 378.941016499999
0 0 37.4808984999991
0 0 821.854082499995
0 0 427.66972525
0 0 270.639184
0 0 419.522382500001
0 0 520.890233
0 0 397.95242825
0 0 276.547392249998
0 0 405.8108365
0 0 372.93219225
0 0 407.289384250001
0 0 627.0729665
0 0 364.720806250001
0 0 470.58933925
0 0 575.972576999999
0 0 444.54932425
0 0 410.972461249999
0 0 874.533127250001
0 0 124.1425085
0 0 461.295806499996
0 0 579.283068999999
0 0 342.972125000001
0 0 357.796621250001
0 0 188.023416999998
0 0 805.267774249999
0 0 766.457841250001
0 0 389.065088249998
0 0 156.530377249999
0 0 259.7814625
0 0 507.187525000001
0 0 450.4970025
0 0 178.362794250002
0 0 337.418811249998
0 0 48.6071172499989
0 0 476.29970125
0 0 130.2465625
0 0 390.547971250001
0 0 375.069662499999
0 0 850.57238925
0 0 401.91318864
0 0 688.677787249996
0 0 740.866725
0 0 596.121550249999
0 0 291.240641249999
0 0 465.144402499999
0 0 276.234376249999
0 0 283.24260125
0 0 545.928327702498
0 0 356.1864605
0 0 464.886605
0 0 407.265092
0 0 415.4812325
0 0 434.317946500002
0 0 842.954671249998
0 0 449.2363265
0 0 391.241924999997
0 0 203.85040525
0 0 448.358237
0 0 139.350334500001
0 0 270.513996249999
0 0 881.446723249999
0 0 542.70294325
0 0 389.059741249999
0 0 98.3810209999998
0 0 200.4170305
0 0 400.802532499999
0 0 192.352745000001
0 0 50.30967125
0 0 341.337859999999
0 0 420.282489999997
0 0 483.7278085
0 0 276.334446499999
0 0 264.35505625
0 0 491.367144499999
0 0 145.6327465
0 0 327.997471250002
0 0 342.055093250001
0 0 635.61680825
0 0 318.62732225
0 0 113.38177625
0 0 411.054356249999
0 0 420.191821552504
0 0 306.36924425
0 0 413.071100500002
0 0 515.816713250001
0 0 469.898644000002
0 0 93.9079584999996
0 0 478.84369
0 0 389.255401249999
0 0 301.8170065
0 0 277.589004999999
0 0 283.570201
0 0 364.05261625
0 0 239.863939250001
0 0 878.273556500002
0 0 335.811186000003
0 0 517.384338250002
0 0 263.457169999999
0 0 286.273024999999
0 0 307.994681250001
0 0 442.5621125
0 0 418.68631125
0 0 293.808451249999
0 0 782.598723999997
0 0 264.8531785
0 0 571.431900499999
0 0 503.016679999999
0 0 447.868861250001
0 0 345.845942500001
0 0 637.589289999998
0 0 489.968845250002
0 0 445.427072500001
0 0 382.706779250001
0 0 582.63548769
0 0 192.297521
0 0 270.569137250001
0 0 175.69856125
0 0 439.11912925
0 0 531.998880250001
0 0 201.29920425
0 0 369.213812500001
0 0 394.324252249999
0 0 578.078616352496
0 0 319.962510249998
0 0 123.194128250001
0 0 412.592549000001
0 0 171.332359250001
0 0 554.947505852499
0 0 216.3393185
0 0 779.088212500003
0 0 266.837778250001
0 0 469.089393250001
0 0 422.788802500002
0 0 364.18459625
0 0 322.693085000001
0 0 352.59176725
0 0 242.958180250001
0 0 411.018494499999
0 0 243.39779225
0 0 55.4691599999987
0 0 44.8742609999998
0 0 254.5352225
0 0 112.61772925
0 0 310.142972500001
0 0 512.067196999999
0 0 482.549864000001
0 0 222.94042
0 0 325.736200250001
0 0 334.15380925
0 0 307.379351250002
0 0 198.89426125
0 0 297.4277725
0 0 109.647864499998
0 0 349.515062500001
0 0 280.330747250002
0 0 254.12729525
0 0 222.87468425
0 0 172.858479250001
0 0 716.821141250002
0 0 314.768277
0 0 128.479077
0 0 84.3156992500011
0 0 472.528878822502
0 0 202.484201
0 0 76.5722289999997
0 0 190.93140125
0 0 380.11541825
0 0 192.55237525
0 0 380.6191925
0 0 388.67829325
0 0 429.041391249998
0 0 433.399201562501
0 0 446.551722500002
0 0 298.356274249999
0 0 424.259808610002
0 0 157.30989625
0 0 379.592780499997
0 0 262.90248625
0 0 307.338152500001
0 0 569.982561249999
0 0 420.478888000001
0 0 323.3880325
0 0 92.0851884999994
0 0 293.473730499999
0 0 267.02623525
0 0 98.3071082500008
0 0 408.32089625
0 0 112.69691525
0 0 250.868940249999
0 0 84.4673380000002
0 0 244.44471925
0 0 429.010150500001
0 0 375.770372500001
0 0 555.502195999998
0 0 359.160439250001
0 0 544.11075625
0 0 498.707894499995
0 0 745.664821249999
0 0 457.4919025
0 0 267.57605124
0 0 776.85762725
0 0 204.32613925
0 0 318.571813872499
0 0 252.24062725
0 0 396.911066252501
0 0 284.5571476225
0 0 404.622050500001
0 0 382.141801000001
0 0 300.069741249998
0 0 392.168725000003
0 0 128.029845249999
0 0 474.474376352501
0 0 500.547409250002
0 0 378.041239562501
0 0 504.94147225
0 0 324.3625006225
0 0 554.559672249997
0 0 668.915616499998
0 0 481.569036999998
0 0 232.786801249999
0 0 450.424573209998
0 0 183.5406145
0 0 420.502207690001
0 0 434.096203072501
0 0 247.678213839999
0 0 472.243916250001
0 0 618.165162499999
0 0 376.7821605
0 0 259.97322794
0 0 450.016134250002
0 0 290.5764532225
0 0 343.541941249997
0 0 301.2147253125
0 0 406.6939458025
0 0 163.679305000001
0 0 438.034062499999
0 0 422.232127040001
0 0 184.70931674
0 0 733.468277690001
0 0 601.238872250001
0 0 576.495764499996
0 0 298.749171249998
0 0 488.524211289999
0 0 392.3973745
0 0 178.800723999999
0 0 274.65144149
0 0 397.24450025
0 0 203.844076249997
0 0 577.70527321
0 0 484.450992999999
0 0 386.167128999998
0 0 325.21899125
0 0 247.430077209999
0 0 263.7072955625
0 0 433.719215209997
0 0 557.159574489999
0 0 474.264339250003
0 0 449.4699599725
0 0 455.46415949
0 0 296.977681
0 0 410.618927972501
0 0 238.8252716525
0 0 395.236545249996
0 0 477.71144125
0 0 81.1361198599996
0 0 654.5644903125
0 0 276.602658902499
0 0 431.666169999999
0 0 193.303489249999
0 0 90.1407969999991
0 0 107.764926250001
0 0 159.518720210001
0 0 416.991962225
0 0 251.87155241
0 0 660.010915459998
0 0 581.050433209998
0 0 598.857300000003
0 0 448.987126249997
1 128.03321925 139.979325744717
1 142.302235249999 185.119675686404
1 182.396580500002 183.183509576544
1 184.009213249999 184.503594593815
1 193.807865000001 201.512220268717
1 208.721546499998 227.127810635619
1 209.208200500001 254.162010169765
1 229.9786945 240.523432577232
1 236.20215825 237.552056824279
1 236.702522249999 236.777521757485
1 239.89158125 285.875632174097
1 243.080323999998 243.556332685611
1 257.218644249999 268.107192778751
1 272.48517 354.719699153018
1 278.088762499999 285.561867665566
1 284.318164 286.406790305952
1 301.68243125 355.129153778964
1 307.980790249999 376.117445319195
1 322.541216822499 388.470755880832
1 329.51688325 436.548110260374
1 331.02649925 349.59203897028
1 334.1613245 356.259845436803
1 344.346161 419.395959323231
1 347.94966725 385.929361821016
1 349.668895249999 400.140780715051
1 353.43198325 370.879252465169
1 358.464938552501 772.901972534122
1 359.729809000001 499.930141700198
1 363.7656005 402.576509499725
1 364.235416250001 371.113895163998
1 366.503262500002 398.519810377617
1 368.736246499999 386.267711966109
1 369.717351250001 390.614666995914
1 370.64864 398.527727864729
1 377.93505425 383.616250425446
1 381.911933000001 464.601391300715
1 382.78888061 441.325416639046
1 393.519396249999 474.29594312083
1 397.673088500001 443.04969538632
1 401.836002249999 486.3846271716
1 410.479238500002 422.770186091374
1 410.54332625 538.942336619699
1 413.344394000001 443.572351543808
1 413.547072500001 803.531465427055
1 413.83219225 650.398944521515
1 418.614702500002 441.176326972563
1 423.120602500001 517.344353629387
1 423.968719249997 546.630123728372
1 424.260420250002 424.57463451443
1 425.1097909525 633.870853905127
1 425.27888 489.521595861646
1 425.28352225 513.187403311879
1 433.84322189 635.430381016479
1 434.229652249998 446.924291493887
1 435.18516325 484.481351317108
1 436.4656571225 609.656938538193
1 438.438553249998 637.570974688332
1 441.265350500001 675.757650275179
1 443.479984999997 458.28323083648
1 443.728146249998 547.931731879968
1 444.3020185 512.958328758923
1 447.023630250001 698.455510725475
1 449.677894500002 452.048685785125
1 452.495992500001 1076.35726161936
1 452.632827249998 569.018653181515
1 454.014679302502 489.81546913386
1 455.42148725 466.925891030667
1 456.449705000002 702.952741089133
1 457.661406250001 558.09874007109
1 460.467653000001 460.80803880529
1 463.269196010001 628.775900405571
1 465.347112249998 1232.37519650337
1 466.346205 496.082437277815
1 471.300399249999 487.722673718753
1 472.461008 515.397700164688
1 474.827204 474.829816977229
1 478.631890249999 622.4587156159
1 478.792930249999 478.810070256182
1 481.97856325 576.275555151931
1 482.594978499999 542.557112423998
1 484.4922685 497.51511202917
1 484.84917274 644.212284509851
1 484.885744999999 528.83470165692
1 484.905156499999 567.516762130266
1 486.125586250001 688.573232461282
1 487.246228999997 547.618422957133
1 487.252794499999 527.197135348047
1 490.195225000002 647.377431577517
1 490.274556499999 606.173344984026
1 491.31318725 576.683829548143
1 492.7327136225 500.90589165236
1 494.862059250002 897.197104586087
1 496.204260249996 523.121386054544
1 502.575812500002 537.572924658817
1 502.933716999999 576.721571570129
1 503.599058499998 588.461558551656
1 507.912031250003 847.049120283388
1 508.078837249995 622.971834095215
1 509.4793497025 544.361083382788
1 509.623220000002 574.305069258403
1 510.720851249999 525.438959292429
1 513.35237825 624.758841732901
1 513.621207249998 846.553918142294
1 515.098420000001 588.003911453311
1 515.419544249998 1064.21948701205
1 515.586888999999 542.041534638172
1 517.313347249999 844.381987315909
1 523.052605000003 640.959494742664
1 524.961009249994 561.681880315886
1 527.745352500001 577.241396166003
1 530.271685249998 530.683147784799
1 530.3794525 895.816977233224
1 532.552494240001 555.753060537758
1 534.2882454725 605.974611374333
1 537.074310249999 539.457962390404
1 542.60072 587.915062593416
1 544.28905625 551.511513865095
1 544.557130000001 693.853649352267
1 546.4591065 1002.44609298625
1 549.028102500002 889.001058100153
1 550.239842000001 1101.32207049627
1 550.374664000001 1364.52692382487
1 550.984010562499 628.204952391029
1 552.857179249999 624.060279594953
1 553.075697000002 1116.46202148542
1 553.45761 654.753928976825
1 554.918184999998 1242.73534416487
1 556.547566250001 798.301111939429
1 558.023106500003 584.500294684453
1 558.11745025 683.384620356596
1 560.4749137025 671.62673691999
1 560.66204525 930.367534471588
1 563.313601999994 573.077380162121
1 565.5805405 580.516753452829
1 572.87513025 604.127622645242
1 573.403434102499 1065.27135221937
1 574.295439999999 587.671796010078
1 574.997402249999 623.657124300484
1 575.359261000001 781.214071482334
1 577.263705859999 649.755774798826
1 583.4733125 735.788229814176
1 583.627556250003 726.095521113986
1 584.07176825 626.084116194755
1 585.085826 1140.62293624574
1 586.411756250002 706.077275959261
1 587.850152500003 630.119928965886
1 588.30998525 641.156758252173
1 589.978442250001 826.577028081044
1 590.229684499998 634.087878020913
1 590.797447250003 944.289722243582
1 592.215481249999 1041.26917041916
1 592.917524999999 624.278957677961
1 594.131692249998 944.417532372896
1 594.679996999998 601.774101058334
1 596.55043825 1039.22850073727
1 598.37219825 623.994455800123
1 600.913743250002 737.815122797672
1 601.82668325 770.392166311016
1 603.511674249999 655.565602593658
1 603.770708500001 902.537102305315
1 604.649585000003 733.825556461578
1 605.536350249999 728.302528611593
1 606.319609999998 1539.76920480697
1 607.766985999998 667.425068247639
1 609.0478325 653.063490521263
1 610.180336250003 959.816600763976
1 610.970110249998 668.345458619426
1 611.597720500001 636.284738791335
1 611.667652922502 622.409613068683
1 611.742400152502 627.124196543932
1 611.990971312505 654.783507835255
1 613.044212499996 699.395074957949
1 613.202705999999 668.579332403054
1 614.16149825 802.983190152922
1 614.177356250002 678.976585151321
1 617.970580000001 629.793631071629
1 619.1198645 1837.63704734741
1 622.088838500001 755.505321468904
1 623.381055250003 1093.98946024648
1 623.57662025 627.836936992288
1 626.0441006025 1479.87855253637
1 626.2714285 637.143091989094
1 627.48892516 648.227746881619
1 628.01452625 661.999898720597
1 628.413994 703.978201799498
1 629.485480999999 822.908199389756
1 629.54457625 1098.06740804491
1 635.109351402501 1119.4805558875
1 636.269942249999 1077.43900220912
1 637.958755249999 802.028646184903
1 638.046031249999 711.46077863188
1 638.662330000004 2615.43462246144
1 640.552788499999 689.921008563751
1 641.9055025 733.612782476816
1 644.298182499997 901.791430158359
1 644.902531249996 1525.05165137871
1 645.092266250003 1606.40570804498
1 645.372205249999 663.923111392756
1 646.121864500002 654.573994360561
1 646.9985674225 766.393712138764
1 647.416852 664.673448885968
1 648.553424622502 657.94802521566
1 648.696503249996 678.682259052193
1 649.179192999996 719.643595095265
1 649.869356249998 871.864290410931
1 651.206672499999 1684.86314038499
1 653.747429000001 722.459392250793
1 655.649286499997 771.202635942437
1 656.295585250001 1155.80573310565
1 657.164601250002 691.979735329985
1 657.37576525 691.222656175714
1 658.3476790025 717.342630518337
1 658.496049249999 702.507249730904
1 659.813804500001 2142.7755529322
1 660.62599525 799.650457781489
1 662.173728249999 1142.26237696932
1 665.451336250003 1749.01073542159
1 666.257085249999 1185.30207496441
1 670.832066250004 749.218206569555
1 672.75587025 754.361763024148
1 674.281884250001 1028.21601811377
1 675.36715925 920.571101742903
1 675.701271250003 834.37199583559
1 675.923758250001 684.423173388895
1 676.458361 1038.6171397042
1 677.576645 760.041549613418
1 683.739714402499 734.741989307221
1 684.593350249998 755.904690139272
1 686.083106250001 686.626993908086
1 686.16930425 757.658507722785
1 686.599336249998 709.971243443879
1 691.062866000001 907.509527079613
1 692.628761249999 755.611732913621
1 694.158341000001 1683.75137486008
1 694.38878125 914.775932622308
1 695.715726249997 826.821155894115
1 696.093098 1034.42834358293
1 697.40101925 700.139804207573
1 697.619314250009 750.261177539352
1 699.2949025 1350.20980606016
1 700.725174499998 1131.93334588829
1 700.8767575225 735.40928672811
1 700.959118500002 728.919401611581
1 705.669678500001 830.818634782417
1 706.084258499998 1028.36063997905
1 706.535890000002 720.192812281541
1 709.551796999998 821.702921861949
1 710.193402500004 1479.12557626485
1 711.796776999996 735.639500264841
1 712.232654500002 750.627156201251
1 715.60394 835.066154093682
1 719.95640625 796.731500468084
1 720.413259249999 1894.69306244049
1 720.531445 810.141234175034
1 720.692466500001 891.192070023676
1 720.990257 1535.54425772133
1 721.246358500001 818.029292607687
1 722.624764500002 731.72132244846
1 723.098079249999 1279.54272498972
1 723.38056325 943.077454524691
1 725.074947999999 1413.01025948747
1 726.27631625 956.382063486046
1 726.960340999996 751.359157171553
1 728.58330049 825.221543253304
1 728.626963999999 1509.9448518056
1 729.82745725 1136.72914880986
1 738.517939999996 999.519757462367
1 738.584241250001 1091.19548494117
1 740.717228500003 1230.40514464865
1 747.7359565 778.413828712442
1 747.924836 761.702943670692
1 748.440960999999 769.621106836123
1 748.854194500001 1445.60381099478
1 749.272072000001 777.579470545116
1 751.178460250001 812.834260112695
1 753.333282499998 798.422196408369
1 755.0212206825 1033.90291759605
1 755.764329999997 999.69441466902
1 756.655588000002 1010.94487228852
1 757.08262625 791.470722796499
1 760.68083125 1168.97541899548
1 761.0153825 1443.03232178927
1 764.981726499995 1374.11464439523
1 766.868127249996 779.913620408584
1 769.025135250002 1566.71708756175
1 773.666137 929.242677216846
1 774.416897 777.567691918843
1 775.899775999998 1219.38002594204
1 779.171317000003 1381.74242488455
1 779.466088249998 951.435727037195
1 782.443187999999 951.776100397761
1 785.313444499998 807.572597097204
1 789.633378249999 812.425891096448
1 789.641336250001 817.647599037155
1 793.112046249998 1182.53369116032
1 795.754104999999 875.924740868926
1 797.862218499998 929.48862511694
1 798.86699125 883.969050258418
1 799.553676999999 1368.66174052935
1 800.204730249998 1277.09729624035
1 800.774151250001 850.611919869641
1 801.630104499998 935.18896163968
1 802.132496500001 811.514730545543
1 802.286892249998 901.049849349956
1 802.418005 901.016019674832
1 803.407945250001 804.914685463994
1 807.405528499997 1262.30169220678
1 809.181984999997 821.562865650624
1 811.652793250002 883.342467795966
1 814.208164250003 849.333635631285
1 815.339530000001 830.940264147156
1 815.524929000002 831.900618892146
1 817.044660500001 1009.53237212782
1 817.57670725 882.02553815564
1 818.049178250001 911.786762917659
1 818.627996250004 1215.49978171098
1 820.9634485 820.967963363911
1 821.714170499996 1130.93601664308
1 824.12066125 884.000240839728
1 824.728522499994 825.119113042749
1 824.746370499999 861.99505973394
1 825.089507999999 831.438639204511
1 825.538186249999 848.941947906697
1 825.715032500002 871.53023426932
1 829.236424250004 829.272989135869
1 829.312596250002 1112.17177595226
1 832.09946 957.451253787729
1 832.465688499999 843.130820471863
1 835.348806499998 1021.04566029725
1 835.3627446025 862.682346474687
1 837.154046500002 942.376826468472
1 838.130058249994 1139.48938692011
1 838.4225525 915.924489733367
1 839.2578125 952.423213144037
1 839.698704249998 908.900897441087
1 849.113533000002 890.412445572119
1 850.514996 871.500912209431
1 850.732451999997 894.039289689387
1 852.053728249994 1050.98457657609
1 854.043728500001 925.412758507205
1 856.901486249998 1379.68947515528
1 861.94381689 966.013647185368
1 862.948541250002 867.269554342159
1 863.387275250001 934.074519773414
1 863.67653125 880.019067322967
1 864.323922500005 1278.94103722777
1 866.733502500002 1168.41387570722
1 868.343386812501 971.287218337944
1 869.1856785 1034.16799653099
1 875.13176125 1542.22571024925
1 878.756720202501 1351.14045028465
1 879.928373249999 1444.57965819661
1 880.462200249998 2548.80314889684
1 881.21370725 1991.39514793146
1 881.570087572497 885.302317643272
1 882.032586250006 960.977865219232
1 883.368636999997 944.94055983534
1 883.636405 1275.56740055116
1 887.026939250001 993.603023866571
1 887.041812499999 897.599026936294
1 887.647036249999 972.12940165851
1 888.875144000004 1067.38089739823
1 889.522318249997 1144.7378660798
1 896.370435999998 1143.20324055701
1 896.94551125 902.262010705758
1 899.388689000001 1888.12038432551
1 905.685170000001 1381.07353506233
1 908.026383609996 922.877864295984
1 909.31115525 1018.45562521483
1 910.000441250001 944.110420262185
1 910.448869250001 1093.79588552472
1 911.0978825 962.513455869103
1 912.808204999997 933.220806799209
1 913.156424499999 944.710662282947
1 916.11429625 1179.33790200315
1 916.154550249998 1006.65002378072
1 917.216508250002 1031.54115867342
1 921.625615999998 921.993482456802
1 924.376994 924.377476839333
1 929.16852725 1576.29424763111
1 929.921457250003 1003.88977188433
1 930.184161249997 1105.28178092118
1 932.708430249999 1066.44354595356
1 934.184321172499 1150.02990315103
1 935.254739249998 1605.17839930265
1 936.856320250002 990.852369037389
1 945.952249999999 1558.66146954527
1 947.205342499996 964.366756106746
1 947.990001249998 1029.74563154269
1 948.571080999996 1385.34081310832
1 948.823417999998 1023.79094985428
1 950.0446525 1381.86345750904
1 951.242648500001 1173.32565011008
1 952.244402500001 1053.84473758881
1 953.363210052504 975.357058941448
1 955.182215250001 1295.17990573548
1 956.24255825 1035.34312943225
1 956.2520405 1089.29644987025
1 958.646112499997 1091.35313226027
1 959.095234525 1023.34811265993
1 960.084201249993 1388.06950358099
1 961.324761999999 1139.75226049563
1 961.845124999999 984.838326452645
1 963.902218500006 1171.96021481385
1 965.554982500001 982.393390072112
1 966.947194250002 1464.42150291825
1 969.951648499998 970.416193642557
1 973.633716925 1013.42230022563
1 974.038440500002 1132.37109117438
1 976.061368250001 1134.91389934604
1 976.472858500003 991.707887495862
1 977.23829125 977.244315233515
1 977.862002499999 1061.0055994435
1 978.765332259997 982.990764018616
1 978.923754250002 1009.69075508473
1 980.744115250003 1025.83797986715
1 980.844840000005 1090.31920150177
1 983.599317000002 1003.74478768231
1 984.457321249997 1017.41977733025
1 985.710928249999 987.35490230158
1 985.730728999997 999.554854130845
1 990.059492250001 1052.88769812188
1 993.34196 1091.50865895821
1 994.175510499998 1094.7512272582
1 996.669416250002 1114.09077428513
1 998.617900250008 1116.4704184542
1 999.156619250005 1005.50846986289
1 1002.7710265 1032.76033389524
1 1002.94328025 1075.69891486594
1 1003.639149 1028.93201401839
1 1009.49111425 1055.13868382467
1 1014.443924 1203.69357776086
1 1015.59057125 1022.88480325897
1 1015.854032 1021.67000496173
1 1017.8257225 1214.20283660035
1 1018.22850025 1286.93857112402
1 1018.30610825 1021.58516876278
1 1019.2584659225 1108.23343019766
1 1019.80047249999 1109.55709025909
1 1020.327773 1224.06392322704
1 1022.31955325 2051.95028037895
1 1023.760714 1024.71158008117
1 1026.95247049999 1299.47858262135
1 1031.70718625 1049.04913296298
1 1031.92533625 1532.56824377997
1 1038.843725 1296.26184602433
1 1041.45799925 1114.5025205627
1 1049.58161125 1088.86124834314
1 1055.30353925 1088.19501799482
1 1057.29445625 1124.93940582663
1 1065.8664425 1065.97033077515
1 1075.633469 1139.57887934019
1 1077.739709 1098.25043040349
1 1078.40904625 1212.73628843412
1 1079.1870205 1822.22827252838
1 1081.76830225 1417.48537490621
1 1086.78324625 1106.03751587531
1 1092.26181325 1092.51324100748
1 1094.33341225 1939.2611331262
1 1095.72305625 1463.29432551858
1 1098.33859524999 1327.97679921734
1 1100.5509985 1299.27628698472
1 1110.579353 1297.42694457085
1 1110.81444625 1502.78476425763
1 1112.036132 1158.09882696879
1 1114.48603625 1115.79427067621
1 1117.05097225 1199.44190791059
1 1117.71278125 1118.30204855256
1 1119.25336081 1252.15287353072
1 1121.22748601 1367.78945319947
1 1123.05128000001 1878.89673995687
1 1124.42895625 1164.90646354829
1 1125.967841 1144.16809219689
1 1127.3573485 1128.55163517678
1 1127.73563225 1678.66448350837
1 1128.5029405 1146.55965539522
1 1133.29019725001 1247.97701985882
1 1134.1776365 1268.43311967436
1 1139.405177 1466.44907477455
1 1145.1322 1145.25356075364
1 1149.679673 1165.11976394789
1 1151.6450965 1157.03376064406
1 1151.79078425 1239.60107679432
1 1166.19381225 1782.26448076656
1 1173.63658325 1209.6692467306
1 1175.74381125 1327.28197534246
1 1190.930453 1195.34203098322
1 1192.306498 1193.24112422774
1 1193.24585250001 1361.00707840075
1 1201.31347225 1250.03103265729
1 1203.22221625 1299.66339170738
1 1203.7363325 1223.94471471111
1 1203.772541 1374.1446291008
1 1205.368522 1206.40244997221
1 1206.51995525 1364.39009256586
1 1211.32022050001 1294.02319438622
1 1214.90088625 1331.05813328186
1 1215.0002345 1434.87096572888
1 1215.8697465 1307.85752461957
1 1221.26162625 1339.53686104966
1 1221.43032425 1290.57433090807
1 1225.49450224999 1268.97823793688
1 1228.152725 1246.90014584841
1 1230.0666365 1395.63653492109
1 1231.54885325 1471.25322917651
1 1239.891453 1390.94644948861
1 1241.9863205 1410.68466944464
1 1243.43936525 1244.85452638108
1 1255.9480025 1507.30013719155
1 1257.3730705 1566.4754817792
1 1261.20774925 2120.9260036278
1 1269.46890594 1272.74304172789
1 1272.7616305 1278.30269971636
1 1272.87929025 1275.33365660766
1 1274.07709699999 1274.68486521791
1 1277.3183625 1344.63434462042
1 1285.33663625001 1310.11714004436
1 1288.60129625 1422.85312253963
1 1291.3322365 1412.89867324796
1 1292.13353725 1402.72285364145
1 1294.27788099999 1323.00707421351
1 1301.80830625 1466.98776039318
1 1305.57318125 1362.36172195978
1 1321.5681025 1321.59107441708
1 1323.144512 1358.09502960016
1 1325.41848225 1399.51152025013
1 1326.98167625 1365.6831120604
1 1344.72228925 1437.99415977846
1 1344.893885 1554.6593014539
1 1346.565265 1681.6671489859
1 1353.692545 1357.89942941498
1 1360.43195441 1360.45313563501
1 1375.76687125 1515.16327051514
1 1380.46674025 1380.75730286209
1 1382.10762625 1382.73563295024
1 1384.838794 1572.15844028069
1 1385.3852765 1387.32143388482
1 1387.01115125 1416.1337241557
1 1393.83281425 1419.61093857865
1 1396.755088 1439.79053561751
1 1397.97682025 1402.66794114912
1 1425.16854025 1431.71699027917
1 1434.380245 1434.99826436619
1 1466.39463554 1534.85790655621
1 1483.24949425 1505.71066216916
1 1489.362961 1497.72896227211
1 1489.687604 1572.33372006929
1 1510.8548289525 1511.75384231025
1 1530.26990450001 1984.13938101519
1 1536.93172624999 1539.98678827052
1 1565.93131025 1608.46226367928
1 1581.78554525 1632.10126056768
1 1630.38423925 1762.82681918424
1 1848.20519049999 1943.33801254744
1 1865.7251465 1887.05243109146
1 1895.223556 2011.19677857943
1 2040.09577 2501.44323075892
1 2162.71328125001 2197.22551368394
