"dimension" "Birth" "Death"
"1" 0 0 Inf
"2" 0 0 162.24768625
"3" 0 0 147.2009405
"4" 0 0 131.092895250001
"5" 0 0 211.7887065
"6" 0 0 102.853923249999
"7" 0 0 94.6969532500016
"8" 0 0 129.34704625
"9" 0 0 139.803336500001
"10" 0 0 205.197738250001
"11" 0 0 223.73925125
"12" 0 0 212.60424125
"13" 0 0 130.9877605
"14" 0 0 125.394089
"15" 0 0 78.5181049999998
"16" 0 0 180.105633999999
"17" 0 0 49.6619045000002
"18" 0 0 195.825071249999
"19" 0 0 97.7626812500009
"20" 0 0 67.47203425
"21" 0 0 180.31280625
"22" 0 0 181.218148000002
"23" 0 0 221.401037249999
"24" 0 0 145.153768249999
"25" 0 0 200.172449
"26" 0 0 306.540098
"27" 0 0 89.2778170000005
"28" 0 0 272.175025
"29" 0 0 88.5701125000007
"30" 0 0 85.2203672499997
"31" 0 0 163.187975249999
"32" 0 0 223.225023250001
"33" 0 0 231.529136500002
"34" 0 0 84.4110902500003
"35" 0 0 188.496226250001
"36" 0 0 199.183112
"37" 0 0 153.019701250002
"38" 0 0 108.130880500001
"39" 0 0 186.226867999999
"40" 0 0 152.11430125
"41" 0 0 137.437783249999
"42" 0 0 226.913646249999
"43" 0 0 170.931375249998
"44" 0 0 287.26832425
"45" 0 0 188.157466249999
"46" 0 0 181.495950500001
"47" 0 0 195.6052205
"48" 0 0 169.4879845
"49" 0 0 229.494507250001
"50" 0 0 163.26089825
"51" 0 0 118.806946249999
"52" 0 0 229.096873000001
"53" 0 0 233.657218249999
"54" 0 0 234.04155625
"55" 0 0 196.115112999999
"56" 0 0 228.362896250001
"57" 0 0 232.189213000001
"58" 0 0 174.828420000002
"59" 0 0 168.312452500001
"60" 0 0 150.506919999999
"61" 0 0 139.09706425
"62" 0 0 117.5955665
"63" 0 0 152.1003325
"64" 0 0 152.648002
"65" 0 0 166.76162225
"66" 0 0 126.468945000001
"67" 0 0 329.720257000001
"68" 0 0 224.92478425
"69" 0 0 184.660852000001
"70" 0 0 251.674621249998
"71" 0 0 210.75584
"72" 0 0 171.704296999998
"73" 0 0 224.584571249999
"74" 0 0 287.812537249998
"75" 0 0 179.602625
"76" 0 0 151.567231249999
"77" 0 0 95.4400512500001
"78" 0 0 202.612756250001
"79" 0 0 158.0446405
"80" 0 0 136.749545
"81" 0 0 110.87775925
"82" 0 0 209.209538500001
"83" 0 0 129.579864499998
"84" 0 0 213.11043125
"85" 0 0 181.346761
"86" 0 0 192.285274500001
"87" 0 0 112.0568285
"88" 0 0 202.57474525
"89" 0 0 160.698661000001
"90" 0 0 152.160864499999
"91" 0 0 145.412525249999
"92" 0 0 141.16905125
"93" 0 0 180.23349725
"94" 0 0 149.260361000001
"95" 0 0 168.169850000002
"96" 0 0 125.72219425
"97" 0 0 221.543089
"98" 0 0 196.052448999999
"99" 0 0 215.829424250001
"100" 0 0 340.722002000001
"101" 0 0 166.87638125
"102" 0 0 185.575072999999
"103" 0 0 169.394641249999
"104" 0 0 198.83816
"105" 0 0 211.623834499997
"106" 0 0 130.435752250001
"107" 0 0 108.089362000001
"108" 0 0 142.74515725
"109" 0 0 256.7883445
"110" 0 0 203.498108499998
"111" 0 0 238.57447025
"112" 0 0 196.070712500001
"113" 0 0 205.109640249999
"114" 0 0 92.0149970000005
"115" 0 0 140.85315225
"116" 0 0 283.179855249998
"117" 0 0 190.001812999999
"118" 0 0 162.892214500002
"119" 0 0 199.345002249999
"120" 0 0 307.8717025
"121" 0 0 173.937792499999
"122" 0 0 241.5541505
"123" 0 0 168.698383249999
"124" 0 0 143.763046250001
"125" 0 0 152.8740925
"126" 0 0 162.81045025
"127" 0 0 126.05178125
"128" 0 0 145.1339325
"129" 0 0 198.490567250002
"130" 0 0 211.19887125
"131" 0 0 94.3930202499997
"132" 0 0 162.67378625
"133" 0 0 182.601744249999
"134" 0 0 140.750240500001
"135" 0 0 357.25706
"136" 0 0 257.15149525
"137" 0 0 94.8796052500001
"138" 0 0 110.116584249999
"139" 0 0 199.298946249999
"140" 0 0 206.59092125
"141" 0 0 143.175365
"142" 0 0 65.0051262500006
"143" 0 0 324.000652999997
"144" 0 0 151.70184325
"145" 0 0 109.446625
"146" 0 0 190.604412499999
"147" 0 0 203.3979065
"148" 0 0 108.14916625
"149" 0 0 229.00040525
"150" 0 0 144.757109249999
"151" 0 0 117.889944500001
"152" 0 0 77.9981705000016
"153" 0 0 176.658164999998
"154" 0 0 266.5356305
"155" 0 0 93.0175512499982
"156" 0 0 220.232289250001
"157" 0 0 158.153629
"158" 0 0 138.387272499999
"159" 0 0 133.821024249999
"160" 0 0 127.8786365
"161" 0 0 180.630184999996
"162" 0 0 108.545947249999
"163" 0 0 181.567196500001
"164" 0 0 102.2119605
"165" 0 0 109.834195249999
"166" 0 0 382.006820000001
"167" 0 0 221.817401999999
"168" 0 0 311.002260500001
"169" 0 0 234.712089249999
"170" 0 0 131.118865
"171" 0 0 209.752142500001
"172" 0 0 102.526982500002
"173" 0 0 136.869776
"174" 0 0 124.5165025
"175" 0 0 103.849489250001
"176" 0 0 83.8116992500006
"177" 0 0 170.229522250002
"178" 0 0 160.325311249999
"179" 0 0 166.227735250001
"180" 0 0 181.391444
"181" 0 0 140.77792525
"182" 0 0 68.7337930000002
"183" 0 0 110.043222249998
"184" 0 0 179.973300249998
"185" 0 0 92.9439072499997
"186" 0 0 135.75667225
"187" 0 0 108.37808125
"188" 0 0 87.8162112500001
"189" 0 0 158.17765925
"190" 0 0 98.9040625000003
"191" 0 0 335.657050000003
"192" 0 0 107.31216425
"193" 0 0 133.988986
"194" 0 0 424.519385
"195" 0 0 168.49750725
"196" 0 0 142.241162499999
"197" 0 0 178.73857625
"198" 0 0 239.452616250003
"199" 0 0 186.502656249999
"200" 0 0 146.160560249999
"201" 0 0 129.164661250001
"202" 0 0 173.218844500001
"203" 0 0 263.657730249999
"204" 0 0 149.789345
"205" 0 0 395.620135250001
"206" 0 0 134.564859249999
"207" 0 0 95.3926024999998
"208" 0 0 192.4775305
"209" 0 0 152.02215725
"210" 0 0 365.7721565
"211" 0 0 139.408568999999
"212" 0 0 186.605318500002
"213" 0 0 216.20680625
"214" 0 0 120.37068625
"215" 0 0 214.066820499998
"216" 0 0 183.251056250003
"217" 0 0 216.87063625
"218" 0 0 130.55531525
"219" 0 0 197.080573
"220" 0 0 361.708290249998
"221" 0 0 149.633434000001
"222" 0 0 289.7202505
"223" 0 0 135.932765
"224" 0 0 89.1756770000018
"225" 0 0 236.919112249997
"226" 0 0 258.551712000001
"227" 0 0 119.58288625
"228" 0 0 96.3793662500004
"229" 0 0 160.486816999999
"230" 0 0 113.15125025
"231" 0 0 176.141198249998
"232" 0 0 185.45677625
"233" 0 0 225.394192999999
"234" 0 0 216.23959625
"235" 0 0 112.161414249999
"236" 0 0 162.01567225
"237" 0 0 184.725011250001
"238" 0 0 169.785377
"239" 0 0 116.1551945
"240" 0 0 171.180964250001
"241" 0 0 173.40712625
"242" 0 0 291.145035249999
"243" 0 0 113.72414225
"244" 0 0 66.3245662500001
"245" 0 0 89.1569622499997
"246" 0 0 160.61443625
"247" 0 0 112.35777325
"248" 0 0 182.551573250002
"249" 0 0 228.146161
"250" 0 0 123.878105000001
"251" 0 0 91.8786690000002
"252" 0 0 170.473997000001
"253" 0 0 130.5631625
"254" 0 0 236.393104250001
"255" 0 0 200.82826325
"256" 0 0 188.175562249999
"257" 0 0 154.13697025
"258" 0 0 158.288619250001
"259" 0 0 171.5924405
"260" 0 0 170.305110499999
"261" 0 0 211.168699249999
"262" 0 0 213.165612499999
"263" 0 0 143.082018499999
"264" 0 0 221.28943525
"265" 0 0 158.998662500001
"266" 0 0 150.45177725
"267" 0 0 163.166445249998
"268" 0 0 151.952731250001
"269" 0 0 139.073800000002
"270" 0 0 138.716394499999
"271" 0 0 99.919460000001
"272" 0 0 261.282085000002
"273" 0 0 109.271859999999
"274" 0 0 201.36345325
"275" 0 0 79.3786265000017
"276" 0 0 144.45347425
"277" 0 0 201.735956249999
"278" 0 0 41.4417782500004
"279" 0 0 195.399831249999
"280" 0 0 147.671892
"281" 0 0 161.66299025
"282" 0 0 161.38754825
"283" 0 0 208.129197250002
"284" 0 0 391.920004249999
"285" 0 0 406.959188
"286" 0 0 167.141152
"287" 0 0 211.842273250001
"288" 0 0 135.329794
"289" 0 0 161.037514250001
"290" 0 0 232.387844000001
"291" 1 112.529439249999 130.922497671602
"292" 1 131.36029 156.797050200438
"293" 1 140.462965000001 155.170773913178
"294" 1 145.935205000001 170.409734857669
"295" 1 148.861026250001 189.279991026324
"296" 1 149.719123249999 185.574391597588
"297" 1 157.216998499999 395.308883162738
"298" 1 162.279402500001 162.333137499755
"299" 1 168.243766249999 183.714883077363
"300" 1 169.145593999999 184.027388702812
"301" 1 170.045825000002 214.713958859612
"302" 1 172.75981225 242.231482805766
"303" 1 174.046557249999 218.886196658912
"304" 1 174.522181249999 175.227893718323
"305" 1 175.534974499999 264.452933437309
"306" 1 175.634416249998 221.033048350353
"307" 1 176.091423250001 205.715243241022
"308" 1 178.622769999999 206.497611106287
"309" 1 178.6498825 237.440633141839
"310" 1 179.761981249999 179.792124125657
"311" 1 181.55638125 249.45414766397
"312" 1 181.967749000001 446.930716888888
"313" 1 185.312936249999 376.396261132287
"314" 1 187.337642499997 324.262769628522
"315" 1 187.71805 189.719063263225
"316" 1 191.306528999999 464.378083546331
"317" 1 191.692281249999 212.60663179101
"318" 1 192.163041999998 359.475659146384
"319" 1 192.607751250001 288.124592142361
"320" 1 193.80296025 270.232275205422
"321" 1 193.886410249999 288.382658251816
"322" 1 195.289906249999 432.491132684385
"323" 1 197.620422500001 304.131061595495
"324" 1 198.265344999999 211.903884772648
"325" 1 199.177846249999 210.257742693753
"326" 1 199.577789000001 350.373263717376
"327" 1 199.61961125 203.041411193278
"328" 1 200.302215249997 214.508881390006
"329" 1 200.573129250002 299.368968606836
"330" 1 201.028548500001 212.352030218692
"331" 1 201.205685 221.873021789928
"332" 1 201.477474249997 217.803084400889
"333" 1 202.006478249999 244.951376892808
"334" 1 202.06639825 231.219950709544
"335" 1 203.77463625 304.508922838213
"336" 1 204.383225000001 239.297932623277
"337" 1 204.526170249999 250.228483898236
"338" 1 205.9893785 215.442126077166
"339" 1 207.29082625 226.939443206505
"340" 1 208.4309825 274.367861214999
"341" 1 209.029316 255.357138127307
"342" 1 211.21841 306.916640728625
"343" 1 213.341106249999 346.738959797099
"344" 1 213.4080385 232.185505064356
"345" 1 213.625374499999 348.562926294517
"346" 1 215.534647249999 220.640323917988
"347" 1 216.238054499999 310.11614842735
"348" 1 216.292456249998 379.706648901293
"349" 1 216.8809585 306.805473709553
"350" 1 217.328377999999 355.169007486898
"351" 1 218.053304999999 339.387629081138
"352" 1 218.316216499997 358.058460183245
"353" 1 218.69161 336.364544603665
"354" 1 219.515496250001 224.110802822654
"355" 1 220.18007225 256.719311363749
"356" 1 222.101972000001 299.624399567794
"357" 1 222.206931249999 242.506913992743
"358" 1 223.136158249999 332.243392643098
"359" 1 223.536041000002 255.478573373045
"360" 1 223.632049999999 287.434194161889
"361" 1 224.337982500003 226.463447522119
"362" 1 224.51052325 322.84413120008
"363" 1 224.578621000001 263.368686418643
"364" 1 224.687206249999 334.172689170987
"365" 1 226.095108500001 332.410443074041
"366" 1 226.238354499998 246.294149760264
"367" 1 226.456441250001 395.74617350995
"368" 1 226.674324500003 325.024263627675
"369" 1 226.871502499998 241.249273261978
"370" 1 228.508592500002 417.49091973356
"371" 1 229.49813 428.56677256054
"372" 1 230.389988499999 364.107948646869
"373" 1 230.445769000002 502.765641305662
"374" 1 230.580154250001 248.650356391969
"375" 1 233.50438025 267.898573062684
"376" 1 233.907629 240.001119480112
"377" 1 233.916225999997 234.363659748008
"378" 1 234.362 282.578598303583
"379" 1 234.471386499997 251.998917127147
"380" 1 234.6306425 581.824113963356
"381" 1 234.854488250001 271.356486549576
"382" 1 235.666771249999 400.479952653587
"383" 1 237.34106125 239.578824394186
"384" 1 237.566696000001 381.630914535472
"385" 1 237.6045605 295.053266852669
"386" 1 238.157492000003 293.611307710475
"387" 1 238.709802499999 338.628821637096
"388" 1 239.28859925 319.297576408005
"389" 1 239.9892325 468.881743302446
"390" 1 240.71247625 311.754468353339
"391" 1 240.741485 303.528613540676
"392" 1 241.855670500002 488.568563239689
"393" 1 242.42814725 276.622201262682
"394" 1 244.048874500002 270.553830922945
"395" 1 244.203873249999 304.271228233675
"396" 1 245.34699325 305.752342296478
"397" 1 245.640669249999 510.893004073373
"398" 1 247.078448499999 343.306729061626
"399" 1 249.257791249998 280.984047744853
"400" 1 249.491922499998 287.79432011158
"401" 1 249.87809825 462.120825457194
"402" 1 249.984156500002 604.74885438529
"403" 1 250.299922500003 253.632346594177
"404" 1 250.430095250001 256.589048212561
"405" 1 250.533600250002 404.579487892307
"406" 1 250.783909000001 331.457297695273
"407" 1 251.072520999999 458.657502363243
"408" 1 251.544532499999 281.986652593609
"409" 1 251.749417000003 252.967675025531
"410" 1 252.34774525 325.56828577206
"411" 1 252.760999250001 367.769979398573
"412" 1 252.93573125 291.536346167005
"413" 1 253.195766500001 299.908314704677
"414" 1 253.608691249998 744.263785789452
"415" 1 253.717528999998 378.905830007263
"416" 1 253.936493000001 384.91604944446
"417" 1 255.122856500001 450.617813193314
"418" 1 256.277693249997 256.321682957274
"419" 1 256.504936249999 387.361574002525
"420" 1 256.63166425 279.133192368223
"421" 1 256.930085000001 294.771276807591
"422" 1 257.305043249998 298.220283408576
"423" 1 257.41347625 331.601944970992
"424" 1 257.525402000002 347.204913090606
"425" 1 257.649301000001 487.517553235126
"426" 1 258.211281250001 260.682364782412
"427" 1 258.990223999998 663.904600936051
"428" 1 259.008842500002 266.605389113841
"429" 1 260.58597025 615.706361037664
"430" 1 260.878638250001 304.180446548652
"431" 1 260.889363249998 317.894693695278
"432" 1 260.969484250001 513.195696316792
"433" 1 261.122602 274.45814953931
"434" 1 261.29177425 410.4224169113
"435" 1 263.030401999999 383.219807334847
"436" 1 263.158512499999 325.691786707429
"437" 1 263.6300125 295.891226274022
"438" 1 264.087856250001 305.273983317864
"439" 1 264.504530249999 379.918538673757
"440" 1 264.853116999999 291.393370934641
"441" 1 264.91227625 304.157781026258
"442" 1 265.682102500001 353.631337522872
"443" 1 266.1493825 466.045619699126
"444" 1 266.488182499997 327.637683005017
"445" 1 266.63917725 307.957698003583
"446" 1 266.86636825 383.166753437032
"447" 1 267.426762499998 280.380344379316
"448" 1 268.866945000001 417.626976785613
"449" 1 268.998226250002 324.988614268764
"450" 1 269.726062499999 466.100119913202
"451" 1 270.385906249998 330.360717598825
"452" 1 270.547825999999 364.11276757212
"453" 1 270.760702500003 452.535123348056
"454" 1 272.254494250002 307.544526037215
"455" 1 272.533529 461.869050794486
"456" 1 272.733624999998 325.666857201295
"457" 1 273.091081250001 285.978370900816
"458" 1 274.100269249999 274.100273089726
"459" 1 274.398777250001 452.225556254949
"460" 1 274.440425 532.122292572593
"461" 1 275.0062925 285.744457313363
"462" 1 275.125892500001 281.582160559662
"463" 1 275.660739250001 306.667513613667
"464" 1 276.409668250001 369.171842949928
"465" 1 278.38485 295.751393932638
"466" 1 279.10063125 293.935878339183
"467" 1 279.437058000001 297.333770941929
"468" 1 279.700936999998 292.632733222988
"469" 1 279.870906499999 340.081051212925
"470" 1 280.948282 516.630137657459
"471" 1 280.989757250001 508.596117417423
"472" 1 281.29816125 287.084728948504
"473" 1 281.391174250001 317.727298852135
"474" 1 281.67762325 556.192064276952
"475" 1 281.897968250002 351.854652417209
"476" 1 282.3589085 328.935191171195
"477" 1 283.6117225 325.658989882669
"478" 1 284.102821000001 296.062566546824
"479" 1 284.253216249998 377.319881564488
"480" 1 284.969588000001 294.938045463078
"481" 1 285.461069 344.124885805432
"482" 1 286.1855105 326.861247167214
"483" 1 286.379190500002 477.347269880014
"484" 1 287.978890250001 289.375147916287
"485" 1 288.451451249999 339.498327881604
"486" 1 288.604781 310.015652229999
"487" 1 289.19040925 311.4780816017
"488" 1 289.71301225 530.708179236645
"489" 1 290.023224250001 408.646782410627
"490" 1 290.176247249999 316.882339637951
"491" 1 290.41737125 294.935438998074
"492" 1 290.892795250002 312.810243146314
"493" 1 292.48277625 362.548820927399
"494" 1 292.691875999999 383.023509435303
"495" 1 292.902878500001 308.775661770474
"496" 1 292.98726425 360.869623582275
"497" 1 293.02376225 332.873569963657
"498" 1 293.5710625 307.418569555568
"499" 1 293.873896 408.299531526072
"500" 1 295.057864999998 359.351276527504
"501" 1 295.921932500002 521.935834014526
"502" 1 296.237365249998 304.899933689992
"503" 1 297.408539250001 336.191365545856
"504" 1 297.75052125 325.074468571502
"505" 1 297.795541 387.226968208924
"506" 1 297.874503250001 297.938169907703
"507" 1 297.999961250003 300.895402093549
"508" 1 298.964635250001 396.877655791188
"509" 1 299.18976625 299.222935415685
"510" 1 300.227152 412.243339084231
"511" 1 300.502875250001 744.656062310032
"512" 1 300.515522500001 302.698259003711
"513" 1 302.039338500001 475.371812316637
"514" 1 302.078823999999 308.254497251361
"515" 1 303.585619999997 445.944841227691
"516" 1 304.513570249997 403.379636317203
"517" 1 304.567596249999 357.553521513
"518" 1 305.809706 308.338436242794
"519" 1 308.435485250001 377.052041769856
"520" 1 308.55097325 316.098991772667
"521" 1 308.629126250001 346.839938938109
"522" 1 309.5276805 342.794048269439
"523" 1 310.111502499999 344.675940904339
"524" 1 311.967888249998 313.212465144758
"525" 1 312.248812499997 598.904271319808
"526" 1 312.516847249999 372.622253659729
"527" 1 312.958386250001 591.98117646759
"528" 1 314.680589 335.175801483689
"529" 1 316.358018500001 376.700080965064
"530" 1 316.73271625 333.872154242099
"531" 1 317.007517000002 601.611674571432
"532" 1 317.58604525 320.230999562879
"533" 1 317.985169999999 643.443468928006
"534" 1 319.63252525 403.406352576012
"535" 1 320.370932499999 341.193470210917
"536" 1 321.089323250001 321.098629509518
"537" 1 321.235762249998 672.812914458056
"538" 1 323.135646499999 440.279390484281
"539" 1 323.798508500001 327.300850300832
"540" 1 324.56350925 361.08716211689
"541" 1 325.114934500001 334.889533069693
"542" 1 325.70638425 362.524182592854
"543" 1 326.0667325 377.671893441637
"544" 1 326.22098 333.471186567904
"545" 1 326.538920499999 353.428585101193
"546" 1 327.993806500001 328.438133814905
"547" 1 328.471310250003 385.649855958914
"548" 1 329.0815445 353.730339680738
"549" 1 329.380564000001 427.419070959221
"550" 1 329.479266249999 330.657486246794
"551" 1 329.902056249999 348.448490364948
"552" 1 330.28596625 349.063291885451
"553" 1 330.483358249999 351.592137780299
"554" 1 333.290328500001 333.550002967339
"555" 1 333.60545125 437.052732777638
"556" 1 333.839322500003 346.199413459466
"557" 1 334.842902499999 336.537541467634
"558" 1 335.274057000001 442.393923066632
"559" 1 335.59704125 584.728451919965
"560" 1 336.037198499998 336.123281675411
"561" 1 336.37953625 350.774695981556
"562" 1 336.441969 362.742842536665
"563" 1 336.676924999998 397.095811223358
"564" 1 337.361494500001 338.603297800504
"565" 1 337.67368325 397.540210140019
"566" 1 337.686534250001 442.510490773727
"567" 1 337.9267825 338.231823627456
"568" 1 339.124997000001 339.184481695399
"569" 1 339.437181250001 339.681107996351
"570" 1 340.002632500006 569.361150602443
"571" 1 340.567195249997 905.424765430363
"572" 1 340.96126925 342.877481161337
"573" 1 341.498988500001 345.622517153752
"574" 1 341.983267250003 363.065130685495
"575" 1 342.763548499999 344.998505519924
"576" 1 344.610992499998 659.543885012846
"577" 1 345.278698249997 367.454274471015
"578" 1 345.771288999999 353.948136637412
"579" 1 347.179436499999 522.955378852659
"580" 1 352.30219625 385.663757923507
"581" 1 352.325342500002 352.608807041652
"582" 1 353.7978205 355.704837040218
"583" 1 353.965611249999 378.617933230029
"584" 1 355.81702725 393.57460030208
"585" 1 356.118392500002 406.551033045865
"586" 1 356.297581249999 357.798839540747
"587" 1 356.298924250002 357.80964869283
"588" 1 357.325058499998 357.458124617456
"589" 1 357.457249250002 372.149059179549
"590" 1 357.665079249997 432.570883396758
"591" 1 357.993458500001 434.786881570459
"592" 1 359.74703125 367.810217073805
"593" 1 360.549024250002 375.412889748558
"594" 1 360.6247765 371.681913309234
"595" 1 361.258118500002 363.680129460532
"596" 1 361.53924025 471.923611330801
"597" 1 363.094290249999 378.993936092444
"598" 1 363.791925250003 378.201118154677
"599" 1 364.579722499997 375.049804446422
"600" 1 365.938232500001 414.752028459
"601" 1 368.193178 372.351535122106
"602" 1 368.389086249999 390.094040723589
"603" 1 369.146304500001 407.574682776628
"604" 1 371.724788000003 438.295436484142
"605" 1 372.236231250002 405.598175804788
"606" 1 372.847729000001 408.793305478267
"607" 1 377.089528999998 466.407791289369
"608" 1 377.092004000003 386.305851500352
"609" 1 379.772872999999 418.8661105048
"610" 1 380.188962499999 380.253046590089
"611" 1 381.242084499998 381.340793332764
"612" 1 382.297818250001 384.739505446859
"613" 1 383.300037250003 416.622162658101
"614" 1 385.118286250002 559.23129305274
"615" 1 386.792611250002 449.04042000475
"616" 1 386.9229325 418.890140067577
"617" 1 387.950095250002 388.995197705736
"618" 1 388.565772500002 554.981938623134
"619" 1 390.82711925 639.609173630431
"620" 1 392.147065000001 394.743408712444
"621" 1 392.246682250001 394.741098537338
"622" 1 394.436630250002 414.722400807658
"623" 1 394.796365 396.140866529931
"624" 1 395.219012499999 395.220575347993
"625" 1 398.20289125 459.248551380288
"626" 1 399.460051249997 403.446893902644
"627" 1 400.010085250001 425.674555612678
"628" 1 402.981064000002 620.706098486633
"629" 1 403.250103250001 659.917647530104
"630" 1 405.876535250001 438.001049443773
"631" 1 407.622819250002 408.170185387374
"632" 1 408.133078249996 575.066353788917
"633" 1 408.869288999999 525.446688156178
"634" 1 409.166017000001 742.050894316337
"635" 1 409.392652500001 414.520879404599
"636" 1 411.596898250002 445.392259850942
"637" 1 411.793717 427.571227477484
"638" 1 412.1965 412.300401356799
"639" 1 413.206484500001 506.703645202496
"640" 1 413.498556249999 466.522345820407
"641" 1 415.645647999999 417.755880972079
"642" 1 422.8595045 423.274752173538
"643" 1 424.495345 425.585151439408
"644" 1 427.773586500005 447.185773879763
"645" 1 428.138606249999 428.506879864888
"646" 1 429.171128499999 429.175102649991
"647" 1 430.432084249997 434.475354794735
"648" 1 433.434962500003 444.45887121692
"649" 1 433.63486325 462.763997444315
"650" 1 434.96960525 449.091938138397
"651" 1 436.472457999997 628.590708628371
"652" 1 440.032614500001 440.044018260012
"653" 1 440.155843999999 481.571254868949
"654" 1 443.310068499998 450.853503018953
"655" 1 444.722185999999 518.531588182648
"656" 1 446.885670500005 493.417028952987
"657" 1 449.001288499999 498.143756014061
"658" 1 449.005998249997 628.143958153394
"659" 1 449.784236249996 934.054348124117
"660" 1 450.08844625 507.107124398575
"661" 1 450.366247250001 524.544182363989
"662" 1 452.951093249999 518.072033532413
"663" 1 453.509146249997 486.982748557627
"664" 1 455.720325250001 527.315387811221
"665" 1 459.346906249996 526.409015433599
"666" 1 459.60944125 464.48056977908
"667" 1 461.669089249995 462.212896784644
"668" 1 462.723417000001 494.83219015189
"669" 1 464.630062500002 497.134886057396
"670" 1 465.23577425 640.793804512221
"671" 1 468.9604945 529.87793319826
"672" 1 469.137876249999 591.164932464817
"673" 1 470.287118249997 478.487257518045
"674" 1 479.015921000002 499.546525778711
"675" 1 484.21386325 491.991164163005
"676" 1 484.510100499998 516.601462714793
"677" 1 488.520724249999 558.202027659303
"678" 1 494.883753250003 516.016729318038
"679" 1 495.359736249996 515.086633790804
"680" 1 496.737672500005 509.522883219778
"681" 1 497.809684999999 499.238570799457
"682" 1 499.596500000002 521.341779279777
"683" 1 500.124484250001 500.57347292311
"684" 1 502.54042225 503.213568985105
"685" 1 502.719708249999 567.930483919977
"686" 1 503.36147525 529.288511630916
"687" 1 506.091650000003 506.894269378204
"688" 1 507.142292500001 630.139753579913
"689" 1 526.236544999994 533.546247789732
"690" 1 527.342598250003 527.981911489379
"691" 1 530.504412499999 595.324551792936
"692" 1 531.34274425 539.91818512396
"693" 1 533.179096250002 541.452137027798
"694" 1 539.09784125 633.56227334916
"695" 1 540.862416250002 550.833145392699
"696" 1 542.631880999999 563.536676869916
"697" 1 555.3849625 607.858134347691
"698" 1 564.142275249999 587.959639996739
"699" 1 567.99667525 570.300793082681
"700" 1 568.372470499999 639.717352306277
"701" 1 572.043256249999 719.886836979388
"702" 1 572.9517385 612.928127616657
"703" 1 574.088069 575.495122882212
"704" 1 577.813548249998 606.504672014632
"705" 1 583.812244000003 675.3572579733
"706" 1 589.322036249998 597.339369957253
"707" 1 592.638483999999 592.94988772223
"708" 1 609.523464500004 732.131767777181
"709" 1 659.707582499999 742.683238431141
"710" 1 665.550158499999 668.666914719308
"711" 1 685.75290725 696.732651898676
"712" 1 696.67738825 705.893702855163
"713" 1 705.344833249997 715.952472854335
"714" 1 710.818741250001 713.847946674828
"715" 1 724.698269000004 856.035596513939
"716" 1 724.970998250002 732.174562152153
"717" 1 750.979803250003 769.848104508499
"718" 1 1305.8905925 1387.67655568163
