"dimension" "Birth" "Death"
"1" 0 0 Inf
"2" 0 0 396.990397000002
"3" 0 0 372.118311250002
"4" 0 0 387.162109000004
"5" 0 0 359.056385000003
"6" 0 0 233.513502499999
"7" 0 0 369.198805000001
"8" 0 0 347.253222500002
"9" 0 0 313.281595250001
"10" 0 0 370.266752249997
"11" 0 0 318.775075999993
"12" 0 0 332.22571225
"13" 0 0 237.03304025
"14" 0 0 222.4445085
"15" 0 0 230.818810000001
"16" 0 0 467.204871249997
"17" 0 0 361.85601125
"18" 0 0 355.810152999999
"19" 0 0 301.038221249999
"20" 0 0 293.1190925
"21" 0 0 265.835670249998
"22" 0 0 304.128051250003
"23" 0 0 245.424993250002
"24" 0 0 90.4651944999989
"25" 0 0 272.269666250002
"26" 0 0 337.1175265
"27" 0 0 279.822395249999
"28" 0 0 353.977884500001
"29" 0 0 351.414899999998
"30" 0 0 338.417700499999
"31" 0 0 343.511994249999
"32" 0 0 308.568190249998
"33" 0 0 171.880673000002
"34" 0 0 239.595411250002
"35" 0 0 147.398554
"36" 0 0 252.226412500002
"37" 0 0 348.201762500003
"38" 0 0 252.961771250002
"39" 0 0 346.996110250003
"40" 0 0 327.716160250003
"41" 0 0 277.3770025
"42" 0 0 253.751388250001
"43" 0 0 213.728022499998
"44" 0 0 265.519957
"45" 0 0 369.678754249998
"46" 0 0 304.303371249998
"47" 0 0 349.550638250001
"48" 0 0 240.222100499999
"49" 0 0 312.001656249997
"50" 0 0 293.885820500002
"51" 0 0 225.439560999999
"52" 0 0 310.96631125
"53" 0 0 242.99825425
"54" 0 0 276.796578499999
"55" 0 0 409.612143250001
"56" 0 0 163.524395250001
"57" 0 0 305.730831250001
"58" 0 0 351.770716249996
"59" 0 0 317.864943249999
"60" 0 0 316.091060499999
"61" 0 0 377.6124305
"62" 0 0 259.81021625
"63" 0 0 304.253644249999
"64" 0 0 332.970711249998
"65" 0 0 178.738336250002
"66" 0 0 216.89900825
"67" 0 0 329.958299250003
"68" 0 0 439.02903325
"69" 0 0 261.490618000002
"70" 0 0 322.23831625
"71" 0 0 283.978729000001
"72" 0 0 218.045262250002
"73" 0 0 328.943204999999
"74" 0 0 438.352840999997
"75" 0 0 274.62835625
"76" 0 0 175.2344725
"77" 0 0 271.180249249999
"78" 0 0 455.457552250002
"79" 0 0 318.387814249999
"80" 0 0 260.195218
"81" 0 0 214.810272499999
"82" 0 0 316.821138500001
"83" 0 0 197.05699625
"84" 0 0 325.160266499997
"85" 0 0 321.720002000001
"86" 0 0 215.32314725
"87" 0 0 306.547873
"88" 0 0 305.098178500001
"89" 0 0 367.556926249999
"90" 0 0 163.8464165
"91" 0 0 288.084008
"92" 0 0 239.396865250001
"93" 0 0 242.4730145
"94" 0 0 499.628256250002
"95" 0 0 383.038471250001
"96" 0 0 264.918140500001
"97" 0 0 213.305462500002
"98" 0 0 312.733308500002
"99" 0 0 119.916232250001
"100" 0 0 286.31199425
"101" 0 0 209.83181
"102" 0 0 317.643732500001
"103" 0 0 275.363391249999
"104" 0 0 340.739689999999
"105" 0 0 263.68566625
"106" 0 0 180.545897249999
"107" 0 0 306.434625999998
"108" 0 0 272.586766249999
"109" 0 0 324.379848500002
"110" 0 0 249.095996999999
"111" 0 0 348.914908249999
"112" 0 0 310.856088999999
"113" 0 0 380.822682500002
"114" 0 0 394.23780625
"115" 0 0 245.643526250003
"116" 0 0 240.948819250001
"117" 0 0 164.40860825
"118" 0 0 243.719054499999
"119" 0 0 390.305770000001
"120" 0 0 305.521791249999
"121" 0 0 370.256683249999
"122" 0 0 443.521051249999
"123" 0 0 332.38455625
"124" 0 0 330.236792500001
"125" 0 0 292.449276999999
"126" 0 0 423.484662499999
"127" 0 0 284.069636500001
"128" 0 0 310.786140499998
"129" 0 0 354.02648725
"130" 0 0 311.463842500001
"131" 0 0 303.771085000001
"132" 0 0 299.205589000003
"133" 0 0 315.5634025
"134" 0 0 280.994489000002
"135" 0 0 376.951038500002
"136" 0 0 388.611778250002
"137" 0 0 197.359893249999
"138" 0 0 303.209364250002
"139" 0 0 233.837974249997
"140" 0 0 315.09812025
"141" 0 0 336.3292305
"142" 0 0 128.37178625
"143" 0 0 366.745813249998
"144" 0 0 361.179984999999
"145" 0 0 387.35877625
"146" 0 0 238.860993999999
"147" 0 0 218.494332499999
"148" 0 0 270.699691250002
"149" 0 0 281.463394500001
"150" 0 0 334.726272249999
"151" 0 0 268.323312499999
"152" 0 0 338.906830249999
"153" 0 0 229.98162125
"154" 0 0 342.533479249999
"155" 0 0 367.559463999998
"156" 0 0 380.753426500002
"157" 0 0 400.469406250001
"158" 0 0 458.843921999999
"159" 0 0 247.038322250001
"160" 0 0 230.551401249999
"161" 0 0 231.014681000003
"162" 0 0 455.381391249999
"163" 0 0 264.677479249999
"164" 0 0 297.423984999999
"165" 0 0 407.484972249996
"166" 0 0 405.811092249999
"167" 0 0 278.33780025
"168" 0 0 188.574518499998
"169" 0 0 560.986280999997
"170" 0 0 298.554311249998
"171" 0 0 172.140024250001
"172" 0 0 343.917024999999
"173" 0 0 411.7394305
"174" 0 0 290.72172825
"175" 0 0 398.469792499999
"176" 0 0 276.961446249999
"177" 0 0 276.528549250001
"178" 0 0 120.607881999997
"179" 0 0 103.09166725
"180" 0 0 294.639800499995
"181" 0 0 290.498773
"182" 0 0 219.943340999999
"183" 0 0 227.167788249999
"184" 0 0 455.93760125
"185" 0 0 208.848226000001
"186" 0 0 186.934916249999
"187" 0 0 255.463531249998
"188" 0 0 279.400972500002
"189" 0 0 284.214584249998
"190" 0 0 347.4878425
"191" 0 0 359.332986500001
"192" 0 0 315.324029249999
"193" 0 0 220.057637000001
"194" 0 0 286.517596250001
"195" 0 0 278.723544249998
"196" 0 0 314.619049999998
"197" 0 0 270.051521000002
"198" 0 0 241.352769999999
"199" 0 0 274.762157000001
"200" 0 0 239.309209249995
"201" 0 0 294.873354000001
"202" 0 0 325.332984500001
"203" 0 0 381.992699249998
"204" 0 0 443.266088000001
"205" 0 0 280.97212225
"206" 0 0 334.895305000001
"207" 0 0 249.4672245
"208" 0 0 450.819625000001
"209" 0 0 367.181294500002
"210" 0 0 359.509374250002
"211" 0 0 199.359748250002
"212" 0 0 336.625081000003
"213" 0 0 408.615794000002
"214" 0 0 383.15692025
"215" 0 0 331.02335825
"216" 0 0 262.952649999997
"217" 0 0 269.047995250001
"218" 0 0 425.08981
"219" 0 0 315.2896965
"220" 0 0 176.608881250003
"221" 0 0 170.649362
"222" 0 0 470.9526925
"223" 0 0 395.294062500001
"224" 0 0 274.105171250003
"225" 0 0 319.6479105
"226" 0 0 378.898154500002
"227" 0 0 292.398036499999
"228" 0 0 436.972141000003
"229" 0 0 278.068196499999
"230" 0 0 308.512602500002
"231" 0 0 306.819102499999
"232" 0 0 174.77957
"233" 0 0 301.814139250002
"234" 0 0 289.94439625
"235" 0 0 170.768101250001
"236" 0 0 207.46756225
"237" 0 0 370.292334249999
"238" 0 0 340.772263249999
"239" 0 0 389.69093525
"240" 0 0 206.121042500001
"241" 0 0 318.950370500003
"242" 0 0 358.357596499999
"243" 0 0 390.834124249999
"244" 0 0 384.652704999999
"245" 0 0 382.2061025
"246" 0 0 240.934527249999
"247" 0 0 363.978871249998
"248" 0 0 366.459878499999
"249" 0 0 458.9950105
"250" 0 0 313.405680249999
"251" 0 0 343.292994500003
"252" 0 0 376.902663999998
"253" 0 0 211.042812499997
"254" 0 0 377.667912249997
"255" 0 0 278.07434425
"256" 0 0 369.314246250001
"257" 0 0 332.538895250001
"258" 0 0 398.670232999997
"259" 0 0 421.279824500001
"260" 0 0 364.998246500001
"261" 0 0 186.25489525
"262" 0 0 255.570521000001
"263" 0 0 352.18238625
"264" 0 0 415.99739925
"265" 0 0 325.786932249998
"266" 0 0 194.8175465
"267" 0 0 159.71801225
"268" 0 0 319.149918250001
"269" 0 0 409.709630500002
"270" 0 0 226.669935250001
"271" 0 0 340.229336500001
"272" 0 0 383.601009999999
"273" 0 0 322.668576499998
"274" 0 0 525.773847250001
"275" 0 0 420.337476249997
"276" 0 0 346.159314250001
"277" 0 0 104.27805125
"278" 0 0 250.624081249998
"279" 0 0 315.134886250001
"280" 0 0 296.073220499999
"281" 0 0 282.071472499997
"282" 0 0 374.256991250002
"283" 0 0 372.253092500001
"284" 0 0 257.722290249999
"285" 0 0 363.728144000001
"286" 0 0 333.27275725
"287" 0 0 397.90801
"288" 0 0 328.96788125
"289" 0 0 209.595085250003
"290" 0 0 269.447781250001
"291" 0 0 336.718307249999
"292" 0 0 328.865350249999
"293" 0 0 198.766754499999
"294" 0 0 335.7279245
"295" 0 0 421.875281
"296" 0 0 377.4958045
"297" 0 0 303.874325
"298" 0 0 435.284052999999
"299" 0 0 353.354528500002
"300" 0 0 417.011958499999
"301" 0 0 275.9013665
"302" 0 0 283.391210000001
"303" 0 0 275.4749465
"304" 0 0 270.794709249999
"305" 0 0 335.866702500001
"306" 0 0 402.655250500001
"307" 0 0 302.149109000001
"308" 0 0 321.445387249999
"309" 0 0 396.466002500001
"310" 0 0 304.998814249997
"311" 0 0 547.2296125
"312" 0 0 221.39484425
"313" 0 0 546.742701249998
"314" 0 0 400.925756249996
"315" 0 0 294.311240500003
"316" 0 0 381.616508499998
"317" 0 0 422.9271325
"318" 0 0 239.983495999998
"319" 0 0 249.910708
"320" 0 0 235.734102249999
"321" 0 0 409.268064250002
"322" 0 0 348.164088499999
"323" 0 0 536.591009000002
"324" 0 0 160.90405625
"325" 0 0 348.833168
"326" 0 0 335.175184250001
"327" 0 0 289.855848249999
"328" 0 0 319.657277249999
"329" 0 0 199.666434249999
"330" 0 0 376.012214500001
"331" 0 0 436.452377
"332" 0 0 230.259478499999
"333" 0 0 191.95611025
"334" 0 0 240.105061250001
"335" 0 0 304.358344249999
"336" 0 0 438.765781250004
"337" 0 0 121.519562
"338" 0 0 258.658947249999
"339" 0 0 219.374581
"340" 0 0 242.756201
"341" 0 0 180.503703250001
"342" 0 0 213.63861825
"343" 0 0 335.233017999998
"344" 0 0 178.72804125
"345" 0 0 241.14237425
"346" 0 0 321.2378665
"347" 0 0 439.106655250001
"348" 0 0 300.247135249998
"349" 0 0 426.664746249999
"350" 0 0 389.979298249997
"351" 0 0 243.524068250003
"352" 0 0 238.163249249999
"353" 0 0 310.230706250003
"354" 0 0 275.500456249999
"355" 0 0 235.31565325
"356" 0 0 484.5623645
"357" 0 0 416.390928999998
"358" 0 0 411.464748500002
"359" 0 0 268.087304500001
"360" 0 0 275.355796999997
"361" 0 0 463.933221249999
"362" 0 0 285.45857425
"363" 0 0 443.24972425
"364" 0 0 391.690712499997
"365" 0 0 242.249584999999
"366" 1 232.29254425 294.621660097825
"367" 1 233.972035250001 441.677923177541
"368" 1 247.988652249997 299.739295894468
"369" 1 260.295552500001 318.359376959997
"370" 1 262.62719425 309.773404320522
"371" 1 270.002708999999 430.479914398399
"372" 1 280.043556999998 294.57986147812
"373" 1 281.702151249998 349.111675377271
"374" 1 297.08457925 618.291174421376
"375" 1 318.825861250002 346.328659840682
"376" 1 321.614784999997 363.924955561679
"377" 1 322.884358250001 453.811523466778
"378" 1 323.81337925 332.60941461127
"379" 1 324.842208999999 451.575639742165
"380" 1 328.425524999998 328.573227960595
"381" 1 329.677673000001 419.22666658688
"382" 1 331.515312500001 491.431312130055
"383" 1 334.863564999998 341.411780221941
"384" 1 337.288868499998 419.668512158071
"385" 1 338.602740249999 426.944376221028
"386" 1 341.370338 426.818204344993
"387" 1 341.709260500003 423.584830231828
"388" 1 345.670391250001 408.616208615972
"389" 1 347.114667249999 686.298048481937
"390" 1 348.383253250001 717.061397904223
"391" 1 349.96467025 441.22536276637
"392" 1 350.8810625 621.424493569126
"393" 1 351.037892500001 401.336345104588
"394" 1 351.652836500001 494.921624665448
"395" 1 354.217656250001 422.919061521375
"396" 1 354.36243125 382.457838247169
"397" 1 355.793840999997 588.365139749414
"398" 1 356.453948499996 396.449140351954
"399" 1 357.37637225 428.620164805732
"400" 1 357.649480250004 469.159976324214
"401" 1 357.719631249999 620.941084252588
"402" 1 361.746466000002 868.905059123215
"403" 1 363.269892499997 440.461871879972
"404" 1 364.891059250001 621.784332310765
"405" 1 365.450768 408.659511467702
"406" 1 365.551285000003 713.522419647047
"407" 1 366.642614499999 412.376215894674
"408" 1 367.136266250004 389.317049514222
"409" 1 369.027606250002 473.759604825065
"410" 1 370.37084725 473.016533472224
"411" 1 370.655823250002 470.235030306383
"412" 1 370.728261 521.308061767459
"413" 1 370.835714499999 386.889551375236
"414" 1 370.921844250001 465.754598468713
"415" 1 371.098544499998 411.800653954305
"416" 1 371.807028499998 383.855827604143
"417" 1 373.477870249998 486.812589475914
"418" 1 374.373763249999 799.609176350571
"419" 1 376.075114 503.837093614288
"420" 1 376.097122250001 388.926707833531
"421" 1 378.304886249999 676.470799675357
"422" 1 378.886148000001 698.756538620133
"423" 1 379.509770249999 996.632132091494
"424" 1 380.120766250001 387.272468436388
"425" 1 380.814113249998 399.896758664892
"426" 1 380.851076249999 446.823449729887
"427" 1 382.634572999999 394.762995315167
"428" 1 383.199078249999 672.621277426672
"429" 1 383.473683999999 610.13169256202
"430" 1 384.8689645 385.29202666862
"431" 1 386.694050000001 402.55928800473
"432" 1 388.370205 672.372804340016
"433" 1 388.485602500001 826.481847134869
"434" 1 388.952777250001 465.766440100445
"435" 1 389.107729249999 856.074092749315
"436" 1 389.78564 960.463550375036
"437" 1 389.93326525 455.351020271868
"438" 1 390.418976250002 631.064811263584
"439" 1 390.641625999999 407.78106326789
"440" 1 391.165069250001 862.644922888008
"441" 1 391.702655249999 554.906393374242
"442" 1 392.1698485 431.855886429086
"443" 1 393.582165250001 476.260281984515
"444" 1 394.521001999998 409.274845356788
"445" 1 394.896404249999 407.760282379719
"446" 1 395.196583999997 926.364930222098
"447" 1 395.280948500003 468.234299064659
"448" 1 396.119887999999 452.988535322663
"449" 1 396.517894250001 701.725270896924
"450" 1 396.891276999999 568.424719958723
"451" 1 397.849524250001 478.603926176195
"452" 1 398.5818525 655.055659511596
"453" 1 399.123132500003 629.856395333628
"454" 1 400.003244500001 452.861542397651
"455" 1 401.527205 464.419158223374
"456" 1 403.00778725 813.053995529461
"457" 1 403.072003249999 438.913549444294
"458" 1 404.584050250003 440.573084765939
"459" 1 404.641296250001 637.800769092948
"460" 1 405.646906249998 829.89569755581
"461" 1 406.33341725 459.237600332219
"462" 1 406.935103249999 420.052955297465
"463" 1 407.507717249999 471.920347969221
"464" 1 407.93892625 439.752342916328
"465" 1 409.097634249997 436.07583273415
"466" 1 411.122161249999 659.999450592138
"467" 1 411.73603325 569.56316940128
"468" 1 412.269156249998 648.723161431715
"469" 1 413.294755249999 830.16100409597
"470" 1 413.51121125 501.697906322708
"471" 1 413.872306000003 457.253165206221
"472" 1 413.909642499998 426.091382983617
"473" 1 414.571144249999 588.642622670545
"474" 1 415.152085000001 498.631109524498
"475" 1 415.662812500002 521.367391758537
"476" 1 415.95456025 601.626540269659
"477" 1 416.590030249999 688.7715384661
"478" 1 416.899722499999 713.05642260905
"479" 1 417.23338925 786.985305885207
"480" 1 417.55708125 535.991877673029
"481" 1 417.6114325 698.806186283031
"482" 1 418.086867250001 447.050762303684
"483" 1 418.157525000001 588.811245386648
"484" 1 419.343529999997 572.363180572561
"485" 1 419.458001 823.681440526494
"486" 1 419.667265000001 547.882744903821
"487" 1 420.144712249999 704.30027171767
"488" 1 420.330704000001 454.516703840148
"489" 1 421.664058000003 455.660136368312
"490" 1 422.509039250002 942.656283220144
"491" 1 423.340204250002 708.277295283003
"492" 1 423.454116500002 472.166794547334
"493" 1 423.488738249999 830.688307303549
"494" 1 423.7910725 696.360380448777
"495" 1 424.010938250001 662.154829413401
"496" 1 425.5606745 463.43948751847
"497" 1 425.657189249999 557.158120579847
"498" 1 426.303213250003 637.158171261453
"499" 1 427.360099999998 643.060224103435
"500" 1 427.471944999999 485.674644035729
"501" 1 428.25452525 477.120711532297
"502" 1 428.266278499999 1042.06219331324
"503" 1 429.345175250002 454.779622032729
"504" 1 429.513792499998 540.502538836639
"505" 1 429.588201999997 462.382658326936
"506" 1 429.998516000003 755.484292281554
"507" 1 430.854505000001 509.893229760036
"508" 1 431.364793250003 663.011209872915
"509" 1 432.12442925 554.04941009697
"510" 1 433.220528499998 448.215155114024
"511" 1 435.650268999999 586.835286092573
"512" 1 436.061424500001 712.874070405484
"513" 1 436.20927125 651.488165372525
"514" 1 437.909352249997 438.194874549581
"515" 1 438.428734250001 573.045090304102
"516" 1 438.4436165 628.159439164719
"517" 1 438.737656999998 497.047166042317
"518" 1 440.00772125 459.077551463658
"519" 1 440.710582250003 553.040568622303
"520" 1 440.773286500001 447.933596041973
"521" 1 441.622500249998 622.68817572559
"522" 1 441.7355605 1086.81394647067
"523" 1 442.448244999999 458.550454232454
"524" 1 442.630101250001 512.486737520127
"525" 1 442.689311250004 646.531411866495
"526" 1 442.985484999999 510.250550573844
"527" 1 444.04659125 547.520974754751
"528" 1 444.200441 570.115445319259
"529" 1 444.7600805 493.41955902774
"530" 1 446.092335249999 546.58493830952
"531" 1 446.303177000003 538.712034303089
"532" 1 446.468672000004 704.238272544759
"533" 1 446.99264125 626.021519847201
"534" 1 447.026265000001 1079.03830711519
"535" 1 448.022810249999 774.493000390783
"536" 1 448.43951125 731.222041432692
"537" 1 448.92323125 502.635013128278
"538" 1 449.9058085 558.751346736905
"539" 1 450.562665250002 499.606205851389
"540" 1 451.022834 497.559917140666
"541" 1 451.2151625 797.559317026344
"542" 1 452.873530250001 518.446858520287
"543" 1 453.342125000004 510.511418520211
"544" 1 453.701131250001 508.992283997793
"545" 1 454.75818425 762.024803868647
"546" 1 455.067774249999 456.550382693595
"547" 1 456.074976249998 783.40188045939
"548" 1 456.547702500002 540.751708810874
"549" 1 456.649614500001 468.54265787637
"550" 1 458.58479225 598.214306015371
"551" 1 460.48894625 761.766552288892
"552" 1 460.648154250001 469.903980081378
"553" 1 461.096136999999 836.607287767134
"554" 1 461.235601250001 560.050413798022
"555" 1 462.249181250001 535.793742496499
"556" 1 462.713180499999 561.23169299134
"557" 1 463.255526499997 492.359858738275
"558" 1 464.07569 829.379899684847
"559" 1 464.150160000001 523.434119176718
"560" 1 464.4140665 826.949716096704
"561" 1 465.042048500003 465.746770235639
"562" 1 465.105064250002 713.411014452552
"563" 1 465.210628999994 726.383429405635
"564" 1 465.220382500002 503.060478931037
"565" 1 465.235722499998 544.189661202976
"566" 1 465.636522249999 497.644457423036
"567" 1 465.754095250002 811.486834338369
"568" 1 467.666354 472.637486942495
"569" 1 468.647622250001 913.128813059937
"570" 1 468.797216499999 515.294240423801
"571" 1 468.85450625 614.129763282309
"572" 1 469.239261249997 599.923131082879
"573" 1 469.431737 658.431254077514
"574" 1 470.06524625 659.734106174675
"575" 1 470.157021249998 500.426028033788
"576" 1 470.169108 529.095879440185
"577" 1 470.22614125 601.099262147173
"578" 1 470.237204000001 986.948892758663
"579" 1 471.58404625 559.711845802279
"580" 1 471.62601225 496.912604627289
"581" 1 471.696070250001 534.485480948711
"582" 1 471.840117250005 609.969984596844
"583" 1 472.595502250002 870.365505222373
"584" 1 473.106819249998 512.814830660479
"585" 1 473.330645 802.098912965663
"586" 1 473.4535865 487.06663258098
"587" 1 473.593364499999 562.811951722398
"588" 1 473.94721125 859.607584832759
"589" 1 474.583645 526.149183230585
"590" 1 474.819907250002 482.565993873632
"591" 1 475.11370325 539.166926367127
"592" 1 475.213661000001 568.84466665048
"593" 1 475.944835999999 725.15726505915
"594" 1 476.400944500002 530.354114998952
"595" 1 476.772057 786.449497629725
"596" 1 476.942791250004 573.357807152121
"597" 1 477.004122000002 591.668017620586
"598" 1 477.394316999999 513.887684413459
"599" 1 477.429341000001 521.336680446685
"600" 1 478.587766500002 499.456656238316
"601" 1 478.755975999999 665.831242488397
"602" 1 479.09641 573.508125632309
"603" 1 479.565516250001 679.851365376094
"604" 1 480.936600250001 733.281517626468
"605" 1 481.068452249997 953.492470534554
"606" 1 481.316464249999 582.651368333934
"607" 1 481.534249999998 686.05313303806
"608" 1 481.69484225 485.410279468033
"609" 1 481.921161249999 554.121260656826
"610" 1 482.08313 500.802014545663
"611" 1 482.760281 646.955609319001
"612" 1 482.77115825 773.76151777444
"613" 1 483.090845 611.333022681471
"614" 1 483.382498249999 670.138859693635
"615" 1 484.267220000001 741.923125683481
"616" 1 484.387124000001 709.873124864842
"617" 1 485.735265250003 627.78554934169
"618" 1 486.400986250001 504.893029514445
"619" 1 486.70633625 608.556556968968
"620" 1 487.762947249999 568.962989256938
"621" 1 488.268306250001 620.750454122224
"622" 1 489.070732999998 510.822047101155
"623" 1 489.2235185 568.890908392552
"624" 1 490.609880499999 770.027185431556
"625" 1 491.133604 547.999751540825
"626" 1 491.293553000001 549.897340189134
"627" 1 492.126646250001 735.335118919995
"628" 1 492.1966325 612.52405113866
"629" 1 492.80087225 496.036884965736
"630" 1 493.061710250002 607.416083369094
"631" 1 493.199513999997 813.618012816382
"632" 1 493.260125 494.53044141502
"633" 1 493.878570499999 551.75399645578
"634" 1 494.309508500001 570.576378803666
"635" 1 494.3863205 557.744051945543
"636" 1 495.675569000004 576.386545933956
"637" 1 497.030479999999 519.755006264726
"638" 1 497.780011250002 624.872009739243
"639" 1 499.030148 515.085394232604
"640" 1 500.98010825 587.224931618352
"641" 1 501.12420425 556.348229812717
"642" 1 501.342913000004 770.920990716974
"643" 1 501.435028250003 557.311643487022
"644" 1 501.95098025 525.144895567601
"645" 1 504.801681249998 695.030129384792
"646" 1 506.375770000002 610.914351445322
"647" 1 507.109092999998 810.772621707589
"648" 1 507.472664500001 573.931272041855
"649" 1 507.570929000001 561.669374616103
"650" 1 507.680336249997 583.325034391645
"651" 1 508.144996000003 752.99689951383
"652" 1 508.544381 563.6159489331
"653" 1 509.359621000004 766.618777145059
"654" 1 509.474258 566.139131382115
"655" 1 513.45411525 627.63330806198
"656" 1 514.273177999997 570.488778855467
"657" 1 514.340524999997 754.406418514065
"658" 1 514.734103250001 961.643788496014
"659" 1 515.75828125 572.306497104064
"660" 1 516.281688500001 583.656821502268
"661" 1 517.407186250001 568.471209957305
"662" 1 517.472325 593.215336025585
"663" 1 519.2283825 535.265660425859
"664" 1 520.325327250001 532.676678440078
"665" 1 520.681656500001 587.428407840762
"666" 1 520.857564999998 712.191634481311
"667" 1 521.067259249999 581.033402539555
"668" 1 521.428416250001 1001.44011215115
"669" 1 521.500978 582.137045060219
"670" 1 522.500656249999 607.064140251534
"671" 1 523.109210000001 523.775567085898
"672" 1 523.508028499995 630.992122590231
"673" 1 523.894352500001 1049.6199821087
"674" 1 524.234549000003 530.384256565425
"675" 1 524.597534499999 613.660257898424
"676" 1 524.6449045 921.338003092665
"677" 1 526.805688999998 544.935556590216
"678" 1 527.068099999999 571.927715026584
"679" 1 527.745204499998 534.506945892071
"680" 1 527.986276250001 570.981706849943
"681" 1 528.650330000002 572.714665820597
"682" 1 530.001626500002 572.236373582201
"683" 1 530.324367250002 668.010597479148
"684" 1 530.862600999998 553.308636244899
"685" 1 530.929232999999 556.366731850505
"686" 1 531.781602249997 599.939747434024
"687" 1 532.118131250002 661.56314257488
"688" 1 532.522176249998 553.135606754064
"689" 1 532.818190249999 754.587981053855
"690" 1 534.053713250002 736.947650218604
"691" 1 535.96514425 624.563281866231
"692" 1 536.302932500001 641.259944827418
"693" 1 536.559096250001 586.093335978732
"694" 1 538.234491250002 609.145680869539
"695" 1 539.191776500001 564.360760164854
"696" 1 539.249176249998 640.563959278654
"697" 1 540.206174500001 966.089220032697
"698" 1 540.573345249999 556.864010930517
"699" 1 541.940678499997 564.510537375203
"700" 1 542.4165745 557.288114859375
"701" 1 542.973841249999 632.335795744699
"702" 1 544.162962500001 675.105930555873
"703" 1 545.6505205 789.602262324479
"704" 1 546.248002499998 660.792525770907
"705" 1 547.831524499999 572.195175444143
"706" 1 549.040609000002 606.932511853708
"707" 1 549.297505250001 608.154604051236
"708" 1 549.417878499999 619.499375851796
"709" 1 549.737369000001 580.056423613438
"710" 1 550.916503250001 1177.25227372587
"711" 1 551.535197000002 597.131206546684
"712" 1 552.644884250005 685.402497758383
"713" 1 552.918844999999 588.076011668278
"714" 1 552.980010250001 691.514709659392
"715" 1 553.9120925 559.397629942568
"716" 1 554.549968999999 827.264124995133
"717" 1 554.937322 751.797043792453
"718" 1 555.957906250001 561.901881238767
"719" 1 557.182353999996 601.377455622256
"720" 1 557.626624999997 733.990342987282
"721" 1 557.816874249999 579.004239146923
"722" 1 558.81197125 654.215665114676
"723" 1 559.296870499999 610.672465397984
"724" 1 559.684996250001 579.42004045003
"725" 1 559.987930000001 643.733271559034
"726" 1 560.909196250003 602.770995361677
"727" 1 560.91285125 601.627263607482
"728" 1 561.669276999998 704.134692811822
"729" 1 561.815904250002 936.645535313238
"730" 1 562.615548499998 562.66425247147
"731" 1 562.82191925 615.990345707067
"732" 1 562.894173250001 687.012811573424
"733" 1 563.273434250002 791.88339632045
"734" 1 563.567847249997 563.946315428295
"735" 1 563.579496 655.538427266637
"736" 1 563.709171999999 589.342743210614
"737" 1 564.200704250004 645.510115663922
"738" 1 564.777472999999 633.59760650133
"739" 1 566.775111249996 566.790346636794
"740" 1 568.236880250003 782.474236919065
"741" 1 568.53317125 611.741310016198
"742" 1 569.532121250002 657.590846748886
"743" 1 569.74880125 680.017836490516
"744" 1 573.547622499999 843.388950949836
"745" 1 573.9212025 606.05744316558
"746" 1 574.458602499999 672.321482822424
"747" 1 574.479328250001 806.570096770046
"748" 1 574.493764000002 624.626731443051
"749" 1 575.1592225 644.990340412296
"750" 1 575.297866250001 728.115282840462
"751" 1 576.235584999998 943.918932976704
"752" 1 577.518546249998 605.262051000853
"753" 1 578.193689000002 586.209382921549
"754" 1 578.631661250001 606.212153855847
"755" 1 579.57284925 591.410637669605
"756" 1 579.617860250003 793.063468327043
"757" 1 580.382484999999 718.595587011314
"758" 1 580.554301000002 635.188357809596
"759" 1 582.013034500001 673.504886786367
"760" 1 582.908256250001 850.363941053154
"761" 1 585.211962499999 796.225430173401
"762" 1 585.910232499999 700.243654408485
"763" 1 586.219386250003 592.227211970519
"764" 1 587.175170499997 683.003310711709
"765" 1 588.776041250001 636.266452052388
"766" 1 589.636608999998 590.0267722648
"767" 1 591.527842 666.004053710015
"768" 1 592.509422500003 639.150329331443
"769" 1 594.955073250003 605.036510746555
"770" 1 595.141098500001 602.232422156109
"771" 1 595.388485249998 622.269793503919
"772" 1 596.754305999996 608.26957030071
"773" 1 597.604085000002 694.707542532522
"774" 1 598.274977 705.560843307477
"775" 1 598.31185625 770.195567924258
"776" 1 598.447685249999 637.869122088375
"777" 1 599.711771249999 607.784175319353
"778" 1 600.004698499999 660.479071437698
"779" 1 600.98125025 948.574739767931
"780" 1 601.960899999998 604.334964124354
"781" 1 602.932420250001 655.267741197154
"782" 1 603.053724999998 635.0443063051
"783" 1 603.449746000002 658.685617212287
"784" 1 604.730618000001 607.207977779119
"785" 1 605.43613225 721.508398450757
"786" 1 606.032833249998 625.2954776076
"787" 1 607.052404999998 608.46900343808
"788" 1 607.29786 644.078256026457
"789" 1 608.35430225 704.460916805002
"790" 1 609.535693000002 765.547634465962
"791" 1 609.701602249999 618.693208407698
"792" 1 609.813243250002 725.063099096535
"793" 1 609.927182500002 904.153027423437
"794" 1 611.425300000002 630.55131761656
"795" 1 611.847325 763.782468641607
"796" 1 612.316645249998 740.418498250831
"797" 1 615.604672249997 647.202729709562
"798" 1 617.301969999999 830.541929661744
"799" 1 617.772828499999 649.071585979657
"800" 1 617.814735249999 630.749952410571
"801" 1 618.53566725 685.677068684976
"802" 1 618.65885425 715.570530421833
"803" 1 619.391348000001 633.472932901606
"804" 1 620.377062499999 768.844829003618
"805" 1 620.958430250002 688.277017878938
"806" 1 622.547331249999 706.5493142379
"807" 1 624.804736250004 839.498584155868
"808" 1 625.700112499998 882.531733426003
"809" 1 625.745479249998 674.476881652902
"810" 1 627.794136499999 745.251785826351
"811" 1 628.818196000003 642.052382003796
"812" 1 629.966352249998 636.139004022082
"813" 1 630.1361005 664.460721059345
"814" 1 630.425209250001 721.423658390478
"815" 1 631.033101249996 669.783178097292
"816" 1 631.872404500001 690.65195427651
"817" 1 634.035580250002 637.313092237478
"818" 1 634.045672 739.513385766419
"819" 1 636.960978249998 944.900379855442
"820" 1 637.425692499999 637.447749937747
"821" 1 637.453678499999 647.481807218624
"822" 1 637.537669250001 793.111406478479
"823" 1 638.283152000001 650.245880058974
"824" 1 640.50916525 651.580730107657
"825" 1 641.966714500002 796.665021534906
"826" 1 646.992302500001 741.506474048547
"827" 1 649.312465000001 696.773972240089
"828" 1 649.466752499995 751.221217131733
"829" 1 650.906706499999 651.844873224083
"830" 1 653.619855999998 752.135417488797
"831" 1 654.246613 685.717786919637
"832" 1 655.082004249999 748.693238350858
"833" 1 655.359266249999 738.876806764309
"834" 1 658.066404999998 676.840694869809
"835" 1 658.3480865 660.569442256605
"836" 1 660.510972250002 660.518152830339
"837" 1 661.298308249998 661.311114570834
"838" 1 662.971921999997 673.349169591234
"839" 1 664.46281925 917.072714857353
"840" 1 664.870801999999 720.624584267654
"841" 1 665.2851605 706.411544679359
"842" 1 666.091650250001 694.4886139731
"843" 1 666.198441249998 769.53653935906
"844" 1 666.274560500001 683.805258742759
"845" 1 666.874380249999 668.310073237222
"846" 1 669.397481999999 669.952749954993
"847" 1 674.273167250002 680.663281510457
"848" 1 674.399251249999 729.430530537838
"849" 1 674.766849250006 681.875818470686
"850" 1 676.632891250004 834.659495668619
"851" 1 677.489618000003 777.769501924149
"852" 1 677.932480999997 721.033855114765
"853" 1 679.675365 781.770075797431
"854" 1 681.686808499997 718.008228211227
"855" 1 683.322025 683.522806945893
"856" 1 683.890531250006 693.738611015496
"857" 1 683.997162499997 705.133581013576
"858" 1 685.398583250001 745.341071058796
"859" 1 689.255768499999 740.275032076491
"860" 1 690.236941000001 738.436315711575
"861" 1 690.835268499996 694.590132609589
"862" 1 692.556586250002 838.494242311558
"863" 1 693.211203249996 710.603859592011
"864" 1 693.812946249995 704.307976603333
"865" 1 694.772436500005 736.844176200926
"866" 1 696.671056249998 702.092109375255
"867" 1 698.531150499998 706.583244178146
"868" 1 698.9942705 1249.76745270314
"869" 1 699.817407249998 700.721155614195
"870" 1 700.164630499995 957.346908180402
"871" 1 701.21989625 732.642407666997
"872" 1 701.447631250002 734.050961499805
"873" 1 701.94834125 738.988496962566
"874" 1 703.610749250002 847.027439140425
"875" 1 705.434472499998 737.744977951758
"876" 1 706.585266 721.811999131083
"877" 1 707.413392999996 709.132995151484
"878" 1 708.567154000002 720.760059898114
"879" 1 709.482630249999 940.956834714251
"880" 1 709.876890000003 788.858126822485
"881" 1 710.740689249999 710.742747733281
"882" 1 711.720139250003 713.151761167747
"883" 1 713.672911250003 722.40091443262
"884" 1 717.868539249999 718.190135969365
"885" 1 719.47937525 761.197543111226
"886" 1 723.933159999997 756.224782665745
"887" 1 726.296681250002 782.948425499423
"888" 1 726.420475250003 802.720019635903
"889" 1 726.951121249999 840.308008473242
"890" 1 727.21402525 727.987047440474
"891" 1 727.888256999997 798.402871705876
"892" 1 728.05285825 755.159249279358
"893" 1 730.31388025 747.300714470874
"894" 1 734.942386249999 749.802149498329
"895" 1 739.421124499999 790.146318954314
"896" 1 740.87130625 782.071878839073
"897" 1 742.913548999999 782.741309437
"898" 1 744.631465999999 746.829084262069
"899" 1 746.083220000001 746.33959606797
"900" 1 753.040726249998 778.706598663921
"901" 1 756.739768249998 823.667359255798
"902" 1 757.380344500002 777.627496622872
"903" 1 760.422589000001 848.835733953362
"904" 1 761.343763999999 774.422157144212
"905" 1 762.69253 767.524883231404
"906" 1 764.544222500001 790.728122543912
"907" 1 765.891654249996 767.154030078973
"908" 1 767.242742500002 768.61215598337
"909" 1 767.887131250004 768.123961115075
"910" 1 768.194004500002 788.993850723432
"911" 1 775.963135249999 858.606945947892
"912" 1 775.9904805 776.900641664725
"913" 1 776.039140000003 789.470435587361
"914" 1 780.1617965 792.563159289017
"915" 1 782.675772249998 798.998007293558
"916" 1 785.78196325 840.676646208441
"917" 1 790.089476500001 798.642584383591
"918" 1 796.731012499997 871.965983137978
"919" 1 801.80592725 843.165920846024
"920" 1 803.3839985 943.692155058332
"921" 1 808.409524 868.537409738597
"922" 1 811.884173000002 850.425537137172
"923" 1 814.935880999995 834.870327384604
"924" 1 835.21993925 910.421078951858
"925" 1 838.51624625 849.79607446752
"926" 1 846.789408249998 854.737374100477
"927" 1 863.456766250002 919.244860228086
"928" 1 869.836908999999 893.198483367545
"929" 1 873.367320249996 906.443755588486
"930" 1 876.181020499999 933.183274275498
"931" 1 886.67347525 899.966020282554
"932" 1 888.03716625 936.331945180585
"933" 1 923.681658500003 932.625424396447
"934" 1 924.982175249998 926.271850492511
"935" 1 973.763863250001 991.006290944402
"936" 1 979.308246249999 984.202176100095
"937" 1 986.2118885 986.24581492825
"938" 1 999.0833585 999.205416839512
"939" 1 1007.1658105 1067.44759149762
"940" 1 1025.734378 1113.78775342043
"941" 1 1035.684548 1105.04383800967
"942" 1 1043.93006425 1045.68189866625
"943" 1 1053.3329185 1057.19726049986
"944" 1 1162.19610025 1164.48360179682
