"dimension" "Birth" "Death"
"1" 0 0 Inf
"2" 0 0 418.229592499998
"3" 0 0 237.18011425
"4" 0 0 298.193156000001
"5" 0 0 247.85114625
"6" 0 0 328.777248500001
"7" 0 0 272.941604000001
"8" 0 0 358.900567249998
"9" 0 0 291.183913250002
"10" 0 0 437.055131249998
"11" 0 0 130.412996500001
"12" 0 0 77.9797530000006
"13" 0 0 349.72040125
"14" 0 0 292.468399249999
"15" 0 0 246.750450250002
"16" 0 0 110.229955999999
"17" 0 0 248.418938499999
"18" 0 0 237.444001999997
"19" 0 0 81.63133025
"20" 0 0 254.354769250001
"21" 0 0 406.352247250003
"22" 0 0 503.68398125
"23" 0 0 361.70671225
"24" 0 0 274.888168000001
"25" 0 0 201.31355725
"26" 0 0 222.706663250001
"27" 0 0 111.59251625
"28" 0 0 330.729156249999
"29" 0 0 135.473357
"30" 0 0 415.857944499998
"31" 0 0 254.067469
"32" 0 0 557.994994
"33" 0 0 476.324746249997
"34" 0 0 274.912704999998
"35" 0 0 131.33205625
"36" 0 0 378.828312499999
"37" 0 0 164.420045
"38" 0 0 163.889114499999
"39" 0 0 274.763091250002
"40" 0 0 275.0149025
"41" 0 0 603.096900500001
"42" 0 0 336.946110500002
"43" 0 0 178.109945
"44" 0 0 211.06734125
"45" 0 0 194.284425249997
"46" 0 0 312.925665999999
"47" 0 0 313.572296500002
"48" 0 0 439.817641249999
"49" 0 0 312.6743105
"50" 0 0 289.189116499998
"51" 0 0 157.923381249999
"52" 0 0 205.723660500002
"53" 0 0 303.444432250002
"54" 0 0 256.667534499998
"55" 0 0 273.166908999998
"56" 0 0 202.63914225
"57" 0 0 385.482337249999
"58" 0 0 274.100581249997
"59" 0 0 152.76317625
"60" 0 0 186.5304505
"61" 0 0 196.513795999999
"62" 0 0 415.191978500001
"63" 0 0 125.405527249997
"64" 0 0 258.354811250001
"65" 0 0 431.91827225
"66" 0 0 328.696677250001
"67" 0 0 162.826644999999
"68" 0 0 342.330725250001
"69" 0 0 436.360004999999
"70" 0 0 343.588302500002
"71" 0 0 282.542290249999
"72" 0 0 297.513917000003
"73" 0 0 266.896660000001
"74" 0 0 116.16744725
"75" 0 0 313.701852250001
"76" 1 145.815942499999 172.845703331572
"77" 1 259.961340499998 516.721990405096
"78" 1 308.423970500002 651.544150696122
"79" 1 328.38851125 546.741313593329
"80" 1 344.760830500002 347.323429311941
"81" 1 347.645616249999 374.747422941984
"82" 1 349.160906249999 548.678885336907
"83" 1 354.133204999999 462.805235231185
"84" 1 362.206810250001 394.855754448038
"85" 1 365.1622585 595.340282150085
"86" 1 365.524321 558.270856158841
"87" 1 366.541756249997 396.100949616846
"88" 1 366.566568999997 451.223905776439
"89" 1 378.463149000002 542.130606131604
"90" 1 382.542099999999 403.656160753612
"91" 1 391.636034500001 414.157768483447
"92" 1 398.143554249997 398.323488489148
"93" 1 406.503889250002 492.79980752854
"94" 1 408.583729249998 449.282681006
"95" 1 415.8009125 1041.37061520334
"96" 1 426.255498000001 435.360420142116
"97" 1 428.270386 452.070942028645
"98" 1 432.698931250001 488.613766763798
"99" 1 434.7472025 535.429391635866
"100" 1 439.503011999999 523.575487940196
"101" 1 441.920206250002 585.829217339845
"102" 1 442.173628999998 448.376334717617
"103" 1 445.07961125 471.869810389092
"104" 1 450.026073250001 465.088659080844
"105" 1 452.50777525 700.331966771507
"106" 1 453.952717000002 516.805701510974
"107" 1 456.071476249998 465.559009820933
"108" 1 465.115505000001 648.21599888218
"109" 1 466.975866250001 687.140229665771
"110" 1 476.89668325 486.849017285728
"111" 1 477.40770625 570.818692368002
"112" 1 478.10169725 708.108523283232
"113" 1 480.4275825 585.53594666475
"114" 1 486.8348985 811.050836605041
"115" 1 487.324011250002 1062.70164124458
"116" 1 492.098258 494.452290984166
"117" 1 494.08568125 559.114944165756
"118" 1 496.969480999999 514.898822000569
"119" 1 497.761534250001 550.856748214016
"120" 1 501.449832999999 501.883095993149
"121" 1 506.00451325 756.60177072469
"122" 1 507.53679125 521.087176933532
"123" 1 509.131449249999 1089.62330789493
"124" 1 522.662127250001 827.211324620607
"125" 1 526.621662500003 897.351406109631
"126" 1 530.990980249999 578.763500405036
"127" 1 532.337806250004 682.598430472619
"128" 1 549.429324250001 619.582760906646
"129" 1 551.414725249999 777.400631165728
"130" 1 552.652335249997 558.152018887237
"131" 1 558.297224499998 614.01453934958
"132" 1 568.622294499998 579.620584578699
"133" 1 572.97654725 658.000162034099
"134" 1 581.897570500001 670.018902713804
"135" 1 583.91745325 669.123392243503
"136" 1 584.421225250002 678.012679993815
"137" 1 587.096656250004 844.619687617104
"138" 1 598.4193065 717.750968591661
"139" 1 603.076542499997 613.503843411126
"140" 1 619.63009225 1241.87906826981
"141" 1 627.748641250001 710.591085350222
"142" 1 639.038324249999 671.066049767926
"143" 1 642.997193000001 648.291906114936
"144" 1 644.166684999998 654.174047765671
"145" 1 644.848416 677.400157226911
"146" 1 653.844711999999 679.463107774382
"147" 1 661.686981249998 993.641742079483
"148" 1 667.172433250002 678.25530761178
"149" 1 672.530696999997 741.788453161818
"150" 1 677.743153000001 686.807023962408
"151" 1 689.18871125 720.786842306428
"152" 1 700.2659225 756.102232289514
"153" 1 700.656937000001 721.214698829352
"154" 1 701.084675249998 701.359700747884
"155" 1 723.945796000003 754.29322817468
"156" 1 729.461881249998 763.739369427508
"157" 1 743.015414249996 744.458445838163
"158" 1 759.735418 791.94343990366
"159" 1 773.0533025 833.439319779532
"160" 1 781.489448999996 805.15237988231
"161" 1 824.844626500004 833.63788507504
"162" 1 842.985969250002 843.458766957036
"163" 1 892.980552499999 893.506277153993
"164" 1 930.244756249999 949.486749468326
"165" 1 941.754606500003 1193.45888911794
"166" 1 943.95183425 1121.28513250892
"167" 1 967.396812500002 1035.70269669776
"168" 1 971.628489000003 976.92369968094
"169" 1 974.961639999996 1049.33322787966
"170" 1 1015.16490125 1053.96663669786
"171" 1 1074.86280025 1167.76273051996
"172" 1 1081.45009125 1092.56513129307
"173" 1 1084.36472825 1108.72400358223
"174" 1 1191.158861 1191.16761721168
