"dimension" "Birth" "Death"
"1" 0 0 Inf
"2" 0 0 325.621657000001
"3" 0 0 484.321702499998
"4" 0 0 411.680677249998
"5" 0 0 376.461679250001
"6" 0 0 257.410165
"7" 0 0 343.121178500002
"8" 0 0 382.732836250002
"9" 0 0 527.347876250001
"10" 0 0 442.175920250001
"11" 0 0 334.576449
"12" 0 0 372.453493000001
"13" 0 0 441.881936499998
"14" 0 0 411.97899125
"15" 0 0 424.777410000001
"16" 0 0 358.011781249998
"17" 0 0 395.653294249996
"18" 0 0 422.07877225
"19" 0 0 449.243222499999
"20" 0 0 452.182812499999
"21" 0 0 413.686569250003
"22" 0 0 342.823563249997
"23" 0 0 431.281768249997
"24" 0 0 322.475107999999
"25" 0 0 346.369561249998
"26" 0 0 360.91225525
"27" 0 0 433.01402125
"28" 0 0 436.1568965
"29" 0 0 412.659040249999
"30" 0 0 319.777092500001
"31" 0 0 428.000929250001
"32" 0 0 394.103011999998
"33" 0 0 342.243480500001
"34" 0 0 345.907442499999
"35" 0 0 377.875227250001
"36" 0 0 404.437331249999
"37" 0 0 341.464177
"38" 0 0 185.789672499999
"39" 0 0 376.788882499999
"40" 0 0 488.673844249998
"41" 0 0 363.3644005
"42" 0 0 419.219772499997
"43" 0 0 470.153377250003
"44" 0 0 424.448052499997
"45" 0 0 359.961472250001
"46" 0 0 413.765585000004
"47" 0 0 409.4883425
"48" 0 0 385.458192250001
"49" 0 0 314.39258825
"50" 0 0 207.879477249999
"51" 0 0 315.110217249998
"52" 0 0 514.791536500002
"53" 0 0 227.794924999999
"54" 0 0 223.11142025
"55" 0 0 283.96848325
"56" 0 0 367.654731249997
"57" 0 0 358.018144249997
"58" 0 0 359.829011250003
"59" 0 0 357.581281000001
"60" 0 0 474.754746500001
"61" 0 0 395.296274499999
"62" 0 0 383.00440225
"63" 0 0 435.306961
"64" 0 0 420.018258249999
"65" 0 0 381.392500249999
"66" 0 0 397.314463250003
"67" 0 0 511.07833925
"68" 0 0 292.06095025
"69" 0 0 504.675303249996
"70" 0 0 229.246497249999
"71" 0 0 343.77040825
"72" 0 0 490.163777000002
"73" 0 0 384.7263625
"74" 0 0 297.258401250003
"75" 0 0 385.691505999999
"76" 0 0 404.376231250002
"77" 0 0 326.673150249999
"78" 0 0 383.344094249998
"79" 0 0 259.462581249996
"80" 0 0 191.743796000002
"81" 0 0 312.929850500001
"82" 0 0 265.651202000001
"83" 0 0 385.246537
"84" 0 0 376.027769
"85" 0 0 354.329408250001
"86" 0 0 532.362305
"87" 0 0 414.989471250001
"88" 0 0 241.446025999996
"89" 0 0 494.007859999997
"90" 0 0 354.085502500001
"91" 0 0 427.24191025
"92" 0 0 376.447790499998
"93" 0 0 496.383531250001
"94" 0 0 325.48935325
"95" 0 0 240.4974505
"96" 0 0 413.757522000001
"97" 0 0 237.626552499999
"98" 0 0 446.767094499998
"99" 0 0 424.605794000002
"100" 0 0 473.403546249996
"101" 0 0 323.875068249999
"102" 0 0 646.242196000004
"103" 0 0 342.665088999999
"104" 0 0 410.195304999997
"105" 0 0 528.907263249999
"106" 0 0 411.551416250001
"107" 0 0 410.061406249996
"108" 0 0 371.90415025
"109" 0 0 339.205226
"110" 0 0 230.531985
"111" 1 384.371769999999 791.764898222532
"112" 1 387.11626225 435.936798881948
"113" 1 393.38228 425.920082105849
"114" 1 394.071792500003 423.686639752206
"115" 1 399.66629725 471.488155519456
"116" 1 410.375511249997 546.947681365034
"117" 1 420.45324725 449.502559710472
"118" 1 425.458462500002 643.525280681345
"119" 1 427.69702125 745.619269348676
"120" 1 430.505896500002 533.016773639192
"121" 1 430.903235250001 1080.84438431192
"122" 1 435.593344250003 563.814631705125
"123" 1 440.471836249999 744.728931071646
"124" 1 451.452262499999 726.032490309968
"125" 1 461.321406250003 852.693123600335
"126" 1 463.60058625 857.219767505597
"127" 1 469.033131249998 733.891691211567
"128" 1 469.709362249999 494.642267153742
"129" 1 469.80111125 827.390356113585
"130" 1 476.461888250001 610.072477063798
"131" 1 477.374591250002 620.381294936012
"132" 1 480.109169250001 559.056782534287
"133" 1 484.148862500001 1053.70775762912
"134" 1 487.311087249998 680.319583502007
"135" 1 488.100834 630.94664843747
"136" 1 489.315466250003 619.531415964039
"137" 1 489.816720000001 549.566781128148
"138" 1 491.100740500001 605.123419442061
"139" 1 492.009842000002 549.518348398794
"140" 1 492.474241249997 543.37368505903
"141" 1 493.904791250004 563.385130574515
"142" 1 494.733842499998 805.505787401689
"143" 1 495.12376325 641.599552864184
"144" 1 498.637479250001 949.732035589267
"145" 1 499.403356250003 785.891601029445
"146" 1 499.4244425 844.044861777207
"147" 1 500.238505000003 809.456134710277
"148" 1 502.636890500001 605.524436288979
"149" 1 505.011904999995 580.013403995835
"150" 1 511.155836500002 706.418791292935
"151" 1 515.26095925 780.961544195454
"152" 1 520.968770499999 874.345556293731
"153" 1 521.269121250003 661.529063311752
"154" 1 521.314491250001 693.118688149263
"155" 1 522.12564125 632.296674171088
"156" 1 524.187688000002 827.783472936259
"157" 1 527.312502250001 567.060243096495
"158" 1 531.93891625 628.934137521046
"159" 1 533.142899999999 850.611344792098
"160" 1 533.639808 805.39822130518
"161" 1 536.857094249999 634.137122326478
"162" 1 539.444486500004 805.688261642739
"163" 1 540.248941250001 948.768065924549
"164" 1 540.571754500001 615.722640761381
"165" 1 541.393281250001 588.085752138401
"166" 1 544.542201250001 604.208699433042
"167" 1 544.842286250001 583.09765523151
"168" 1 545.083821000001 620.870177727037
"169" 1 546.957409999999 599.144397378888
"170" 1 548.253841 905.726125436571
"171" 1 549.229008249998 936.469870955508
"172" 1 551.345293000006 1075.41384782931
"173" 1 554.266372250001 641.433719095111
"174" 1 554.634238250002 816.595518741821
"175" 1 557.021264500001 701.550758021008
"176" 1 557.47897225 682.670788298329
"177" 1 557.73311525 778.264829481878
"178" 1 558.351306500002 643.597959533385
"179" 1 559.692808999998 674.887020849708
"180" 1 564.452192499999 637.431076655391
"181" 1 565.485817249999 682.673303268247
"182" 1 566.052410250001 701.674363672115
"183" 1 566.336538000002 668.773138938881
"184" 1 570.637962249998 652.337635157643
"185" 1 575.235637000001 948.380235847109
"186" 1 575.496246250003 650.166745331669
"187" 1 578.938642250002 637.078551503969
"188" 1 579.939583249998 708.933073108113
"189" 1 580.184250499999 755.315016006604
"190" 1 582.044002250001 630.997086901254
"191" 1 582.279064249999 700.427131304269
"192" 1 583.202424999999 680.041294690261
"193" 1 583.9210505 765.349088700891
"194" 1 586.66445125 652.176448660128
"195" 1 587.394619249999 623.134706086656
"196" 1 587.768305 650.911407515468
"197" 1 587.9388245 747.989618029953
"198" 1 587.97199625 610.032904956714
"199" 1 592.204177999998 674.349103994133
"200" 1 595.295012499999 618.248182276869
"201" 1 599.38495025 678.542152139035
"202" 1 599.926112999999 661.796204223928
"203" 1 604.432303249998 651.282818281222
"204" 1 608.113993249999 676.166789339959
"205" 1 610.142636500001 717.769962482261
"206" 1 614.741581249998 658.715034900209
"207" 1 615.470561000002 741.193246676629
"208" 1 616.567578249999 687.179806461037
"209" 1 618.435720249999 619.015148891742
"210" 1 621.609980499998 915.001716260813
"211" 1 622.40551825 797.516064935234
"212" 1 623.629241000003 684.077920053738
"213" 1 638.373388999998 763.013270532989
"214" 1 640.562668249998 662.881429685791
"215" 1 641.992711999999 691.365915307902
"216" 1 643.481800000003 734.191390005395
"217" 1 643.870350249999 710.02097865239
"218" 1 645.431942499997 762.610079915961
"219" 1 645.433662500003 664.022705980787
"220" 1 648.488593250002 771.465828045479
"221" 1 649.884364999999 764.947921736765
"222" 1 654.227668 832.765265583888
"223" 1 655.107016999997 700.941285358063
"224" 1 655.324112250003 748.41305851871
"225" 1 656.08561525 690.719359785992
"226" 1 656.984972500001 778.280217477608
"227" 1 658.98054625 725.073696737194
"228" 1 660.815183249999 701.47853855919
"229" 1 661.757511999998 788.468156991235
"230" 1 665.73818825 724.792870873392
"231" 1 681.860796250001 849.679689608627
"232" 1 682.459150500003 690.002181416049
"233" 1 688.985104250002 1225.51423605293
"234" 1 690.1774405 783.593446265602
"235" 1 690.787762250001 708.892029928872
"236" 1 692.38581925 696.719527022817
"237" 1 701.249272250001 970.49611927888
"238" 1 702.736242499999 719.908801191713
"239" 1 705.229654249999 740.446762623584
"240" 1 706.56253625 764.40769577102
"241" 1 706.710442499997 706.986095837545
"242" 1 707.769435249999 731.542999082601
"243" 1 712.243325000005 868.694915744707
"244" 1 713.818584250001 778.639379157837
"245" 1 717.01636025 753.429386435771
"246" 1 719.65668625 771.470885842578
"247" 1 726.790707249998 731.480445577334
"248" 1 730.30081725 743.970743974589
"249" 1 733.213489000005 972.208306223471
"250" 1 744.693688249997 758.736767085534
"251" 1 745.668696500001 854.446197634602
"252" 1 746.132680000002 806.913448580357
"253" 1 747.953834499996 784.993943675823
"254" 1 789.772791249999 801.190439830147
"255" 1 794.480341250002 837.066505491418
"256" 1 794.647024249997 870.986785547936
"257" 1 802.141424499998 810.475262146264
"258" 1 812.069280249998 827.412626604633
"259" 1 832.17409025 844.565129705789
"260" 1 840.934177 911.266764004558
"261" 1 851.87033825 871.683636609215
"262" 1 856.638137000002 856.638248739049
"263" 1 887.148541250001 957.092730572606
"264" 1 892.899161999999 1023.53110553567
"265" 1 900.707055249999 901.782191625356
"266" 1 902.63573 955.627533577622
"267" 1 919.827872499998 922.464313941117
"268" 1 925.769956499998 926.754119063773
"269" 1 935.853142250006 947.736176592767
"270" 1 937.768858000004 939.016442638821
"271" 1 946.741392249999 947.183356743888
"272" 1 950.2821925 952.075722431588
"273" 1 951.048254249998 1002.65121091685
"274" 1 985.489528249998 1013.63093288417
"275" 1 1034.733305 1142.30353353523
"276" 1 1067.34993625 1074.45492443387
