"dimension" "Birth" "Death"
"1" 0 0 Inf
"2" 0 0 476.689936499999
"3" 0 0 470.956516000001
"4" 0 0 409.702602249999
"5" 0 0 282.518439250002
"6" 0 0 314.5074685
"7" 0 0 214.511484999999
"8" 0 0 393.974260249999
"9" 0 0 267.766948000001
"10" 0 0 492.1858105
"11" 0 0 178.124552999999
"12" 0 0 137.32820225
"13" 0 0 220.548288999999
"14" 0 0 154.512289
"15" 0 0 426.420421250001
"16" 0 0 127.969652499999
"17" 0 0 60.5389865000014
"18" 0 0 403.660704499999
"19" 0 0 265.385462500001
"20" 0 0 335.58528125
"21" 0 0 85.646886250001
"22" 0 0 66.4840562499998
"23" 0 0 417.27622325
"24" 0 0 207.272871249998
"25" 0 0 290.373077249998
"26" 0 0 380.937588999999
"27" 0 0 326.433744249998
"28" 0 0 115.75480625
"29" 0 0 208.633553999999
"30" 0 0 105.021291249999
"31" 0 0 428.709298250002
"32" 0 0 356.815978250001
"33" 0 0 334.722597249998
"34" 0 0 75.507385999999
"35" 0 0 312.865045250001
"36" 0 0 246.31064225
"37" 0 0 413.69963125
"38" 0 0 121.672889000002
"39" 0 0 444.358380499997
"40" 0 0 311.149412500002
"41" 0 0 353.814410000002
"42" 0 0 222.742667249999
"43" 0 0 239.2602745
"44" 0 0 356.0903865
"45" 0 0 267.386401249999
"46" 0 0 290.014874500002
"47" 0 0 272.948626
"48" 0 0 325.828986249998
"49" 0 0 213.531459249999
"50" 0 0 272.34925925
"51" 0 0 229.01252225
"52" 0 0 289.224519250002
"53" 0 0 181.595038249998
"54" 0 0 373.014472499999
"55" 0 0 246.829768249999
"56" 0 0 170.128345000001
"57" 0 0 417.784286249999
"58" 0 0 333.215873999999
"59" 0 0 115.98696225
"60" 0 0 308.826986499999
"61" 0 0 243.561705999999
"62" 0 0 331.26496225
"63" 0 0 255.646465000001
"64" 0 0 242.866933000001
"65" 0 0 260.112324250003
"66" 0 0 515.075873
"67" 0 0 168.96435725
"68" 0 0 446.44437725
"69" 0 0 270.0783425
"70" 0 0 306.302581249999
"71" 0 0 137.694845250002
"72" 0 0 70.7508762499997
"73" 0 0 292.920721249999
"74" 0 0 240.301996250001
"75" 0 0 583.845730000003
"76" 0 0 261.07723025
"77" 0 0 32.7940324999996
"78" 0 0 305.6064125
"79" 0 0 232.872438250001
"80" 0 0 193.016712499999
"81" 0 0 249.67154425
"82" 0 0 349.193545999999
"83" 0 0 222.952410499998
"84" 0 0 162.893241250001
"85" 0 0 322.45271125
"86" 0 0 192.663276499999
"87" 0 0 278.349730000001
"88" 0 0 311.386176250001
"89" 0 0 177.912368999999
"90" 0 0 92.2273672500011
"91" 0 0 155.871104500001
"92" 0 0 94.4550224999985
"93" 0 0 326.088149000001
"94" 0 0 174.419742249998
"95" 0 0 183.957490000001
"96" 0 0 266.755248500001
"97" 0 0 481.660285250003
"98" 0 0 194.283441999998
"99" 0 0 327.139922
"100" 0 0 454.094429
"101" 0 0 74.4103022499992
"102" 0 0 112.943292500001
"103" 0 0 300.070663999998
"104" 0 0 130.682192000001
"105" 0 0 520.297602500001
"106" 0 0 118.29606025
"107" 0 0 185.62443925
"108" 0 0 237.222034249999
"109" 0 0 335.696682500003
"110" 0 0 211.007568999998
"111" 0 0 331.479850000003
"112" 0 0 382.96096225
"113" 0 0 417.6942685
"114" 0 0 144.787831250002
"115" 0 0 154.224409000001
"116" 0 0 356.802406250001
"117" 0 0 305.40084325
"118" 0 0 347.299791250001
"119" 0 0 450.125299999998
"120" 0 0 456.745642249998
"121" 0 0 379.546628000003
"122" 0 0 194.387391249999
"123" 0 0 267.675882500001
"124" 0 0 233.537462500003
"125" 0 0 488.211517249999
"126" 0 0 240.964470499999
"127" 0 0 328.550421249999
"128" 0 0 364.530921250002
"129" 0 0 201.577375249999
"130" 0 0 216.8084565
"131" 0 0 163.20962425
"132" 0 0 237.78486925
"133" 0 0 259.232851999999
"134" 0 0 283.575495249997
"135" 0 0 173.37554725
"136" 0 0 149.644201249999
"137" 0 0 184.000909249998
"138" 0 0 437.352892250002
"139" 0 0 368.109417249999
"140" 0 0 429.039272250001
"141" 0 0 308.455013000001
"142" 0 0 543.201738500001
"143" 0 0 361.563589249998
"144" 0 0 448.084921250002
"145" 0 0 105.188329000001
"146" 0 0 298.976131250002
"147" 0 0 289.957385249999
"148" 0 0 220.792225000001
"149" 0 0 214.5015045
"150" 0 0 506.243537
"151" 0 0 390.442329999999
"152" 0 0 456.83931025
"153" 0 0 243.313755250001
"154" 0 0 304.492373000002
"155" 0 0 274.1613745
"156" 0 0 418.91640625
"157" 0 0 196.448548
"158" 0 0 398.728910499995
"159" 0 0 280.861562
"160" 0 0 148.78602225
"161" 0 0 326.279897
"162" 0 0 428.354947249997
"163" 0 0 224.61520625
"164" 0 0 322.528122250001
"165" 0 0 258.546362499998
"166" 1 170.736393250002 259.724913635506
"167" 1 173.094972500001 173.566395860294
"168" 1 181.648262500001 288.356577547144
"169" 1 182.6114905 187.896132996492
"170" 1 182.976504249999 212.369619167583
"171" 1 187.915980499997 213.397798705697
"172" 1 198.579681249998 203.052330649565
"173" 1 203.7222445 210.861379900432
"174" 1 218.553412999998 248.120432153911
"175" 1 243.743220500002 257.142282427317
"176" 1 245.771545 287.055277407586
"177" 1 249.481672250002 554.801287170575
"178" 1 256.688738500002 256.849307979662
"179" 1 258.568816249999 338.739493213025
"180" 1 261.29520625 296.603578191496
"181" 1 261.365826249999 326.153683277031
"182" 1 273.934326249999 310.216800193397
"183" 1 278.126333 461.076299230416
"184" 1 278.200914499998 552.707483551467
"185" 1 281.480312499999 309.783562620376
"186" 1 284.26488625 305.416738563985
"187" 1 287.1598985 342.162191196297
"188" 1 292.926143250001 375.010213181559
"189" 1 299.126766249997 326.274535418785
"190" 1 300.214753000003 439.272885592013
"191" 1 304.869517 335.671738653924
"192" 1 312.761971250002 361.824775326297
"193" 1 313.627354250002 397.581029809172
"194" 1 314.138792499999 358.469547442451
"195" 1 316.564021250001 709.351644050121
"196" 1 318.258721250001 413.482336933233
"197" 1 319.396552250001 420.253800911987
"198" 1 320.554512499999 351.306760764738
"199" 1 330.660317249997 421.934446270413
"200" 1 336.729469 466.299554535384
"201" 1 337.612374499998 464.183422844907
"202" 1 337.871096500004 338.384279131184
"203" 1 338.200788999999 419.723206627633
"204" 1 339.208935249999 369.998078892731
"205" 1 340.966608250005 460.688772841171
"206" 1 345.58437125 362.395855000106
"207" 1 345.75415625 371.387093625906
"208" 1 345.940552250001 427.88413789126
"209" 1 357.627034250003 397.047226976069
"210" 1 357.789574250003 393.464340692441
"211" 1 358.589652249998 518.627579039653
"212" 1 361.416496250001 383.15960599338
"213" 1 361.775509000001 655.21155851096
"214" 1 364.76321525 514.443912431108
"215" 1 372.365794000001 456.342384005339
"216" 1 372.555257000002 678.049230707674
"217" 1 372.926425000001 798.384707920514
"218" 1 380.421012500004 542.262084848146
"219" 1 381.2091005 386.05717585284
"220" 1 381.358289250001 391.018291232122
"221" 1 381.393030500001 609.6795786194
"222" 1 382.309732999999 414.917868415552
"223" 1 384.576115250001 604.393690870006
"224" 1 385.79879425 435.007070864989
"225" 1 386.267274 407.998907832447
"226" 1 387.98577025 547.468967851556
"227" 1 390.307276249997 472.029314222833
"228" 1 391.1989825 444.14423425285
"229" 1 392.514473249999 408.508779263103
"230" 1 393.002330499999 393.169954635511
"231" 1 396.470013250001 486.953657261454
"232" 1 396.5091025 579.179929233585
"233" 1 396.758450249999 495.764321875384
"234" 1 396.879908000002 410.099220406
"235" 1 398.673956249999 452.082708319029
"236" 1 398.941704250002 423.938583875315
"237" 1 400.802748250002 454.64321447626
"238" 1 404.629858250002 473.959091090005
"239" 1 407.353247999999 451.736557980085
"240" 1 407.369792499997 470.348854375415
"241" 1 409.693992499999 490.562615206728
"242" 1 410.967613249999 566.215364167034
"243" 1 411.4589065 433.395498420534
"244" 1 414.26646425 458.188893174865
"245" 1 414.721418499999 441.793899619069
"246" 1 415.015890249999 704.777577903649
"247" 1 416.20133725 479.131672043093
"248" 1 416.83540625 429.756219820157
"249" 1 418.163170249999 487.745508973235
"250" 1 421.061656499996 421.061998943078
"251" 1 425.853276249999 507.303452638889
"252" 1 426.558181000001 478.805654622211
"253" 1 427.43915525 599.404833790435
"254" 1 432.104131999999 442.675771730312
"255" 1 432.85429525 438.057375017358
"256" 1 434.490661249998 869.215764418677
"257" 1 435.377809 690.055442797933
"258" 1 441.38453 1254.33334961394
"259" 1 442.782232250001 442.931421372751
"260" 1 445.741636250004 488.803026888344
"261" 1 448.69254725 506.842510090652
"262" 1 451.225352 856.680700077315
"263" 1 452.077375999999 468.338204958768
"264" 1 452.512226500002 495.634584741469
"265" 1 458.030171250004 458.17806834972
"266" 1 458.84084625 594.890087908416
"267" 1 459.070284999998 672.879403166089
"268" 1 467.52081125 469.232064121927
"269" 1 468.380268999997 627.507432430309
"270" 1 468.388458250003 1031.9975385909
"271" 1 473.242256499996 590.381689835755
"272" 1 474.643705250001 734.958051156662
"273" 1 475.287540500001 485.629012002284
"274" 1 476.003352499998 531.713848082155
"275" 1 480.822563249999 565.222063646504
"276" 1 485.631520999998 518.898953465764
"277" 1 486.320422249997 486.953707815854
"278" 1 494.039753999999 524.262405272283
"279" 1 494.537796000001 541.209695483555
"280" 1 495.757836500002 529.780321110391
"281" 1 497.638026500002 554.353573852683
"282" 1 497.653650000001 1157.63278041992
"283" 1 498.613818249999 1043.46669922626
"284" 1 498.982003250004 844.933696326351
"285" 1 505.553018500002 1060.66611978762
"286" 1 511.967862250001 541.460313169935
"287" 1 512.663262500001 517.525258965495
"288" 1 512.713706500001 742.777024304344
"289" 1 514.214725000001 547.352813515879
"290" 1 514.469559250002 919.540407492564
"291" 1 520.938665 971.301162233393
"292" 1 521.658384999999 540.566525438183
"293" 1 522.365526250001 629.48534997358
"294" 1 524.010589249998 616.804623849594
"295" 1 524.537210000001 525.718972204083
"296" 1 525.741406249998 1487.79747688262
"297" 1 531.599728250002 577.876584992587
"298" 1 533.093287249997 572.408485200826
"299" 1 533.264434000002 808.311486453968
"300" 1 533.381383999998 879.625030277041
"301" 1 536.388618499998 774.444182330242
"302" 1 538.03578725 717.197620730526
"303" 1 538.585776250002 783.249289893351
"304" 1 540.825041250002 947.685193479247
"305" 1 541.05266825 541.534444947375
"306" 1 541.612906250002 610.238579561304
"307" 1 542.35074925 607.926759589831
"308" 1 545.404884999999 571.156377927659
"309" 1 550.454410000001 731.528498082969
"310" 1 552.915051250001 558.047986999463
"311" 1 554.633438499998 640.933620699283
"312" 1 555.168993999998 670.000923106443
"313" 1 558.480544 827.745125551032
"314" 1 560.467649249999 561.289268151409
"315" 1 565.653378249999 651.658713382358
"316" 1 572.285508500002 587.539908448309
"317" 1 580.952913249998 582.892300933916
"318" 1 580.98805225 745.540740738017
"319" 1 581.67054625 628.603849862617
"320" 1 585.10244225 599.74021820207
"321" 1 588.756856250006 641.691664932332
"322" 1 593.5697245 653.335915336905
"323" 1 596.566906000002 1098.71855743404
"324" 1 601.276740999998 960.948427797986
"325" 1 603.419893000004 655.769870479213
"326" 1 606.562254500002 612.410761061672
"327" 1 607.159488500001 653.402242003862
"328" 1 616.529034499999 645.297648241156
"329" 1 627.220485000001 1000.26845906089
"330" 1 628.066112000003 708.747179137729
"331" 1 631.44993825 757.550555260796
"332" 1 634.95601825 636.017769299017
"333" 1 637.251244999997 639.354911408625
"334" 1 637.334172499999 676.674972379728
"335" 1 638.158950250003 643.092803613815
"336" 1 638.401066250003 672.252030905199
"337" 1 639.977281 661.126305196463
"338" 1 641.63730625 725.891083705463
"339" 1 643.340133249997 652.277002079404
"340" 1 643.359016250001 959.333945039386
"341" 1 648.112852000001 658.349220415374
"342" 1 650.80850125 664.617296843931
"343" 1 653.395416249999 1026.06790611659
"344" 1 654.87040925 686.265104823057
"345" 1 655.143363249999 657.928473593766
"346" 1 657.38066225 1115.6695335447
"347" 1 669.175956250001 677.255486988576
"348" 1 673.145801000002 678.805737505866
"349" 1 685.544499999998 720.113268895209
"350" 1 690.141561249995 716.497353399751
"351" 1 691.608312250001 786.961533744676
"352" 1 696.499765250004 698.631294641638
"353" 1 698.296927249998 701.312246319809
"354" 1 704.060029250003 778.791977280217
"355" 1 706.301121250002 1274.6169274504
"356" 1 710.805580249998 738.407267701985
"357" 1 736.0097705 740.459378221575
"358" 1 741.472146499999 774.284185181869
"359" 1 742.207810000002 742.385313398556
"360" 1 747.73014625 765.372101906162
"361" 1 755.949667250002 803.770713700206
"362" 1 772.225989249999 784.205076508269
"363" 1 779.053179250003 801.071373020128
"364" 1 811.531702250001 882.288469933002
"365" 1 814.112770499999 1062.00902281186
"366" 1 820.424405000002 1074.16918261652
"367" 1 824.762851250002 866.84386155413
"368" 1 825.59761925 825.981362966359
"369" 1 831.615194499999 855.842727018372
"370" 1 839.350021249998 899.954179427739
"371" 1 841.315650499998 876.355512566741
"372" 1 843.007482000002 884.994168522196
"373" 1 851.851482249996 1051.25731462133
"374" 1 855.00566125 865.179305321892
"375" 1 855.527078250001 904.022081781888
"376" 1 857.730969999998 942.83409407289
"377" 1 864.057345999997 907.647751349026
"378" 1 872.947696999997 1262.86461732689
"379" 1 873.453689 929.183879279041
"380" 1 883.329283999998 892.464276333604
"381" 1 886.534033249997 921.197462421302
"382" 1 890.884059249997 916.385226561949
"383" 1 905.531904250003 960.097181098038
"384" 1 921.584136250001 921.676407903797
"385" 1 929.854570500002 930.267705579134
"386" 1 939.467289999999 960.998072980354
"387" 1 952.229549000002 1018.06901850608
"388" 1 978.8005125 1088.57603861327
"389" 1 987.929496500001 1003.23508157426
"390" 1 997.842341000003 1016.45556461683
"391" 1 1012.920869 1032.38306510292
"392" 1 1020.72750425 1105.15417796558
"393" 1 1024.51060625 1026.48712293654
"394" 1 1045.4343545 1045.73905988015
"395" 1 1058.691842 1151.92709230965
"396" 1 1124.74778125 1126.5734281697
"397" 1 1219.67179024999 1230.72734180295
"398" 1 1243.8565525 1250.31508619539
"399" 1 1256.4567985 1263.73794387638
