"dimension" "Birth" "Death"
"1" 0 0 Inf
"2" 0 0 443.076698000001
"3" 0 0 474.404801000002
"4" 0 0 431.3907065
"5" 0 0 394.003129250001
"6" 0 0 397.133809000002
"7" 0 0 564.0109525
"8" 0 0 456.911770500001
"9" 0 0 240.43688
"10" 0 0 360.899815249998
"11" 0 0 285.984901000001
"12" 0 0 209.287779999999
"13" 0 0 367.1814485
"14" 0 0 638.203066000001
"15" 0 0 392.256458500001
"16" 0 0 386.480188250001
"17" 0 0 420.244785000001
"18" 0 0 339.38713
"19" 0 0 470.324342499999
"20" 0 0 238.00626425
"21" 0 0 181.942364499998
"22" 0 0 412.292303999998
"23" 0 0 346.34666125
"24" 0 0 386.152782500002
"25" 0 0 421.42693725
"26" 0 0 421.03827625
"27" 0 0 152.5910585
"28" 0 0 197.52028025
"29" 0 0 170.646599249999
"30" 0 0 432.704385249999
"31" 0 0 361.439866249998
"32" 0 0 317.2622605
"33" 0 0 298.584360500003
"34" 0 0 292.5226125
"35" 0 0 491.103384999999
"36" 0 0 330.906612999999
"37" 0 0 438.248097249998
"38" 0 0 323.810189
"39" 0 0 249.46754125
"40" 0 0 443.013981250002
"41" 0 0 160.9771325
"42" 0 0 425.464774250002
"43" 0 0 248.742672250003
"44" 0 0 335.04339625
"45" 0 0 146.044028499999
"46" 0 0 375.584866000001
"47" 0 0 263.982872500001
"48" 0 0 117.033931249997
"49" 0 0 155.789286250001
"50" 0 0 267.346724
"51" 0 0 246.9019045
"52" 0 0 370.981325249998
"53" 0 0 208.301560999999
"54" 0 0 178.769272500001
"55" 0 0 259.77594625
"56" 0 0 438.779881250003
"57" 0 0 390.663772999998
"58" 0 0 149.964792500001
"59" 0 0 155.0398985
"60" 0 0 345.241822249998
"61" 0 0 110.814746499999
"62" 0 0 241.10579225
"63" 0 0 296.081676999999
"64" 0 0 319.34513025
"65" 0 0 722.76352325
"66" 0 0 294.311130249998
"67" 0 0 346.46151625
"68" 0 0 272.530154250004
"69" 0 0 357.864549250002
"70" 0 0 383.225370249998
"71" 0 0 221.801889249999
"72" 0 0 215.736496249997
"73" 0 0 673.526010249996
"74" 0 0 325.66178025
"75" 0 0 251.691312499997
"76" 0 0 209.316696249998
"77" 0 0 236.931610250001
"78" 0 0 460.035554499998
"79" 0 0 305.6460065
"80" 0 0 385.7975125
"81" 0 0 213.11815325
"82" 0 0 276.061818500003
"83" 0 0 199.3620065
"84" 0 0 191.18744525
"85" 0 0 297.8008625
"86" 0 0 337.795686500002
"87" 0 0 347.989267250004
"88" 0 0 158.255478250001
"89" 0 0 348.234088000002
"90" 0 0 241.295851250002
"91" 0 0 385.57549125
"92" 0 0 174.29845
"93" 0 0 167.122712500001
"94" 0 0 318.336189249997
"95" 0 0 451.333296249998
"96" 0 0 298.289221249999
"97" 0 0 396.484778
"98" 0 0 312.191990499999
"99" 0 0 313.852746500001
"100" 0 0 402.29078125
"101" 0 0 738.55370125
"102" 0 0 222.126603250001
"103" 0 0 373.545860499998
"104" 0 0 231.331158500001
"105" 0 0 292.211946000001
"106" 0 0 230.957301250003
"107" 0 0 197.938483999999
"108" 0 0 209.38345
"109" 0 0 658.073856250003
"110" 0 0 533.775964999996
"111" 0 0 227.8379925
"112" 0 0 206.318821250001
"113" 0 0 140.39120925
"114" 0 0 470.574810499999
"115" 0 0 422.606067999998
"116" 0 0 268.503625
"117" 0 0 276.995434000001
"118" 0 0 264.94400725
"119" 0 0 246.129781249999
"120" 0 0 271.11435525
"121" 0 0 147.441217250002
"122" 0 0 356.700722499999
"123" 0 0 239.0637665
"124" 0 0 221.542051250001
"125" 0 0 370.026382499999
"126" 0 0 345.728369
"127" 0 0 470.560572499995
"128" 0 0 227.584825
"129" 0 0 342.97841825
"130" 0 0 365.067366499999
"131" 0 0 226.861147249999
"132" 0 0 259.501166500002
"133" 0 0 266.636815999999
"134" 0 0 357.42401725
"135" 0 0 490.897241000004
"136" 0 0 105.657597249999
"137" 0 0 435.364996250001
"138" 0 0 302.907881249999
"139" 0 0 308.411417
"140" 0 0 256.381537249999
"141" 0 0 222.342498500001
"142" 0 0 362.99977425
"143" 0 0 462.438267250001
"144" 0 0 392.984442250001
"145" 0 0 370.211962249998
"146" 0 0 501.722948249998
"147" 0 0 290.409486250002
"148" 0 0 260.364444249997
"149" 0 0 435.3171385
"150" 0 0 201.199505000002
"151" 0 0 408.48115625
"152" 0 0 195.65450125
"153" 0 0 409.747034250002
"154" 0 0 257.479413250002
"155" 0 0 521.3323625
"156" 0 0 336.56235325
"157" 0 0 565.379786499997
"158" 0 0 196.4854145
"159" 0 0 359.898997249998
"160" 0 0 270.367457000001
"161" 0 0 133.565989249998
"162" 0 0 354.305585000002
"163" 0 0 449.629525250001
"164" 0 0 134.321857
"165" 0 0 192.78812125
"166" 1 280.327404249999 358.989661620858
"167" 1 281.675424999996 415.010385078464
"168" 1 296.930492500002 327.746540618917
"169" 1 301.470209 565.889932065554
"170" 1 306.575928499998 376.149194737695
"171" 1 307.339731249998 610.227364266088
"172" 1 308.942190499999 351.271087005062
"173" 1 314.5541225 636.005129482018
"174" 1 328.715781250001 336.826330560829
"175" 1 343.8521425 384.318369721505
"176" 1 346.462454500002 587.020812616949
"177" 1 346.843349000001 444.836341803392
"178" 1 348.579451249999 611.035954467628
"179" 1 358.169664249999 469.627723212207
"180" 1 361.3937045 411.65365823982
"181" 1 363.496536250001 468.634736284389
"182" 1 377.947966249999 398.764110613075
"183" 1 388.01462225 456.658433759729
"184" 1 389.317882499999 544.507836576036
"185" 1 390.628383999999 405.878415027127
"186" 1 392.754534250002 710.81210823987
"187" 1 393.55590025 641.377090604745
"188" 1 396.029222500001 398.821865869607
"189" 1 396.233359249998 667.518479375279
"190" 1 396.910782499999 685.016360741749
"191" 1 401.963232499997 613.145709041288
"192" 1 406.695202 667.824233183791
"193" 1 407.192256250001 437.766637452162
"194" 1 407.991418250001 787.027227960455
"195" 1 410.240286250001 430.802604095786
"196" 1 411.370558249997 534.440027045313
"197" 1 411.66508725 413.232106288762
"198" 1 412.50535225 790.577466919543
"199" 1 413.34418925 443.853510899188
"200" 1 414.207931249997 646.06151153198
"201" 1 415.81782125 427.421602617899
"202" 1 416.232818000001 418.613628147817
"203" 1 418.962438499998 450.480472871197
"204" 1 420.209788999999 704.560945844538
"205" 1 420.238378249999 504.979969683944
"206" 1 421.522801249999 515.881190804015
"207" 1 427.517029250003 663.072847514696
"208" 1 430.20812425 430.325259132961
"209" 1 434.21875525 462.202290760963
"210" 1 435.075100999999 600.182789624928
"211" 1 435.35869625 636.700542867718
"212" 1 440.134420999997 444.443561093219
"213" 1 440.17537925 467.815829063548
"214" 1 447.118236999999 466.560401270354
"215" 1 448.728763249999 494.22163285788
"216" 1 449.334375250001 475.959346130634
"217" 1 451.890434250001 466.444097679901
"218" 1 455.546710250001 496.642339897714
"219" 1 459.564961000001 505.026857270511
"220" 1 460.979583249999 717.472989064525
"221" 1 461.297025999998 511.020359289626
"222" 1 461.42499625 557.390883227243
"223" 1 464.201273 837.350527891119
"224" 1 466.139300499996 719.188221135893
"225" 1 473.564725 473.712974109351
"226" 1 474.811188250004 1034.72345420771
"227" 1 474.963906500001 481.159034275284
"228" 1 475.718547999999 1027.84340163403
"229" 1 477.776532499998 562.297124224612
"230" 1 479.978069000002 577.935251667682
"231" 1 482.0287205 1094.19738298513
"232" 1 482.453413250003 523.371202988393
"233" 1 482.723976500004 893.123144259951
"234" 1 484.088019999996 503.982305949334
"235" 1 484.489368250001 484.943213633309
"236" 1 489.956845249999 619.134955092056
"237" 1 491.007427250001 904.017490172219
"238" 1 491.462035999999 585.646284831653
"239" 1 492.2833 493.216160464694
"240" 1 492.607262500001 529.110161693143
"241" 1 498.875869 652.857138655106
"242" 1 500.8626145 899.363070335084
"243" 1 502.172360000003 759.402022986203
"244" 1 503.551722499996 509.09077879181
"245" 1 504.626814249999 870.79743993355
"246" 1 509.4941125 817.069081494065
"247" 1 509.772396249996 727.406006789673
"248" 1 510.582881250003 639.344636171266
"249" 1 513.65090025 844.533876022901
"250" 1 516.417345000002 943.364552355805
"251" 1 519.260202500001 591.677909201875
"252" 1 519.422491250002 795.31008620341
"253" 1 521.727768250001 531.948506105187
"254" 1 522.537245000001 522.705036685653
"255" 1 523.433311249999 764.976605703637
"256" 1 524.733405249998 628.638356795839
"257" 1 533.542332500001 725.231942520796
"258" 1 533.574822500004 800.899907296817
"259" 1 535.514386250001 758.270533913382
"260" 1 538.18869325 647.861300677331
"261" 1 540.215545 542.605572199335
"262" 1 540.321569 716.453834477676
"263" 1 544.672956249998 639.831306040622
"264" 1 548.305696249999 583.901022259138
"265" 1 551.336165000001 580.648168210688
"266" 1 553.294938249999 644.07240031353
"267" 1 554.625760999999 843.48023701637
"268" 1 557.09901925 575.799040776897
"269" 1 558.38452925 576.986942043073
"270" 1 559.772376249997 567.011771702489
"271" 1 560.91870125 659.778709043332
"272" 1 562.124340999999 784.081778920644
"273" 1 563.4472405 786.339604433438
"274" 1 568.624686499996 793.219521974937
"275" 1 569.372619250002 637.987717741796
"276" 1 573.487294250003 629.231765402544
"277" 1 573.695018000001 750.442506281196
"278" 1 575.8438465 638.767132687839
"279" 1 576.166792499997 579.182646934401
"280" 1 577.280892499999 778.112150248755
"281" 1 578.396581250001 920.494396594333
"282" 1 580.15586525 599.517396298061
"283" 1 586.697642000003 589.974355413772
"284" 1 587.843457249999 668.213784601184
"285" 1 591.592066249999 615.629827875195
"286" 1 591.842236499999 858.120515617777
"287" 1 600.501272500002 616.312133011655
"288" 1 606.524007999998 634.261080704116
"289" 1 607.866510500003 910.41339712395
"290" 1 609.366398499999 681.962445137863
"291" 1 612.833428250004 671.300523901337
"292" 1 613.410037249999 654.694588346278
"293" 1 614.154276250002 762.042092939298
"294" 1 615.855290499999 726.11087808564
"295" 1 624.515546250003 645.170859182702
"296" 1 625.851151250002 627.270544217967
"297" 1 627.139375249998 699.794717244391
"298" 1 628.230665 666.444320325072
"299" 1 633.230046499999 828.179816113465
"300" 1 633.31008625 643.58582008415
"301" 1 634.197012499995 754.246665554058
"302" 1 634.334821000002 637.848258620606
"303" 1 635.265542499999 637.319001049603
"304" 1 639.056474499999 642.760249795444
"305" 1 652.4430265 767.056365343485
"306" 1 656.806996250001 833.768112662667
"307" 1 657.552643250001 1371.91286461832
"308" 1 658.580785250001 662.565789949229
"309" 1 659.053520500002 664.875739721659
"310" 1 659.652895249997 764.882685946808
"311" 1 663.35325125 850.798304570995
"312" 1 666.423807250001 701.455930394729
"313" 1 668.551656249999 677.848003632239
"314" 1 668.694945999997 707.72412823504
"315" 1 669.386211250001 766.129867269983
"316" 1 672.29205625 781.365169581612
"317" 1 672.847353000002 705.372763359129
"318" 1 673.609223249999 775.748733532692
"319" 1 678.672036249999 688.547152316842
"320" 1 680.242473 719.927529685144
"321" 1 687.477465999999 705.305520050714
"322" 1 688.037574249995 1178.76590085816
"323" 1 690.157848250001 730.802161068903
"324" 1 692.29020725 933.132253394588
"325" 1 694.113948250001 801.152401863585
"326" 1 694.297638249996 715.93538835451
"327" 1 695.296836000001 810.705355381004
"328" 1 698.333596999996 966.917548420498
"329" 1 701.711148500003 891.97553733085
"330" 1 713.112324999997 961.387626809557
"331" 1 713.831273999997 729.867268244875
"332" 1 720.535876249999 770.807702612141
"333" 1 735.49522925 757.464554453717
"334" 1 736.487119250001 755.299508432101
"335" 1 740.244037250004 877.23985793482
"336" 1 741.889510249996 759.891775911754
"337" 1 742.314304249997 793.986987532765
"338" 1 748.185508250004 801.038973686424
"339" 1 750.876788500001 754.550052869914
"340" 1 768.813303249998 776.965872958956
"341" 1 775.658145250003 790.455955283904
"342" 1 776.850062499999 785.159774441581
"343" 1 777.394758499999 780.129486588369
"344" 1 780.594682249999 796.043775205791
"345" 1 785.588136249999 1572.31014227733
"346" 1 787.974961249999 817.380542515084
"347" 1 788.78268925 808.07635610462
"348" 1 789.220896249997 881.306761015425
"349" 1 789.922995249999 823.346908477345
"350" 1 791.015600500006 1266.33789806074
"351" 1 793.599534499999 805.4730716802
"352" 1 793.869952000001 842.899015021932
"353" 1 800.28587825 823.579713473611
"354" 1 806.360564000004 835.67535286516
"355" 1 809.44585825 810.691296884667
"356" 1 812.458870250001 890.497410705466
"357" 1 817.411024000001 836.115025939186
"358" 1 822.488420499998 824.774660478467
"359" 1 831.620070249999 831.865146978497
"360" 1 832.959822500004 1279.81343268228
"361" 1 835.162906250001 1016.50495404371
"362" 1 840.264437000003 1285.35489418996
"363" 1 841.815158499995 841.979080816321
"364" 1 858.639681249995 872.099759098649
"365" 1 864.089356249995 1139.65801502041
"366" 1 865.959868249995 982.873548140813
"367" 1 868.98431425 903.896252722229
"368" 1 874.45830125 1073.11129585077
"369" 1 874.769342499997 879.380305443521
"370" 1 879.51630125 908.57310880963
"371" 1 893.748732499994 974.024098746215
"372" 1 902.860161999998 937.655849114294
"373" 1 909.990452499997 1114.35727535343
"374" 1 914.032296250004 1044.50812428544
"375" 1 919.232656249996 924.139189594586
"376" 1 921.525708500001 921.753483986538
"377" 1 922.357832499999 1430.48679470812
"378" 1 985.446146249996 996.338761223214
"379" 1 1018.039802 1018.14178483017
"380" 1 1022.48681625 1035.79220990767
"381" 1 1026.950125 1066.38170017557
"382" 1 1027.42049525 1038.95745929467
"383" 1 1039.22184925 1068.57784992103
"384" 1 1094.73124625 1191.59481259601
"385" 1 1094.78587525 1356.60223214898
"386" 1 1101.58902325 1167.19739301234
"387" 1 1133.56797325 1223.45986054121
"388" 1 1145.36023325 1566.42827195102
"389" 1 1176.55447025 1257.48357905137
"390" 1 1201.91927525 1220.05796510004
"391" 1 1241.1496925 1286.62180827981
"392" 1 1278.15180125 1349.50385521884
"393" 1 1390.99908625 1434.86363201614
"394" 1 1411.077157 1491.46109176074
"395" 1 1423.939138 1997.11097192965
"396" 1 1461.76976500001 1461.9597922365
