"dimension" "Birth" "Death"
"1" 0 0 Inf
"2" 0 0 342.726792500001
"3" 0 0 317.505741249999
"4" 0 0 232.208811249998
"5" 0 0 344.416416500001
"6" 0 0 238.06187425
"7" 0 0 307.67776
"8" 0 0 143.047485249998
"9" 0 0 333.677694250002
"10" 0 0 417.6673465
"11" 0 0 305.732851249999
"12" 0 0 288.46260325
"13" 0 0 633.980092250003
"14" 0 0 301.225781250001
"15" 0 0 237.266449250001
"16" 0 0 465.053529999998
"17" 0 0 230.604892249997
"18" 0 0 372.041392250003
"19" 0 0 371.980620999999
"20" 0 0 378.251841250001
"21" 0 0 301.667112500002
"22" 0 0 244.14001625
"23" 0 0 283.796978000001
"24" 0 0 609.674593249999
"25" 0 0 480.967225000003
"26" 0 0 294.997848499999
"27" 0 0 588.44157025
"28" 0 0 328.332542500001
"29" 0 0 230.436481999999
"30" 0 0 267.629062500002
"31" 0 0 461.85617825
"32" 0 0 666.621757249997
"33" 0 0 465.63532525
"34" 0 0 583.63477625
"35" 0 0 443.379336500002
"36" 0 0 267.72491525
"37" 0 0 349.799305
"38" 0 0 227.115854499997
"39" 0 0 585.54547925
"40" 0 0 591.417912999998
"41" 0 0 302.212500499998
"42" 0 0 559.865245
"43" 0 0 328.119271249999
"44" 0 0 391.850324500001
"45" 0 0 300.917189
"46" 0 0 518.774524249999
"47" 0 0 548.395849999999
"48" 0 0 572.960646249997
"49" 0 0 553.632965000002
"50" 0 0 539.698410250002
"51" 0 0 512.9002985
"52" 0 0 444.3033125
"53" 0 0 520.60945025
"54" 0 0 627.573170500002
"55" 0 0 401.816262500002
"56" 0 0 421.13837
"57" 0 0 537.715181249999
"58" 0 0 445.717962500001
"59" 0 0 504.357533
"60" 0 0 317.089460000001
"61" 0 0 495.362130499999
"62" 0 0 466.112409250002
"63" 0 0 503.660012499996
"64" 0 0 518.61620225
"65" 0 0 478.002440499998
"66" 0 0 402.537878500001
"67" 0 0 513.1447165
"68" 0 0 348.88616725
"69" 0 0 559.115882000001
"70" 0 0 170.357076000001
"71" 0 0 311.215862499999
"72" 0 0 345.727741249998
"73" 0 0 464.098116250003
"74" 0 0 165.6203125
"75" 0 0 488.506752499999
"76" 0 0 322.478448499999
"77" 0 0 452.740424499999
"78" 0 0 249.673905
"79" 0 0 522.350044250006
"80" 0 0 523.648255999999
"81" 0 0 510.242775249999
"82" 0 0 474.982168999999
"83" 0 0 504.109108999999
"84" 0 0 481.467121249999
"85" 0 0 433.366178499999
"86" 0 0 498.092626250003
"87" 0 0 412.324507250002
"88" 0 0 310.985118249999
"89" 0 0 407.12230225
"90" 0 0 483.388602500001
"91" 0 0 471.109076499999
"92" 0 0 597.264424249997
"93" 0 0 241.71524325
"94" 0 0 484.853042249999
"95" 0 0 463.7938405
"96" 0 0 395.56051625
"97" 0 0 434.17033025
"98" 0 0 472.977378249999
"99" 0 0 403.551906250004
"100" 0 0 315.638325000002
"101" 0 0 474.59591525
"102" 0 0 504.060228250002
"103" 0 0 275.099276499997
"104" 0 0 426.316131250003
"105" 0 0 345.805562499998
"106" 0 0 414.237104499998
"107" 0 0 485.832622249999
"108" 0 0 486.003302500002
"109" 0 0 495.689470250001
"110" 0 0 598.690577
"111" 0 0 375.980956249998
"112" 0 0 409.248076250001
"113" 0 0 289.8767565
"114" 0 0 422.290262500001
"115" 0 0 426.649190500001
"116" 0 0 548.015386499999
"117" 0 0 300.713760999999
"118" 0 0 299.309044250001
"119" 0 0 369.636618250001
"120" 0 0 446.130381249999
"121" 0 0 418.093161250001
"122" 0 0 492.123325
"123" 0 0 162.354468250001
"124" 0 0 298.162044500001
"125" 0 0 472.23268625
"126" 0 0 462.992688250004
"127" 0 0 491.502912500002
"128" 0 0 359.303213
"129" 0 0 220.796596250001
"130" 0 0 650.057859250002
"131" 0 0 258.502924999999
"132" 0 0 275.93587125
"133" 0 0 409.7534465
"134" 0 0 422.681693000003
"135" 0 0 525.464602000004
"136" 0 0 166.487103249998
"137" 0 0 434.390548
"138" 0 0 476.8779845
"139" 0 0 628.354634000003
"140" 0 0 282.9982465
"141" 0 0 465.261764499997
"142" 0 0 366.43328725
"143" 0 0 482.848841250003
"144" 0 0 352.651325000001
"145" 0 0 420.618115999999
"146" 0 0 350.413130249999
"147" 0 0 722.257164499999
"148" 0 0 222.778375999998
"149" 0 0 454.597868499999
"150" 0 0 456.373242250002
"151" 0 0 368.2655345
"152" 0 0 390.26965
"153" 0 0 373.682924500002
"154" 0 0 233.073817249999
"155" 0 0 204.684448250001
"156" 0 0 405.31368725
"157" 0 0 852.363206500001
"158" 0 0 280.496556250001
"159" 0 0 408.7094885
"160" 0 0 454.263436249999
"161" 0 0 347.427266
"162" 0 0 340.125492250002
"163" 0 0 677.897641249998
"164" 0 0 459.73415225
"165" 0 0 259.47480425
"166" 1 325.71803025 386.454288797587
"167" 1 332.611470500004 374.12903230166
"168" 1 342.157078249999 504.671473100286
"169" 1 357.510662499999 510.962291220651
"170" 1 402.216679999999 513.947477126328
"171" 1 408.344484499999 463.353540408819
"172" 1 411.205482500001 583.609868479722
"173" 1 416.063263250001 506.050574727056
"174" 1 418.722528999999 420.314550567814
"175" 1 423.653048999998 1071.23954681505
"176" 1 429.172408999999 684.084886603803
"177" 1 430.75208525 498.77350269172
"178" 1 435.0448645 527.482909811272
"179" 1 437.11023925 1171.94039641557
"180" 1 461.406204999999 560.625106977985
"181" 1 466.033662250001 503.738180759892
"182" 1 476.953206499998 482.99292791313
"183" 1 484.8234725 694.07244834091
"184" 1 496.343819250002 769.681446651116
"185" 1 502.579146499997 628.115405761679
"186" 1 502.786054249999 595.734087770102
"187" 1 506.682761000003 548.618135869823
"188" 1 509.449058499996 795.272102569033
"189" 1 519.428954500003 1162.68270061605
"190" 1 533.9488765 652.84454903029
"191" 1 537.565988500005 631.976787695244
"192" 1 538.1544645 1298.28307703394
"193" 1 540.823530249998 543.699967518467
"194" 1 546.512541250002 558.057323754376
"195" 1 546.51325625 852.961475147691
"196" 1 548.519901249999 893.088179435204
"197" 1 550.703589249998 729.221851807382
"198" 1 560.37177025 793.350898952283
"199" 1 561.78426125 1057.35627348919
"200" 1 563.38762625 851.225418768918
"201" 1 565.630562500001 1378.26862845948
"202" 1 570.892784500002 656.198746411234
"203" 1 576.226917 632.450849095162
"204" 1 580.058496249996 661.191628407503
"205" 1 584.191338250001 674.828021101828
"206" 1 587.632350500001 631.843234298093
"207" 1 587.696940999999 828.882814907887
"208" 1 589.762824500002 672.297499518905
"209" 1 592.99878125 737.600245366355
"210" 1 593.484250250001 833.087430662678
"211" 1 598.387560249995 824.302222774987
"212" 1 600.697621249997 673.903270926548
"213" 1 604.188616250001 776.954712306388
"214" 1 604.716526250003 774.845761419559
"215" 1 607.096473249999 895.14247714596
"216" 1 609.257500999999 614.22273949464
"217" 1 609.882003999999 837.205455044971
"218" 1 610.532612000001 999.230515839115
"219" 1 614.5782325 679.090678705497
"220" 1 617.247660499999 647.47277087975
"221" 1 621.920801000001 636.705366663766
"222" 1 623.30063225 1224.17418699764
"223" 1 625.817707250003 1104.93452218431
"224" 1 625.912513249998 693.852921068052
"225" 1 626.331814249999 765.136038745589
"226" 1 626.841830250001 788.902674801904
"227" 1 627.271285250002 703.311744941771
"228" 1 627.834365000002 680.467980947588
"229" 1 639.853671249998 679.528131753592
"230" 1 640.293347250003 683.163865228313
"231" 1 640.639066500001 1060.11551430163
"232" 1 641.873812500004 736.391621518139
"233" 1 643.306048250006 785.599195047361
"234" 1 645.847837 1136.79908852652
"235" 1 647.411733 1125.21341025505
"236" 1 648.199456999997 794.803750396584
"237" 1 655.009364249999 1453.43303381539
"238" 1 655.389772250005 774.613666260524
"239" 1 656.404246250001 759.808572383224
"240" 1 661.835700249997 1015.12810876598
"241" 1 662.534616499999 667.811194807202
"242" 1 664.700652499999 841.912066922896
"243" 1 665.254945000001 1152.48083138581
"244" 1 665.843945000002 751.716574797647
"245" 1 666.248028500001 755.687992510578
"246" 1 668.457770499999 808.330729599334
"247" 1 668.862006250003 1216.92592077424
"248" 1 670.76460425 1258.24339035575
"249" 1 673.187625999998 1111.94897331834
"250" 1 677.11780625 707.760226029659
"251" 1 678.122228249998 1034.11681369063
"252" 1 678.559492999995 1073.17744338172
"253" 1 679.308949250002 807.578936127137
"254" 1 682.606592999998 683.435560490821
"255" 1 683.486514000001 1125.16127228399
"256" 1 684.340231250001 828.297194745285
"257" 1 685.6613185 687.209567002191
"258" 1 686.548810000001 824.846530787531
"259" 1 687.847346000004 895.681563693164
"260" 1 693.362954500001 748.483819046178
"261" 1 693.571086499998 715.559408692461
"262" 1 694.850592250001 1153.49823604095
"263" 1 696.7216625 1177.39564746215
"264" 1 697.795354000007 717.823507364082
"265" 1 698.9666185 769.044052329659
"266" 1 703.962316250002 1051.50476998026
"267" 1 706.799281249999 729.289246517362
"268" 1 709.884388250002 731.883629134177
"269" 1 710.16192125 802.211019817778
"270" 1 711.77680925 890.589935543243
"271" 1 711.822387999996 1007.09707489285
"272" 1 712.831421000003 904.539131007803
"273" 1 715.880344499999 858.982074236396
"274" 1 717.530604250002 744.152889612378
"275" 1 720.026896249998 817.686696984988
"276" 1 720.960921250002 824.109519319404
"277" 1 722.22858125 799.159334179589
"278" 1 722.501882 760.65572637953
"279" 1 726.163874 832.410306261594
"280" 1 729.004564249997 813.906585751697
"281" 1 730.988862499996 944.794168967806
"282" 1 732.576363249997 747.070856657158
"283" 1 735.75176725 750.022826616188
"284" 1 743.824550249996 812.762895627811
"285" 1 746.627134499997 1176.27877312557
"286" 1 747.519907999998 1022.482496612
"287" 1 753.43128725 1081.57556187169
"288" 1 755.757086500002 929.497437440457
"289" 1 758.777168500003 985.797216606233
"290" 1 764.558210000003 988.972620569099
"291" 1 765.125754500002 766.172161661395
"292" 1 770.25062225 1588.92417382212
"293" 1 773.085868999998 1212.34673036887
"294" 1 773.820312499995 844.509062469779
"295" 1 776.478784000003 1180.47891319692
"296" 1 778.972910499999 831.331130258251
"297" 1 780.5787785 985.001602424518
"298" 1 782.797621250002 928.350879738862
"299" 1 787.580649 1376.32600124439
"300" 1 788.228557250002 791.00345367573
"301" 1 788.284908499997 807.685110983037
"302" 1 791.462909250002 957.663933318236
"303" 1 791.952854499998 1153.60365548068
"304" 1 798.313285250001 822.005058042273
"305" 1 804.111581250002 869.769324021172
"306" 1 804.599562500003 868.657131220519
"307" 1 806.509985000001 982.526966236831
"308" 1 811.200010000002 1155.36465956087
"309" 1 814.126305250001 912.144080959657
"310" 1 814.608154000001 965.038028238465
"311" 1 815.98118125 977.433932740931
"312" 1 823.48714225 1020.30005839532
"313" 1 823.7416725 912.577366159918
"314" 1 825.615136249999 834.318578574354
"315" 1 832.62922 1040.2331799962
"316" 1 834.969381249998 1238.06700693182
"317" 1 835.082824500001 862.708890199561
"318" 1 836.887356500003 923.029394736305
"319" 1 838.113625 905.054666658658
"320" 1 841.179926249998 872.806577079521
"321" 1 842.246120000005 955.513376523172
"322" 1 842.308981250003 948.618697961539
"323" 1 843.22490125 856.624743444765
"324" 1 844.371780499998 956.212036089897
"325" 1 852.016545000001 877.94873545845
"326" 1 853.03026925 855.443742327477
"327" 1 853.371797 860.958484081528
"328" 1 861.368268500004 902.075683237087
"329" 1 868.583181249997 1014.41744054127
"330" 1 883.253517250002 1015.72743587592
"331" 1 883.915481250005 991.915415251386
"332" 1 883.933429 953.713377294193
"333" 1 883.972198250001 886.552340719736
"334" 1 884.033149249996 1109.68028109129
"335" 1 887.653419250005 982.971400012001
"336" 1 888.675713000001 1016.92783276853
"337" 1 893.4974665 1023.59441460318
"338" 1 893.830368499999 1207.70499368772
"339" 1 898.951524500003 1067.55925983235
"340" 1 900.268664500002 938.250017956492
"341" 1 902.447840500001 904.372375312944
"342" 1 906.348076249997 973.030651554583
"343" 1 908.384443249999 962.656290199215
"344" 1 910.335856250002 947.779891727428
"345" 1 910.785325000005 1244.48753764897
"346" 1 917.310420500003 1030.60794833196
"347" 1 919.886080250001 1129.6725888
"348" 1 924.806220999998 1076.80040636161
"349" 1 925.34040425 984.476268660628
"350" 1 928.744004249994 1013.51647022709
"351" 1 929.520232000001 1055.54372735755
"352" 1 932.404380499994 990.046985154495
"353" 1 932.958089999997 932.963642514257
"354" 1 939.20597525 974.745769268083
"355" 1 946.557850249998 1047.70265122872
"356" 1 950.311214500003 958.592266498186
"357" 1 955.182199250002 959.782108873737
"358" 1 966.7510345 1068.72842571273
"359" 1 969.82579925 969.86921124328
"360" 1 975.321482499999 996.489754043184
"361" 1 976.32067325 1016.84482793867
"362" 1 986.540362000001 1001.16454207037
"363" 1 990.137641999997 1150.60474653912
"364" 1 997.349961249998 1020.46094230332
"365" 1 997.596226249999 1134.63287009964
"366" 1 1008.1794825 1019.04709677396
"367" 1 1012.88961225 1160.86795969946
"368" 1 1015.29818 1016.52264997535
"369" 1 1019.077625 1084.25219089731
"370" 1 1019.142541 1157.6916570863
"371" 1 1019.15450325 1064.00716940818
"372" 1 1021.01103625 1147.9103322257
"373" 1 1034.7856425 1133.66029078924
"374" 1 1035.93503425 1471.70867485901
"375" 1 1041.11657725 1109.10661713378
"376" 1 1047.22576825 1413.68171489431
"377" 1 1054.08653425 1211.60232854905
"378" 1 1056.02295125 1099.42400179252
"379" 1 1057.582901 1099.13452258024
"380" 1 1058.2126245 1527.29723148455
"381" 1 1068.97263325 1069.65891456373
"382" 1 1069.5049465 1079.15268857324
"383" 1 1071.4946465 1098.13780302745
"384" 1 1074.28672125 1186.83725509276
"385" 1 1077.553413 1156.63215654255
"386" 1 1079.7414125 1090.07018844791
"387" 1 1080.37902025 1092.34634099226
"388" 1 1098.67473125 1123.36562034344
"389" 1 1118.66451425 1118.78384823887
"390" 1 1121.4891865 1162.04999744296
"391" 1 1137.87167625 1254.90419290558
"392" 1 1140.1430905 1144.11100321996
"393" 1 1148.0772125 1151.97922087351
"394" 1 1148.33502125 1207.90640028797
"395" 1 1162.09633325 1183.96431208328
"396" 1 1180.56597625 1213.54433428329
"397" 1 1189.571994 1203.90477079056
"398" 1 1194.92304325 1209.43350854695
"399" 1 1243.50212025 1267.85536745386
"400" 1 1290.447005 1292.43452818307
"401" 1 1300.3997525 1301.06718713732
"402" 1 1330.76400125 1357.12788902628
"403" 1 1367.3609105 1375.51232485923
"404" 1 1450.13389325 1451.99222080303
"405" 1 1521.97297325 1522.71283286753
"406" 1 1551.43098125 1552.41518925598
