"dimension" "Birth" "Death"
"1" 0 0 Inf
"2" 0 0 342.726792500001
"3" 0 0 317.505741249999
"4" 0 0 232.208811249998
"5" 0 0 344.416416500001
"6" 0 0 238.06187425
"7" 0 0 307.67776
"8" 0 0 143.047485249998
"9" 0 0 333.677694250002
"10" 0 0 417.6673465
"11" 0 0 305.732851249999
"12" 0 0 288.46260325
"13" 0 0 633.980092250003
"14" 0 0 301.225781250001
"15" 0 0 237.266449250001
"16" 0 0 465.053529999998
"17" 0 0 230.604892249997
"18" 0 0 372.041392250003
"19" 0 0 371.980620999999
"20" 0 0 378.251841250001
"21" 0 0 301.667112500002
"22" 0 0 244.14001625
"23" 0 0 283.796978000001
"24" 0 0 609.674593249999
"25" 0 0 480.967225000003
"26" 0 0 294.997848499999
"27" 0 0 588.44157025
"28" 0 0 328.332542500001
"29" 0 0 230.436481999999
"30" 0 0 267.629062500002
"31" 0 0 461.85617825
"32" 0 0 666.621757249997
"33" 0 0 465.63532525
"34" 0 0 583.63477625
"35" 0 0 443.379336500002
"36" 0 0 267.72491525
"37" 0 0 349.799305
"38" 0 0 227.115854499997
"39" 0 0 585.54547925
"40" 0 0 591.417912999998
"41" 0 0 302.212500499998
"42" 0 0 559.865245
"43" 0 0 328.119271249999
"44" 0 0 391.850324500001
"45" 0 0 300.917189
"46" 0 0 518.774524249999
"47" 0 0 548.395849999999
"48" 0 0 572.960646249997
"49" 0 0 553.632965000002
"50" 0 0 539.698410250002
"51" 0 0 512.9002985
"52" 0 0 444.3033125
"53" 0 0 520.60945025
"54" 0 0 627.573170500002
"55" 0 0 401.816262500002
"56" 0 0 421.13837
"57" 0 0 537.715181249999
"58" 0 0 445.717962500001
"59" 0 0 504.357533
"60" 0 0 317.089460000001
"61" 0 0 495.362130499999
"62" 0 0 466.112409250002
"63" 0 0 503.660012499996
"64" 0 0 518.61620225
"65" 0 0 478.002440499998
"66" 0 0 402.537878500001
"67" 0 0 513.1447165
"68" 0 0 348.88616725
"69" 0 0 559.115882000001
"70" 0 0 170.357076000001
"71" 0 0 311.215862499999
"72" 0 0 345.727741249998
"73" 0 0 464.098116250003
"74" 0 0 165.6203125
"75" 0 0 488.506752499999
"76" 0 0 322.478448499999
"77" 0 0 452.740424499999
"78" 0 0 249.673905
"79" 0 0 464.6064305
"80" 0 0 523.648255999999
"81" 0 0 486.003302500002
"82" 0 0 474.982168999999
"83" 0 0 504.109108999999
"84" 0 0 481.467121249999
"85" 0 0 433.366178499999
"86" 0 0 498.092626250003
"87" 0 0 412.324507250002
"88" 0 0 310.985118249999
"89" 0 0 407.12230225
"90" 0 0 483.388602500001
"91" 0 0 471.109076499999
"92" 0 0 597.264424249997
"93" 0 0 241.71524325
"94" 0 0 484.853042249999
"95" 0 0 463.7938405
"96" 0 0 395.56051625
"97" 0 0 434.17033025
"98" 0 0 472.977378249999
"99" 0 0 403.551906250004
"100" 0 0 315.638325000002
"101" 0 0 474.59591525
"102" 0 0 504.060228250002
"103" 0 0 275.099276499997
"104" 0 0 426.316131250003
"105" 0 0 345.805562499998
"106" 0 0 414.237104499998
"107" 0 0 485.832622249999
"108" 0 0 475.688812500003
"109" 0 0 495.689470250001
"110" 0 0 598.690577
"111" 0 0 375.980956249998
"112" 0 0 409.248076250001
"113" 0 0 289.8767565
"114" 0 0 422.290262500001
"115" 0 0 426.649190500001
"116" 0 0 548.015386499999
"117" 0 0 300.713760999999
"118" 0 0 299.309044250001
"119" 0 0 369.636618250001
"120" 0 0 446.130381249999
"121" 0 0 418.093161250001
"122" 0 0 492.123325
"123" 0 0 162.354468250001
"124" 0 0 298.162044500001
"125" 0 0 472.23268625
"126" 0 0 462.992688250004
"127" 0 0 491.502912500002
"128" 0 0 359.303213
"129" 0 0 220.796596250001
"130" 0 0 409.7534465
"131" 0 0 258.502924999999
"132" 0 0 275.93587125
"133" 0 0 355.46802625
"134" 0 0 422.681693000003
"135" 0 0 525.464602000004
"136" 0 0 166.487103249998
"137" 0 0 375.938566250003
"138" 0 0 476.8779845
"139" 0 0 620.72671525
"140" 0 0 282.9982465
"141" 0 0 465.261764499997
"142" 0 0 366.43328725
"143" 0 0 482.848841250003
"144" 0 0 352.651325000001
"145" 0 0 420.618115999999
"146" 0 0 350.413130249999
"147" 0 0 396.302329000001
"148" 0 0 222.778375999998
"149" 0 0 454.597868499999
"150" 0 0 456.373242250002
"151" 0 0 368.2655345
"152" 0 0 390.26965
"153" 0 0 373.682924500002
"154" 0 0 233.073817249999
"155" 0 0 204.684448250001
"156" 0 0 405.31368725
"157" 0 0 616.01825525
"158" 0 0 280.496556250001
"159" 0 0 408.7094885
"160" 0 0 454.263436249999
"161" 0 0 347.427266
"162" 0 0 340.125492250002
"163" 0 0 564.630687249996
"164" 0 0 413.198819999999
"165" 0 0 259.47480425
"166" 0 0 390.38030125
"167" 0 0 635.748559999998
"168" 0 0 248.63966725
"169" 0 0 400.685773000001
"170" 0 0 399.018705250001
"171" 0 0 446.61662825
"172" 0 0 261.588799249998
"173" 0 0 503.282250249998
"174" 0 0 213.363512500001
"175" 0 0 278.893156250001
"176" 0 0 568.447375250001
"177" 0 0 564.800798250001
"178" 0 0 309.870603250001
"179" 0 0 258.223333
"180" 0 0 237.792264250002
"181" 0 0 209.518794499999
"182" 0 0 242.6794825
"183" 0 0 210.325860249999
"184" 0 0 305.946969249998
"185" 0 0 183.200745250001
"186" 0 0 773.157690500002
"187" 0 0 278.656345
"188" 0 0 503.155566249999
"189" 0 0 353.206896250001
"190" 0 0 338.20447025
"191" 0 0 221.363545
"192" 0 0 291.649824999999
"193" 0 0 303.447321249999
"194" 0 0 409.0654325
"195" 0 0 440.333438499999
"196" 0 0 731.883120250002
"197" 0 0 378.507367999999
"198" 0 0 386.563212500001
"199" 0 0 538.913022500003
"200" 0 0 583.956542249999
"201" 0 0 193.72865825
"202" 0 0 386.913010249999
"203" 0 0 465.079445000001
"204" 0 0 549.275931249999
"205" 0 0 469.767921250002
"206" 1 325.71803025 386.454288797587
"207" 1 332.611470500004 374.12903230166
"208" 1 342.157078249999 504.671473100286
"209" 1 357.510662499999 510.962291220651
"210" 1 402.216679999999 513.947477126328
"211" 1 408.344484499999 463.353540408819
"212" 1 411.205482500001 583.609868479722
"213" 1 415.633012250001 467.66683840913
"214" 1 416.063263250001 506.050574727056
"215" 1 418.722528999999 420.314550567814
"216" 1 423.653048999998 1071.23954681505
"217" 1 429.172408999999 684.084886603803
"218" 1 430.75208525 498.77350269172
"219" 1 434.390548 525.807427399378
"220" 1 435.0448645 527.482909811272
"221" 1 437.11023925 1171.94039641557
"222" 1 451.380486250002 493.872418325192
"223" 1 459.73415225 561.453491974733
"224" 1 461.406204999999 560.625106977985
"225" 1 461.699449250001 492.74138403662
"226" 1 466.033662250001 503.738180759892
"227" 1 476.953206499998 482.99292791313
"228" 1 484.8234725 694.07244834091
"229" 1 495.657187999997 769.312667193308
"230" 1 496.078852999999 528.561799683192
"231" 1 496.343819250002 769.681446651116
"232" 1 502.579146499997 628.115405761679
"233" 1 502.786054249999 595.734087770102
"234" 1 506.682761000003 548.618135869823
"235" 1 507.358309 635.087259760843
"236" 1 509.449058499996 795.272102569033
"237" 1 510.242775249999 842.61573251383
"238" 1 511.767880000003 653.790934672665
"239" 1 512.283067250003 529.535848505659
"240" 1 512.436070250003 645.197678939121
"241" 1 519.293043999992 893.088179435204
"242" 1 519.428954500003 1162.68270061605
"243" 1 522.350044250006 1244.48753764897
"244" 1 522.634838500001 648.21262700359
"245" 1 533.9488765 652.84454903029
"246" 1 537.565988500005 631.976787695244
"247" 1 537.823244500001 552.868379828028
"248" 1 538.1544645 1298.28307703394
"249" 1 540.823530249998 543.699967518467
"250" 1 546.512541250002 558.057323754376
"251" 1 546.51325625 852.961475147691
"252" 1 548.04751825 589.566427149702
"253" 1 548.519901249999 649.841234054373
"254" 1 550.703589249998 729.221851807382
"255" 1 560.37177025 793.350898952283
"256" 1 561.78426125 1057.35627348919
"257" 1 563.38762625 851.225418768918
"258" 1 565.630562500001 1378.26862845948
"259" 1 567.699709000004 802.481130380677
"260" 1 570.229973000005 929.497437440457
"261" 1 570.892784500002 656.198746411234
"262" 1 576.226917 632.450849095162
"263" 1 578.22730325 1125.21341025505
"264" 1 579.956962500001 904.864596699846
"265" 1 580.058496249996 661.191628407503
"266" 1 584.191338250001 674.828021101828
"267" 1 587.328284249999 751.253720482567
"268" 1 587.632350500001 631.843234298093
"269" 1 587.696940999999 828.882814907887
"270" 1 589.762824500002 672.297499518905
"271" 1 592.99878125 737.600245366355
"272" 1 593.484250250001 833.087430662678
"273" 1 598.387560249995 824.302222774987
"274" 1 600.697621249997 673.903270926548
"275" 1 604.188616250001 776.954712306388
"276" 1 604.716526250003 774.845761419559
"277" 1 607.096473249999 895.14247714596
"278" 1 609.257500999999 614.22273949464
"279" 1 609.51655925 664.464615483899
"280" 1 609.882003999999 837.205455044971
"281" 1 610.532612000001 999.230515839115
"282" 1 614.5782325 679.090678705497
"283" 1 617.247660499999 647.47277087975
"284" 1 621.920801000001 636.705366663766
"285" 1 623.30063225 1224.17418699764
"286" 1 625.817707250003 1104.93452218431
"287" 1 625.912513249998 693.852921068052
"288" 1 626.331814249999 765.136038745589
"289" 1 626.841830250001 788.902674801904
"290" 1 627.271285250002 703.311744941771
"291" 1 627.834365000002 680.467980947588
"292" 1 628.354634000003 1060.11551430163
"293" 1 639.853671249998 679.528131753592
"294" 1 640.293347250003 683.163865228313
"295" 1 640.639066500001 717.966738698365
"296" 1 641.873812500004 736.391621518139
"297" 1 643.306048250006 785.599195047361
"298" 1 645.847837 1136.79908852652
"299" 1 647.411733 912.577366159918
"300" 1 648.199456999997 794.803750396584
"301" 1 649.460251249999 1022.482496612
"302" 1 650.057859250002 802.211019817778
"303" 1 655.009364249999 1453.43303381539
"304" 1 655.0200625 699.174259168855
"305" 1 655.389772250005 774.613666260524
"306" 1 656.404246250001 759.808572383224
"307" 1 661.835700249997 1015.12810876598
"308" 1 662.534616499999 667.811194807202
"309" 1 664.700652499999 841.912066922896
"310" 1 665.254945000001 1152.48083138581
"311" 1 665.843945000002 751.716574797647
"312" 1 666.248028500001 755.687992510578
"313" 1 668.457770499999 808.330729599334
"314" 1 668.862006250003 1216.92592077424
"315" 1 670.76460425 1258.24339035575
"316" 1 673.187625999998 1111.94897331834
"317" 1 673.648019999999 768.391588230775
"318" 1 677.11780625 707.760226029659
"319" 1 677.897641249998 1013.51647022709
"320" 1 678.122228249998 1034.11681369063
"321" 1 678.559492999995 1073.17744338172
"322" 1 679.308949250002 807.578936127137
"323" 1 682.606592999998 683.435560490821
"324" 1 683.486514000001 1125.16127228399
"325" 1 684.340231250001 828.297194745285
"326" 1 685.533699999999 816.256781536609
"327" 1 685.6613185 687.209567002191
"328" 1 686.548810000001 824.846530787531
"329" 1 687.847346000004 895.681563693164
"330" 1 693.362954500001 748.483819046178
"331" 1 693.571086499998 715.559408692461
"332" 1 694.850592250001 1153.49823604095
"333" 1 696.7216625 1177.39564746215
"334" 1 697.795354000007 717.823507364082
"335" 1 698.9666185 769.044052329659
"336" 1 703.962316250002 1051.50476998026
"337" 1 706.799281249999 729.289246517362
"338" 1 709.884388250002 731.883629134177
"339" 1 710.16192125 720.919478631513
"340" 1 711.77680925 890.589935543243
"341" 1 711.822387999996 1007.09707489285
"342" 1 712.831421000003 904.539131007803
"343" 1 715.880344499999 858.982074236396
"344" 1 716.224899999999 837.02741096485
"345" 1 717.530604250002 744.152889612378
"346" 1 718.436756499999 987.084083356153
"347" 1 719.259243250001 736.609538098814
"348" 1 720.026896249998 817.686696984988
"349" 1 720.960921250002 824.109519319404
"350" 1 722.22858125 799.159334179589
"351" 1 722.501882 760.65572637953
"352" 1 725.704128499999 851.990367363216
"353" 1 726.163874 832.410306261594
"354" 1 729.004564249997 813.906585751697
"355" 1 729.402901249999 729.404550757214
"356" 1 730.988862499996 944.794168967806
"357" 1 732.576363249997 747.070856657158
"358" 1 735.75176725 750.022826616188
"359" 1 743.291490500002 934.145271355258
"360" 1 743.810131999998 895.46866727026
"361" 1 743.824550249996 812.762895627811
"362" 1 746.627134499997 1176.27877312557
"363" 1 747.519907999998 819.09163169677
"364" 1 753.43128725 1081.57556187169
"365" 1 755.757086500002 779.102937367163
"366" 1 758.777168500003 985.797216606233
"367" 1 762.135298000001 966.38354452247
"368" 1 764.558210000003 988.972620569099
"369" 1 765.125754500002 766.172161661395
"370" 1 770.25062225 1588.92417382212
"371" 1 773.085868999998 1212.34673036887
"372" 1 773.820312499995 844.509062469779
"373" 1 776.478784000003 1180.47891319692
"374" 1 777.823896249999 789.779936833879
"375" 1 778.972910499999 831.331130258251
"376" 1 780.5787785 985.001602424518
"377" 1 782.797621250002 928.350879738862
"378" 1 787.580649 1376.32600124439
"379" 1 788.228557250002 791.00345367573
"380" 1 788.284908499997 807.685110983037
"381" 1 791.462909250002 957.663933318236
"382" 1 791.952854499998 1153.60365548068
"383" 1 798.313285250001 822.005058042273
"384" 1 804.111581250002 869.769324021172
"385" 1 804.599562500003 868.657131220519
"386" 1 806.509985000001 982.526966236831
"387" 1 811.200010000002 1155.36465956087
"388" 1 813.782561000002 862.256294651188
"389" 1 814.126305250001 912.144080959657
"390" 1 814.608154000001 965.038028238465
"391" 1 815.810760249999 1085.25177091768
"392" 1 815.98118125 977.433932740931
"393" 1 823.48714225 1020.30005839532
"394" 1 823.7416725 849.309946337047
"395" 1 825.615136249999 834.318578574354
"396" 1 832.62922 1040.2331799962
"397" 1 834.277304249995 862.603107928248
"398" 1 834.969381249998 1238.06700693182
"399" 1 835.082824500001 862.708890199561
"400" 1 836.887356500003 923.029394736305
"401" 1 838.113625 905.054666658658
"402" 1 841.179926249998 872.806577079521
"403" 1 842.246120000005 955.513376523172
"404" 1 842.308981250003 948.618697961539
"405" 1 843.22490125 856.624743444765
"406" 1 844.371780499998 956.212036089897
"407" 1 847.948170499997 945.709278486392
"408" 1 852.016545000001 877.94873545845
"409" 1 852.363206500001 1059.86814799364
"410" 1 853.03026925 855.443742327477
"411" 1 853.371797 860.958484081528
"412" 1 860.844180250001 878.86608930582
"413" 1 861.368268500004 902.075683237087
"414" 1 868.583181249997 1014.41744054127
"415" 1 871.451701249999 1037.32639656996
"416" 1 876.16697625 928.433266917472
"417" 1 883.253517250002 1015.72743587592
"418" 1 883.915481250005 991.915415251386
"419" 1 883.933429 953.713377294193
"420" 1 883.972198250001 886.552340719736
"421" 1 884.033149249996 1109.68028109129
"422" 1 887.653419250005 982.971400012001
"423" 1 888.675713000001 1016.92783276853
"424" 1 893.4974665 1023.59441460318
"425" 1 893.830368499999 1207.70499368772
"426" 1 898.951524500003 1067.55925983235
"427" 1 900.044706249999 1105.86134425055
"428" 1 900.268664500002 938.250017956492
"429" 1 902.447840500001 904.372375312944
"430" 1 903.018018249998 1046.70491902682
"431" 1 906.348076249997 973.030651554583
"432" 1 908.384443249999 962.656290199215
"433" 1 910.335856250002 947.779891727428
"434" 1 910.785325000005 1090.81884840132
"435" 1 917.310420500003 1030.60794833196
"436" 1 919.886080250001 1129.6725888
"437" 1 924.806220999998 1076.80040636161
"438" 1 925.34040425 984.476268660628
"439" 1 926.3987505 949.295517159295
"440" 1 928.744004249994 976.607759706434
"441" 1 929.520232000001 1055.54372735755
"442" 1 932.404380499994 990.046985154495
"443" 1 932.958089999997 932.963642514257
"444" 1 934.882092250005 1335.54306142711
"445" 1 939.20597525 974.745769268083
"446" 1 942.687911250005 998.106605111664
"447" 1 946.557850249998 1047.70265122872
"448" 1 947.764288250001 993.085543128139
"449" 1 950.311214500003 958.592266498186
"450" 1 951.05942125 970.897044170271
"451" 1 955.182199250002 959.782108873737
"452" 1 966.7510345 1068.72842571273
"453" 1 969.82579925 969.86921124328
"454" 1 971.940028999997 1185.24861203467
"455" 1 972.921657249998 1043.26978078195
"456" 1 975.321482499999 996.489754043184
"457" 1 976.32067325 1016.84482793867
"458" 1 986.540362000001 1001.16454207037
"459" 1 990.137641999997 1150.60474653912
"460" 1 997.349961249998 1020.46094230332
"461" 1 997.596226249999 1134.63287009964
"462" 1 1008.1794825 1019.04709677396
"463" 1 1012.88961225 1160.86795969946
"464" 1 1015.29818 1016.52264997535
"465" 1 1019.077625 1084.25219089731
"466" 1 1019.142541 1157.6916570863
"467" 1 1019.15450325 1064.00716940818
"468" 1 1021.01103625 1147.9103322257
"469" 1 1022.890217 1527.29723148455
"470" 1 1034.7856425 1133.66029078924
"471" 1 1035.93503425 1471.70867485901
"472" 1 1041.11657725 1109.10661713378
"473" 1 1047.22576825 1413.68171489431
"474" 1 1054.08653425 1211.60232854905
"475" 1 1056.02295125 1099.42400179252
"476" 1 1057.582901 1099.13452258024
"477" 1 1058.2126245 1389.38889384704
"478" 1 1068.97263325 1069.65891456373
"479" 1 1069.5049465 1079.15268857324
"480" 1 1071.4946465 1098.13780302745
"481" 1 1074.28672125 1186.83725509276
"482" 1 1077.553413 1156.63215654255
"483" 1 1079.7414125 1090.07018844791
"484" 1 1080.37902025 1092.34634099226
"485" 1 1098.67473125 1123.36562034344
"486" 1 1118.66451425 1118.78384823887
"487" 1 1121.4891865 1162.04999744296
"488" 1 1137.87167625 1254.90419290558
"489" 1 1140.1430905 1144.11100321996
"490" 1 1148.0772125 1151.97922087351
"491" 1 1148.33502125 1207.90640028797
"492" 1 1151.5060505 1155.35829445816
"493" 1 1162.09633325 1183.96431208328
"494" 1 1180.56597625 1213.54433428329
"495" 1 1189.571994 1203.90477079056
"496" 1 1194.92304325 1209.43350854695
"497" 1 1241.840585 1298.08959442371
"498" 1 1243.50212025 1267.85536745386
"499" 1 1290.447005 1292.43452818307
"500" 1 1298.35001 1533.6339233902
"501" 1 1300.3997525 1301.06718713732
"502" 1 1330.76400125 1357.12788902628
"503" 1 1364.96425325 1368.71941656574
"504" 1 1367.3609105 1375.51232485923
"505" 1 1425.82778225 1470.33676517607
"506" 1 1450.13389325 1451.99222080303
"507" 1 1521.97297325 1522.71283286753
"508" 1 1551.43098125 1552.41518925598
