"dimension" "Birth" "Death"
"1" 0 0 Inf
"2" 0 0 306.932654250001
"3" 0 0 269.29715625
"4" 0 0 302.145966249999
"5" 0 0 326.553203250001
"6" 0 0 376.93946725
"7" 0 0 429.815099249999
"8" 0 0 429.537917250002
"9" 0 0 344.8462345
"10" 0 0 297.759732499999
"11" 0 0 188.05820525
"12" 0 0 243.558769249999
"13" 0 0 416.029062500002
"14" 0 0 182.057112499999
"15" 0 0 155.497695250001
"16" 0 0 295.006867999999
"17" 0 0 443.390411249998
"18" 0 0 438.565737250002
"19" 0 0 150.050442249999
"20" 0 0 428.372929
"21" 0 0 394.585203250003
"22" 0 0 356.714691249999
"23" 0 0 304.756945000001
"24" 0 0 246.056512499998
"25" 0 0 243.759181249999
"26" 0 0 321.284081000001
"27" 0 0 230.172666249999
"28" 0 0 443.896157250001
"29" 0 0 192.204805000002
"30" 0 0 235.97314425
"31" 0 0 460.163802250001
"32" 0 0 281.213372249999
"33" 0 0 435.622403250003
"34" 0 0 513.516318250004
"35" 0 0 502.853106500001
"36" 0 0 334.689406249998
"37" 0 0 154.529234499999
"38" 0 0 274.226218249999
"39" 0 0 288.219616249997
"40" 0 0 131.53655425
"41" 0 0 287.14962125
"42" 0 0 278.952246250001
"43" 0 0 249.558156250001
"44" 0 0 479.13857125
"45" 0 0 262.35760525
"46" 0 0 488.16665725
"47" 0 0 421.046976249999
"48" 0 0 206.117646249999
"49" 0 0 517.1564185
"50" 0 0 164.20031725
"51" 0 0 236.892222500003
"52" 0 0 234.1616785
"53" 0 0 184.71421525
"54" 0 0 530.982388250005
"55" 0 0 419.860854500001
"56" 0 0 221.673768500001
"57" 0 0 274.810067999999
"58" 0 0 560.469679249999
"59" 0 0 459.87787925
"60" 0 0 158.04670925
"61" 0 0 248.572456249999
"62" 0 0 535.165212499998
"63" 0 0 252.850762000002
"64" 0 0 430.426498
"65" 0 0 324.8526445
"66" 0 0 454.22225825
"67" 0 0 228.642842
"68" 0 0 407.085472249998
"69" 0 0 283.43129125
"70" 0 0 305.129481249999
"71" 0 0 207.734200249999
"72" 0 0 523.036618250001
"73" 0 0 313.806936249999
"74" 0 0 460.760320250004
"75" 0 0 466.576035250001
"76" 0 0 500.861866250001
"77" 0 0 318.122346250001
"78" 0 0 376.97600725
"79" 0 0 283.256331249998
"80" 0 0 505.325185999996
"81" 0 0 295.562284999999
"82" 0 0 469.991356249996
"83" 0 0 378.360823250001
"84" 0 0 418.58609
"85" 0 0 355.069049000001
"86" 0 0 717.638226500001
"87" 0 0 318.982638250002
"88" 0 0 208.035076250001
"89" 0 0 539.773621249999
"90" 0 0 259.568114000001
"91" 0 0 289.645598500003
"92" 0 0 521.101356249999
"93" 0 0 340.399635999998
"94" 0 0 213.678088000001
"95" 0 0 200.442477249998
"96" 0 0 196.602425999999
"97" 0 0 398.797750250001
"98" 0 0 247.5027425
"99" 0 0 442.333704500004
"100" 0 0 551.43122425
"101" 0 0 114.09820325
"102" 0 0 290.688613000001
"103" 0 0 389.641034000002
"104" 0 0 457.299610000002
"105" 0 0 274.240262499999
"106" 0 0 347.368345999996
"107" 0 0 339.343034
"108" 0 0 293.806563249999
"109" 0 0 287.461045250003
"110" 0 0 527.254291250001
"111" 0 0 414.118488250001
"112" 0 0 511.334814500002
"113" 0 0 498.407897000001
"114" 0 0 394.048850000002
"115" 0 0 609.479536249999
"116" 0 0 580.088356249999
"117" 0 0 149.286256250001
"118" 0 0 211.342624999998
"119" 0 0 647.46739625
"120" 0 0 345.5914885
"121" 0 0 311.001246250003
"122" 0 0 544.732304499998
"123" 0 0 274.043938499997
"124" 0 0 148.360686500001
"125" 0 0 197.05273625
"126" 0 0 349.4974625
"127" 0 0 327.968156500001
"128" 0 0 125.042316250001
"129" 0 0 197.275264
"130" 0 0 369.025581249999
"131" 0 0 181.48993025
"132" 0 0 466.907436250002
"133" 0 0 285.065453
"134" 0 0 528.373812500001
"135" 0 0 386.054664999999
"136" 0 0 103.75033
"137" 0 0 413.936236250002
"138" 0 0 212.200663250001
"139" 0 0 519.4359425
"140" 0 0 237.117520250001
"141" 0 0 844.77753125
"142" 0 0 312.140318499999
"143" 0 0 572.405792500001
"144" 0 0 711.299665250003
"145" 0 0 313.248085
"146" 0 0 459.885380000005
"147" 0 0 304.576675250001
"148" 0 0 311.785341249998
"149" 0 0 464.21053825
"150" 0 0 265.809322
"151" 0 0 558.251088249997
"152" 0 0 483.631341249998
"153" 0 0 409.61466225
"154" 0 0 278.394238250001
"155" 0 0 345.701522500001
"156" 0 0 590.983406499998
"157" 0 0 475.641745
"158" 0 0 356.053214249999
"159" 0 0 425.346345000002
"160" 0 0 374.780642000001
"161" 0 0 442.1928065
"162" 0 0 262.393384249999
"163" 0 0 336.919872250001
"164" 0 0 383.9078525
"165" 0 0 482.813187249997
"166" 0 0 273.942704249999
"167" 0 0 473.2770285
"168" 0 0 168.15848625
"169" 0 0 207.8663665
"170" 0 0 202.525045
"171" 0 0 302.175061249997
"172" 0 0 304.262515249998
"173" 0 0 427.668874
"174" 0 0 301.390325000001
"175" 0 0 390.058566249999
"176" 0 0 199.170250000001
"177" 0 0 579.82943125
"178" 0 0 721.720896500001
"179" 0 0 611.587288999999
"180" 0 0 303.652806250001
"181" 0 0 843.867778000001
"182" 0 0 640.714510249999
"183" 0 0 565.516445
"184" 0 0 614.292025000002
"185" 0 0 638.878737250004
"186" 0 0 189.027292500002
"187" 0 0 485.531212500002
"188" 0 0 250.63946725
"189" 0 0 322.195519999999
"190" 0 0 278.857005249997
"191" 0 0 507.552114249999
"192" 0 0 637.819348500001
"193" 0 0 309.589605
"194" 0 0 494.72550125
"195" 0 0 476.973305000001
"196" 0 0 240.2031465
"197" 0 0 341.855114500001
"198" 0 0 233.674734250001
"199" 0 0 530.857440999997
"200" 0 0 482.963821249999
"201" 0 0 624.382685000002
"202" 0 0 730.433234500001
"203" 0 0 408.259281250001
"204" 0 0 419.299500999999
"205" 0 0 542.725842499998
"206" 0 0 663.174633999997
"207" 0 0 373.05497125
"208" 0 0 541.426302249998
"209" 0 0 225.727162250001
"210" 0 0 628.055138500001
"211" 0 0 404.574361250002
"212" 0 0 738.694813250001
"213" 0 0 364.526752
"214" 0 0 629.2959445
"215" 0 0 308.0250625
"216" 0 0 257.538368
"217" 0 0 547.4630125
"218" 0 0 443.43100325
"219" 0 0 678.713912500003
"220" 0 0 188.540772499999
"221" 0 0 297.431887999998
"222" 0 0 678.986515250002
"223" 0 0 633.468496249996
"224" 0 0 676.658207249996
"225" 0 0 244.708682
"226" 0 0 193.51280825
"227" 0 0 726.831278500001
"228" 0 0 420.54304625
"229" 0 0 927.388026000004
"230" 0 0 549.139385
"231" 0 0 1096.01033624999
"232" 0 0 659.516624
"233" 0 0 484.802220499999
"234" 0 0 412.6321385
"235" 0 0 299.988991250002
"236" 0 0 229.90528125
"237" 0 0 384.641188999998
"238" 0 0 329.306662249999
"239" 0 0 325.9050705
"240" 0 0 776.481328999999
"241" 0 0 237.192397
"242" 0 0 209.75127625
"243" 0 0 290.569569250001
"244" 0 0 380.693592999999
"245" 0 0 605.283512500003
"246" 0 0 453.518402499999
"247" 0 0 160.541170249999
"248" 0 0 446.098057
"249" 0 0 390.437352499999
"250" 0 0 661.43718425
"251" 0 0 734.53683125
"252" 0 0 351.099869
"253" 0 0 501.113305250001
"254" 0 0 356.151352499999
"255" 0 0 156.380009
"256" 0 0 794.297472249999
"257" 0 0 318.395916500001
"258" 0 0 499.496740000002
"259" 0 0 237.458052
"260" 0 0 210.79740125
"261" 0 0 322.4325205
"262" 0 0 539.285646250002
"263" 0 0 280.182494249999
"264" 0 0 259.506014500004
"265" 0 0 708.356680000004
"266" 0 0 504.895066000001
"267" 0 0 156.5501765
"268" 0 0 721.096035249995
"269" 0 0 288.78420625
"270" 0 0 620.833394250001
"271" 0 0 593.535356500003
"272" 0 0 698.720598499996
"273" 0 0 178.763285
"274" 0 0 388.393905250001
"275" 0 0 302.375380250001
"276" 0 0 563.006200249997
"277" 0 0 485.711307249997
"278" 0 0 653.728947250001
"279" 0 0 365.71965625
"280" 0 0 733.591008999997
"281" 1 244.65828825 316.218068735551
"282" 1 270.396484 306.640651772791
"283" 1 272.071949 291.012782465903
"284" 1 275.442040250001 348.961433729261
"285" 1 279.41451625 340.156766559068
"286" 1 282.716564500001 336.332278827742
"287" 1 282.901824499999 321.72956505585
"288" 1 289.078662499999 312.096727731109
"289" 1 299.639165000001 518.519356291375
"290" 1 306.035353 390.616162701313
"291" 1 309.01386125 452.617559923532
"292" 1 311.768172250003 411.387210695157
"293" 1 312.545773250001 406.481806208848
"294" 1 313.916670500001 505.666527958387
"295" 1 320.428849 384.370159572962
"296" 1 321.897077 659.853768207108
"297" 1 322.9081585 422.630252939899
"298" 1 324.562627999999 378.359571912413
"299" 1 324.623062250003 333.073091471299
"300" 1 333.838882249999 621.035545798047
"301" 1 333.864777249999 448.635612696175
"302" 1 334.571096249999 376.466111410445
"303" 1 345.432654499998 656.963061561687
"304" 1 347.33777 475.725851509615
"305" 1 348.087966249999 376.013275106262
"306" 1 351.903956500001 434.047742357553
"307" 1 352.832343250002 563.012717903457
"308" 1 353.211676249999 461.173026852681
"309" 1 353.924712249998 434.304715347852
"310" 1 353.956066249998 794.90306492321
"311" 1 354.667357250002 447.483873448365
"312" 1 356.31926125 432.176484466863
"313" 1 358.53083725 633.008467119874
"314" 1 358.669909249999 429.288718143857
"315" 1 360.801820249999 592.236477001045
"316" 1 362.120971250001 672.650800138467
"317" 1 362.538660250001 580.150633387203
"318" 1 364.587648999999 801.81652082182
"319" 1 365.46005 392.977476970418
"320" 1 371.934684249998 528.361038970855
"321" 1 372.302592499999 487.71091814585
"322" 1 373.821589 401.913202732218
"323" 1 377.875364000002 420.731221884915
"324" 1 379.12121325 551.324197988753
"325" 1 380.248352499999 577.268071212858
"326" 1 380.877196999999 672.264051717241
"327" 1 381.634165250001 612.891807430008
"328" 1 383.236681250001 445.36658550095
"329" 1 383.349566499999 416.185423929362
"330" 1 383.736597250001 396.652977458935
"331" 1 384.382423249999 710.797138094083
"332" 1 386.461446250001 411.326817208981
"333" 1 386.541396999998 386.558299435294
"334" 1 388.121744249999 538.610265609743
"335" 1 390.197188 474.222711589587
"336" 1 390.4523065 429.195316726931
"337" 1 394.54416025 745.588257085857
"338" 1 394.95120625 443.609697885551
"339" 1 396.993262500001 562.539785574699
"340" 1 397.181252250002 401.775866696832
"341" 1 397.202631250001 508.657376522294
"342" 1 398.262573000001 758.797475754612
"343" 1 400.721425250002 459.826490615183
"344" 1 401.360698000002 465.970599394786
"345" 1 402.495678500001 429.975354021411
"346" 1 405.789916500002 743.811420261438
"347" 1 406.072134249999 465.512021259659
"348" 1 409.17578125 624.9540295612
"349" 1 409.306720250001 435.458283774634
"350" 1 409.8655025 575.067195275425
"351" 1 412.07704525 613.454171341966
"352" 1 414.021032499999 506.384910658201
"353" 1 416.551329999998 433.561819821502
"354" 1 416.58791425 459.922805198265
"355" 1 417.155476 477.923786868751
"356" 1 417.530337250002 909.678918463663
"357" 1 417.882027250001 524.583204826928
"358" 1 421.574984999999 554.54530233812
"359" 1 422.909157249999 535.199394456463
"360" 1 423.863155999998 611.37496490579
"361" 1 425.438643999998 723.788820091359
"362" 1 425.799699999999 599.416453097519
"363" 1 427.368003999999 428.825691229407
"364" 1 427.756076499999 683.77592094244
"365" 1 428.913001249996 678.367531921451
"366" 1 429.187568499997 474.53871638939
"367" 1 436.289023250001 448.979726526736
"368" 1 438.626541249999 505.387715116612
"369" 1 439.915416250001 513.900923478587
"370" 1 439.920705249999 472.576687894516
"371" 1 440.005586 511.87581383693
"372" 1 440.695250499999 441.369871584236
"373" 1 441.515374250001 499.320813648951
"374" 1 442.311916249998 462.040629243557
"375" 1 443.257378249997 734.634977557842
"376" 1 443.368290249999 452.404114747051
"377" 1 445.269712499996 458.405883500823
"378" 1 445.9997525 457.676214578677
"379" 1 446.64880525 858.034506830866
"380" 1 449.930856250004 482.747652150072
"381" 1 450.52511725 743.872917043205
"382" 1 450.894187250001 455.797239272001
"383" 1 451.108480000001 554.14427612028
"384" 1 454.017907250003 504.017954857645
"385" 1 455.104552999997 528.463481525394
"386" 1 456.642922500001 507.914727697473
"387" 1 457.517745000001 907.599033592094
"388" 1 458.686736 812.790311280642
"389" 1 462.01730725 517.306190813379
"390" 1 464.810924499999 610.675640028214
"391" 1 470.640322000001 478.808835734074
"392" 1 472.809800500001 497.550940831156
"393" 1 473.098124499999 673.468929601577
"394" 1 473.647717250001 700.080083642522
"395" 1 475.692606499999 499.92538804012
"396" 1 475.88509225 561.802764252299
"397" 1 475.946496250001 1129.05006454329
"398" 1 478.53205625 600.630350579912
"399" 1 478.902057249999 581.775849044525
"400" 1 481.904372499999 582.157418254154
"401" 1 484.829842500001 709.796148490602
"402" 1 484.880776 523.968132840963
"403" 1 485.944497250004 759.230027609507
"404" 1 486.97763525 676.470495646779
"405" 1 487.220809000002 488.15774217504
"406" 1 488.167764500001 563.669021163348
"407" 1 488.349896500003 506.539066822137
"408" 1 490.642099249997 636.322005600913
"409" 1 491.576256999999 772.374081808532
"410" 1 491.994920000004 493.021540707515
"411" 1 498.338764249998 594.33442001631
"412" 1 498.780016999999 547.828964225323
"413" 1 498.96485825 652.397632710282
"414" 1 501.320741000001 615.784145672377
"415" 1 506.379061249996 711.372176890539
"416" 1 507.578863249999 764.2204266489
"417" 1 509.96388125 621.378458251843
"418" 1 510.981457999999 662.401424799968
"419" 1 513.039796249999 559.84590775784
"420" 1 514.561406499997 538.384024764072
"421" 1 514.692290250001 718.689626231631
"422" 1 514.84230125 574.450032251739
"423" 1 515.00098525 602.519955041235
"424" 1 515.077020250001 712.36105267588
"425" 1 515.933654499997 557.432615044521
"426" 1 517.207852250001 552.068796042958
"427" 1 518.138690499998 640.152808405281
"428" 1 518.204012500002 583.97994230864
"429" 1 518.617166499999 639.690250289663
"430" 1 521.26046825 658.731493554089
"431" 1 522.523872500002 529.589849673315
"432" 1 524.86681525 541.030035790729
"433" 1 526.495185 543.146493224753
"434" 1 526.61734025 810.894995547089
"435" 1 531.719170249997 580.676818696111
"436" 1 533.014412499997 678.934238331684
"437" 1 534.931956249999 592.208972502662
"438" 1 535.738850000001 621.088808456805
"439" 1 537.937968250003 538.63907388796
"440" 1 539.284071249999 1156.69757299621
"441" 1 540.688789000001 588.925373222996
"442" 1 540.78725125 586.928452418273
"443" 1 541.211656250002 858.323577396809
"444" 1 541.7104545 604.220390949785
"445" 1 542.332249999997 829.03452093599
"446" 1 543.648965 552.899223839831
"447" 1 545.026568000001 659.468456636414
"448" 1 545.725340500003 727.224037002387
"449" 1 546.439795250001 547.221073050801
"450" 1 546.638206250001 646.736268103675
"451" 1 547.367976250004 852.973352781579
"452" 1 547.48073825 725.178518168118
"453" 1 548.081478250001 635.632333564301
"454" 1 549.478866250002 632.950373593849
"455" 1 551.113796250002 1219.94372698454
"456" 1 551.125010000002 661.087250326384
"457" 1 554.693566250002 736.634746889526
"458" 1 554.935431250002 554.954898474835
"459" 1 555.196069 786.220877297121
"460" 1 558.066908500001 568.347402786359
"461" 1 558.953698 637.742983031967
"462" 1 564.006034000004 580.380461667393
"463" 1 565.44799725 574.462247782104
"464" 1 565.581152500001 669.869399709325
"465" 1 565.762580500001 1306.12625618944
"466" 1 566.218851250002 592.418415550609
"467" 1 566.368044999999 735.225428906662
"468" 1 568.707470499998 622.751288177059
"469" 1 570.716188250001 607.935547162723
"470" 1 573.680580999998 587.862805833206
"471" 1 579.711848500001 1053.37548614104
"472" 1 581.52363325 592.263976242859
"473" 1 583.269381250002 646.333440804363
"474" 1 584.211025249996 661.827362206877
"475" 1 584.599204999999 586.895796850358
"476" 1 585.561723249999 957.629298941946
"477" 1 586.67237225 1167.25821741107
"478" 1 586.888249999998 795.395977913628
"479" 1 590.33108925 594.297305613809
"480" 1 593.529108250002 1014.51881741191
"481" 1 594.5549805 661.881774219585
"482" 1 597.28926725 856.337815131648
"483" 1 597.454020500002 631.746385037979
"484" 1 597.7748545 743.123320035595
"485" 1 598.01014325 608.140053950013
"486" 1 600.526938500005 610.437357004099
"487" 1 603.79490025 991.584447162688
"488" 1 604.551334499998 803.843971053968
"489" 1 605.986459250001 709.980552967118
"490" 1 606.09877025 974.436986572329
"491" 1 606.174039249998 685.098962583734
"492" 1 608.123527249999 1169.55887530432
"493" 1 608.53460125 669.602869820946
"494" 1 610.099128249999 853.140639538386
"495" 1 610.410895249998 1308.23140259534
"496" 1 611.379914000001 711.363677867151
"497" 1 616.598258 633.67690267205
"498" 1 617.9605 719.501144950621
"499" 1 620.173048499996 664.614841288617
"500" 1 622.545674000004 767.208048774597
"501" 1 622.925496250002 680.652924800609
"502" 1 623.028057249999 667.784957589339
"503" 1 625.85589725 716.95039725279
"504" 1 626.322721000001 885.79163588863
"505" 1 626.971284 797.92534859039
"506" 1 628.719988 662.694447817863
"507" 1 630.515862499999 649.243492954785
"508" 1 630.775880500002 635.27381306354
"509" 1 634.829361249998 644.025711744697
"510" 1 636.952431249997 717.58964311045
"511" 1 638.111085249999 980.450110172321
"512" 1 638.392320249999 771.925077034405
"513" 1 638.412818500002 643.363210042859
"514" 1 640.966906000002 684.258127492646
"515" 1 641.587632999994 655.659559450371
"516" 1 643.184091250003 671.677932735374
"517" 1 644.643530500004 953.011889375969
"518" 1 644.993234500002 647.616405869173
"519" 1 648.442945000003 678.645824524244
"520" 1 649.363376250001 780.608335261675
"521" 1 650.595291249999 728.529089944572
"522" 1 650.952931249997 953.557445815454
"523" 1 651.775592250003 813.886808019082
"524" 1 657.269825000001 672.141835251767
"525" 1 658.105932499998 659.249640926038
"526" 1 660.019564999998 824.07195870755
"527" 1 660.661341249998 1045.49787563152
"528" 1 660.767134249999 684.975149716753
"529" 1 663.006066500001 873.904602435145
"530" 1 664.362121000003 950.690659936617
"531" 1 670.484764999999 691.97323200722
"532" 1 673.0478505 676.103354850634
"533" 1 674.208207999997 731.375389676358
"534" 1 676.9068125 741.020624469145
"535" 1 679.1790125 750.093221129639
"536" 1 680.429192499995 689.743602108532
"537" 1 681.3032 711.108683832645
"538" 1 681.899679250002 684.143289388996
"539" 1 683.095662500001 764.227997956013
"540" 1 689.050336500003 713.811622524127
"541" 1 689.996553250001 799.420287944185
"542" 1 693.2458025 707.910768130475
"543" 1 705.029424500001 792.716638089592
"544" 1 705.80430925 706.587965846315
"545" 1 705.824480500002 755.832070561489
"546" 1 706.173077249999 1086.90515812122
"547" 1 706.420212500001 790.36763045788
"548" 1 706.5182225 1121.33018866482
"549" 1 706.700311250004 790.557909960015
"550" 1 707.098408250005 740.919594551095
"551" 1 710.8527725 882.366140700453
"552" 1 713.589209000002 846.50664876064
"553" 1 713.990202250001 1148.30219212333
"554" 1 715.7180405 1150.07238008288
"555" 1 716.391055250001 735.005546690604
"556" 1 717.314734250002 1104.4738060585
"557" 1 717.410260999998 780.447811135882
"558" 1 717.914350250001 1127.16637213396
"559" 1 718.144510249997 720.169671595226
"560" 1 721.937337250001 862.785594007925
"561" 1 722.05798925 750.914502731972
"562" 1 722.114275249997 829.118771887849
"563" 1 722.996238499999 785.53356561068
"564" 1 724.45317125 954.750246021343
"565" 1 725.60605625 796.556396656926
"566" 1 725.886162500001 1149.78597288657
"567" 1 731.431268000002 880.397658752164
"568" 1 734.060595249998 950.922504006212
"569" 1 736.001331249999 736.217390215098
"570" 1 739.331144000001 943.494555705865
"571" 1 743.6971645 1190.54080465496
"572" 1 745.412296500001 1326.93701092493
"573" 1 747.192642250003 788.983073252308
"574" 1 747.469264000001 881.764234760891
"575" 1 749.417139249995 856.577804510373
"576" 1 750.97101825 1038.51911618744
"577" 1 751.116708500001 1145.55682850963
"578" 1 751.149745249999 1148.08789133721
"579" 1 753.204403999999 830.727027259445
"580" 1 760.165481250001 1106.9823488944
"581" 1 762.07552525 1263.99064382555
"582" 1 762.347281249997 777.145170187814
"583" 1 763.480820499996 875.800729933135
"584" 1 765.713150499999 1051.73712656262
"585" 1 766.319141249999 905.731676275833
"586" 1 767.775007249998 834.260705518046
"587" 1 768.034133000003 970.310094114044
"588" 1 769.63226525 822.408313568527
"589" 1 774.067825000001 775.885515549619
"590" 1 774.752319999999 927.654188314613
"591" 1 778.121487999999 1051.60088118412
"592" 1 778.199454500001 800.300339625048
"593" 1 784.78586 941.645299004049
"594" 1 787.149861249995 859.157218914153
"595" 1 788.28998225 844.608698984143
"596" 1 791.042476249997 936.583865193916
"597" 1 792.0309665 889.950592792557
"598" 1 793.529628999997 1186.25559345556
"599" 1 798.21884525 936.498011642526
"600" 1 801.266521250001 867.389619001815
"601" 1 803.484028999996 848.684053253337
"602" 1 804.48308825 1018.03326816515
"603" 1 805.793141249999 1138.85452789744
"604" 1 809.739904500001 849.926856038916
"605" 1 810.007284499999 974.218698607259
"606" 1 814.796237250001 1112.19328957012
"607" 1 817.032258249999 975.258891012004
"608" 1 817.552495249999 902.927964903587
"609" 1 817.742880249999 851.345249362463
"610" 1 818.040024249997 1435.2240768763
"611" 1 822.625012249999 823.778655882236
"612" 1 823.559026249997 1066.83690656358
"613" 1 826.022294499998 828.849867891345
"614" 1 827.543676999998 853.825743192447
"615" 1 827.881057249999 961.245894069201
"616" 1 828.593859999997 1136.55849673321
"617" 1 834.438216249998 836.065447761233
"618" 1 835.065715249998 854.837480164476
"619" 1 835.525785250001 836.108834067612
"620" 1 839.649373000001 949.044592630179
"621" 1 840.7094345 1023.78841351709
"622" 1 843.2139025 899.813179743736
"623" 1 845.734071249996 1238.15960766432
"624" 1 847.899360999997 968.862138010759
"625" 1 849.844496250001 907.574575371385
"626" 1 852.090665 858.261938143421
"627" 1 862.90493425 1302.29602190862
"628" 1 864.04254425 1687.41670608928
"629" 1 865.68877025 955.66311167464
"630" 1 871.661214250002 1062.67687482464
"631" 1 873.132627249999 960.485455793498
"632" 1 874.191577249999 904.428349651883
"633" 1 877.364557250001 946.757594369369
"634" 1 878.565865000006 990.238505495295
"635" 1 878.747698250003 1276.46827756612
"636" 1 878.759938250004 903.001359705614
"637" 1 881.643817 947.252379873451
"638" 1 882.139900500003 922.635206912844
"639" 1 883.320475249999 977.15539485272
"640" 1 884.179072250002 969.286318333491
"641" 1 885.034822249998 1039.07980398875
"642" 1 885.9653725 910.794916603204
"643" 1 890.612234000002 1124.31156891129
"644" 1 891.1545865 933.936368395227
"645" 1 897.004459249999 943.528250377403
"646" 1 898.584808499998 1096.06515905581
"647" 1 902.564680000002 1034.09781078448
"648" 1 909.412070499999 948.706301432089
"649" 1 910.699276499994 1023.17683217568
"650" 1 911.617094249996 933.164311499706
"651" 1 911.965278250001 949.607213953235
"652" 1 915.117305000005 917.60306343878
"653" 1 916.509561249998 1094.99410630345
"654" 1 924.264735249999 1036.75992231491
"655" 1 927.045697000001 1195.23476523803
"656" 1 934.478233 1100.86478960351
"657" 1 936.78377525 1093.68740286573
"658" 1 937.609572499998 1572.50475010645
"659" 1 938.500501000003 1092.6522182345
"660" 1 940.733898250002 1019.2145114321
"661" 1 944.526846250002 1057.69126061742
"662" 1 946.519204499996 1527.77907997888
"663" 1 948.703674500001 995.913107108416
"664" 1 952.42356925 1073.76496762913
"665" 1 952.6219105 1491.36084813009
"666" 1 953.853016249991 1083.04986769128
"667" 1 962.2333085 1129.29461378868
"668" 1 968.3635165 979.073269335664
"669" 1 969.919662499997 1086.69290014712
"670" 1 982.145716000003 1130.81643771012
"671" 1 985.250047999994 1137.42694782495
"672" 1 986.729634500001 988.285871598085
"673" 1 1007.920282 1008.95626949316
"674" 1 1019.120125 1048.12698714432
"675" 1 1021.75529125 1578.14620028075
"676" 1 1026.51219450001 1115.77850811055
"677" 1 1028.09086525 1127.03024691407
"678" 1 1030.15603125 1037.1244834429
"679" 1 1032.57765649999 1237.93546474069
"680" 1 1033.16914 1307.87824960262
"681" 1 1036.623625 1090.51825467207
"682" 1 1037.34509124999 1041.02292450981
"683" 1 1049.3149005 1144.0470623631
"684" 1 1054.47874225 1115.93365157142
"685" 1 1062.84582125 1063.80049572346
"686" 1 1067.4530605 1084.0965930957
"687" 1 1073.03298125 1219.32908956123
"688" 1 1074.47599025001 1306.973434971
"689" 1 1076.18008025 1080.88957417493
"690" 1 1076.4952405 1087.57729046399
"691" 1 1081.397268 1182.2691261525
"692" 1 1090.0740625 1647.98659790815
"693" 1 1096.11174625 1219.61645074981
"694" 1 1104.93508925 1106.759892433
"695" 1 1113.77704225 1680.97261322424
"696" 1 1115.439777 1140.51141982459
"697" 1 1118.26356725 1124.9849913732
"698" 1 1119.0856045 1132.70042987873
"699" 1 1163.6151805 1171.21725949838
"700" 1 1206.84406525 1220.37454469006
"701" 1 1211.02096 1350.7922042147
"702" 1 1214.85555725 1215.16009037115
"703" 1 1216.196866 1596.5928763799
"704" 1 1253.30331324999 1272.63009049454
"705" 1 1279.86591625 1300.74302578687
"706" 1 1283.669056 1285.38582447726
"707" 1 1304.05072725 1336.50600136146
"708" 1 1305.18895025 1372.69489991449
"709" 1 1308.63938225 1312.36940802665
"710" 1 1323.78002525 1475.16938219157
"711" 1 1328.5242625 1966.44177837766
"712" 1 1351.22357525 1457.4830461559
"713" 1 1379.857156 1395.25477512439
"714" 1 1389.0498385 1539.38441887691
"715" 1 1395.092394 1629.86094898608
"716" 1 1411.5083285 1474.13019152864
"717" 1 1478.82294625 1573.65221277028
"718" 1 1507.41058225 1629.66619813645
"719" 1 1555.3273205 1597.90100733218
"720" 1 1587.63899125 1630.35325800752
"721" 1 1653.3273965 1664.02263965634
"722" 1 1858.12401625 1873.60332259556
