"dimension" "Birth" "Death"
"1" 0 0 Inf
"2" 0 0 603.204783249999
"3" 0 0 569.986141250001
"4" 0 0 617.376197250001
"5" 0 0 430.65993625
"6" 0 0 481.310946249999
"7" 0 0 547.876930000003
"8" 0 0 407.25613625
"9" 0 0 615.912460999999
"10" 0 0 568.672285249999
"11" 0 0 539.681942499999
"12" 0 0 551.535098500002
"13" 0 0 646.309064000004
"14" 0 0 535.7671265
"15" 0 0 460.2165545
"16" 0 0 467.800892499999
"17" 0 0 436.837196500002
"18" 0 0 481.785699999999
"19" 0 0 645.42897
"20" 0 0 380.380130000001
"21" 0 0 600.984829250001
"22" 0 0 732.608673250004
"23" 0 0 313.3043125
"24" 0 0 439.158485000005
"25" 0 0 642.080289999998
"26" 0 0 491.049400999998
"27" 0 0 338.843934250001
"28" 0 0 449.581806249999
"29" 0 0 587.81008525
"30" 0 0 568.38649025
"31" 0 0 243.266168499999
"32" 0 0 401.954044999998
"33" 0 0 450.0624985
"34" 0 0 408.317862500001
"35" 0 0 555.85594025
"36" 0 0 719.705714500002
"37" 0 0 230.676842500002
"38" 0 0 481.6227925
"39" 0 0 429.678084500001
"40" 0 0 379.685920250002
"41" 0 0 449.872844499997
"42" 0 0 397.842930249998
"43" 0 0 386.44863625
"44" 0 0 302.500178500001
"45" 0 0 299.545999249999
"46" 0 0 591.187634500002
"47" 0 0 444.519298250002
"48" 0 0 254.858010249998
"49" 0 0 664.876786
"50" 0 0 492.928225
"51" 0 0 263.4493405
"52" 0 0 321.289643250002
"53" 0 0 318.331531250003
"54" 0 0 185.822465000001
"55" 0 0 556.541102500006
"56" 0 0 734.642883249998
"57" 0 0 371.61541825
"58" 0 0 580.085826500001
"59" 0 0 568.573668000002
"60" 0 0 300.027294249999
"61" 0 0 633.2197525
"62" 0 0 413.825050000004
"63" 0 0 318.346225
"64" 0 0 378.913161249998
"65" 0 0 317.820144499999
"66" 0 0 459.44161425
"67" 0 0 289.09768225
"68" 0 0 264.123769999999
"69" 0 0 322.43868125
"70" 0 0 528.837173000001
"71" 0 0 332.916087249997
"72" 0 0 410.040353
"73" 0 0 620.507106250002
"74" 0 0 300.04873425
"75" 0 0 615.138135249997
"76" 0 0 295.414947999998
"77" 0 0 431.016834249997
"78" 0 0 573.5572585
"79" 0 0 570.061586249999
"80" 0 0 322.630765
"81" 0 0 527.754921250002
"82" 0 0 272.8093765
"83" 0 0 391.419646249998
"84" 0 0 564.454468000003
"85" 0 0 696.845776249999
"86" 0 0 484.985596250001
"87" 0 0 398.052907250001
"88" 0 0 387.323738000001
"89" 0 0 293.196568999999
"90" 0 0 260.80361425
"91" 0 0 551.507292500002
"92" 0 0 399.188502500001
"93" 0 0 617.985732500002
"94" 0 0 511.468525
"95" 0 0 367.890109000003
"96" 0 0 200.618532499998
"97" 0 0 762.085439999999
"98" 0 0 458.92495625
"99" 0 0 366.439568500001
"100" 0 0 603.458633
"101" 1 420.82107625 605.0908317997
"102" 1 422.730879250001 478.508096630673
"103" 1 460.8540945 536.582774973499
"104" 1 477.452052249999 558.440458481621
"105" 1 492.281770500004 561.306848240406
"106" 1 498.045745250001 529.010799321879
"107" 1 507.381948250001 927.326909281798
"108" 1 526.715059999999 755.532726327637
"109" 1 527.39209 542.525510825655
"110" 1 529.583520499998 601.805666390242
"111" 1 530.470742500002 607.23614969199
"112" 1 530.646904999998 822.217117422889
"113" 1 560.125635249995 1016.94130071633
"114" 1 571.676276250001 684.786668226011
"115" 1 575.353927999999 577.855622057757
"116" 1 576.635458250003 889.181933908088
"117" 1 580.795821250001 589.103304530218
"118" 1 582.357567250001 650.143262080027
"119" 1 587.574734500002 1061.58417163207
"120" 1 587.71475325 721.171538813852
"121" 1 588.192985999998 692.940966189338
"122" 1 588.940011250001 726.865322207126
"123" 1 590.528952500001 697.924839434391
"124" 1 596.038814499999 620.883981600687
"125" 1 599.076632500002 774.081265750766
"126" 1 615.789876250002 792.724673786462
"127" 1 621.054685000001 648.7963912581
"128" 1 622.965224000002 628.43083651812
"129" 1 629.909499249998 1031.58857737711
"130" 1 630.074045000002 645.945578164262
"131" 1 632.168428999999 680.164143280277
"132" 1 632.358362000001 981.371264722138
"133" 1 634.714981000002 1534.42708091789
"134" 1 637.475427249997 1291.85999125319
"135" 1 649.023808 937.137876455083
"136" 1 650.693686249996 952.095112997534
"137" 1 651.025412500001 781.288500928753
"138" 1 651.93243625 1603.37249864676
"139" 1 659.048263249999 1139.5788262151
"140" 1 665.484700250001 827.860277389666
"141" 1 667.169176250002 778.680071519448
"142" 1 669.489572500002 892.803203817737
"143" 1 671.284236250003 829.185121679676
"144" 1 671.652477250002 682.803360758645
"145" 1 673.299526250003 790.919536255404
"146" 1 674.7888325 802.927154980708
"147" 1 684.791050000002 975.379412193358
"148" 1 685.372477249998 948.695207230417
"149" 1 686.3428765 851.146473645672
"150" 1 686.418176249997 1066.12297386208
"151" 1 687.148199999998 727.185210673881
"152" 1 691.163872999999 851.648605071845
"153" 1 694.16513825 760.791700980523
"154" 1 694.926463249999 722.689003069095
"155" 1 700.777565000001 833.582904411518
"156" 1 701.255102499997 878.26281551638
"157" 1 701.909853249999 960.300324835109
"158" 1 702.467682500001 830.270264193764
"159" 1 702.866209249999 940.093196183732
"160" 1 706.819978249998 1248.08250974549
"161" 1 708.793985249998 756.078962483244
"162" 1 709.538372500002 893.281713089662
"163" 1 713.790799249997 845.746543840919
"164" 1 721.952837000004 838.45715536374
"165" 1 724.21033325 1257.18388232656
"166" 1 726.24552125 726.261164577611
"167" 1 727.426382499999 1035.27586084071
"168" 1 730.013356250001 816.691735852002
"169" 1 730.1452545 1154.48254650752
"170" 1 732.82227625 1363.5394218087
"171" 1 732.950091250001 735.982351913618
"172" 1 736.199898250003 835.586209846942
"173" 1 741.396668500002 885.871779453568
"174" 1 750.986746250004 855.916086026808
"175" 1 754.231140000003 802.327542437625
"176" 1 754.785718250002 763.447354114274
"177" 1 754.966660999998 772.413874084453
"178" 1 755.081705249995 1475.97690962681
"179" 1 755.576853250001 775.273104429515
"180" 1 759.565752499999 1382.04481110572
"181" 1 767.13674 1010.08804418742
"182" 1 767.613144999999 1230.38508720825
"183" 1 768.574879999999 1232.32657388162
"184" 1 769.523196250005 883.947340094097
"185" 1 771.715156250001 1232.9683637695
"186" 1 778.444745000001 1164.42663284461
"187" 1 782.278862500003 914.08767899196
"188" 1 786.356016999995 920.254263397846
"189" 1 789.738636249998 951.116411122917
"190" 1 792.811191250002 823.108431390629
"191" 1 795.030410499999 797.394807433434
"192" 1 796.774601250003 936.758007127443
"193" 1 797.050755999998 807.575744670075
"194" 1 801.620886250003 910.74957803768
"195" 1 805.969032499996 812.907295647709
"196" 1 818.513921 1166.5324070568
"197" 1 826.26047725 883.462026778389
"198" 1 840.077146249998 1013.68736488996
"199" 1 843.423282000002 883.058940582728
"200" 1 847.32996825 1039.05371148407
"201" 1 848.483075249995 1461.64828056941
"202" 1 858.196509249997 1156.8359359459
"203" 1 873.311368249999 873.35866128345
"204" 1 882.124096499999 957.002283293389
"205" 1 884.654946499997 902.42605657422
"206" 1 884.93030225 889.376656472657
"207" 1 893.424153250006 946.14435239677
"208" 1 893.94495125 1172.67689243726
"209" 1 911.323891999997 1054.40259266116
"210" 1 912.974337999999 975.214353591051
"211" 1 924.722535999999 1138.86003956656
"212" 1 932.712012500003 938.928432873268
"213" 1 940.05423125 990.187580110869
"214" 1 949.207329999999 994.402615455613
"215" 1 960.165096249995 1004.67171650332
"216" 1 963.440911249996 1070.88922342752
"217" 1 963.862431249998 1052.94555764323
"218" 1 975.022224999999 990.257950874514
"219" 1 978.484516 1137.8259409588
"220" 1 980.619324500001 1001.26495189705
"221" 1 988.31294325 1002.55042300904
"222" 1 991.852756249999 1124.24837633739
"223" 1 997.234785000002 1004.96379702203
"224" 1 998.5530725 1132.37509768345
"225" 1 1014.49039325 1051.74392100662
"226" 1 1024.85113925 1070.08249011864
"227" 1 1054.08153325 1054.56601045399
"228" 1 1062.3991025 1063.33803002485
"229" 1 1089.66342325 1147.88427048894
"230" 1 1097.3034085 1117.35300675794
"231" 1 1102.358933 1107.48426064169
"232" 1 1107.48287125 1139.48102924969
"233" 1 1122.73284825 1173.50889652731
"234" 1 1131.874193 1146.79329414356
"235" 1 1139.62028225 1158.11901824046
"236" 1 1146.43226525 1168.56227504643
"237" 1 1156.258613 1169.49164223469
"238" 1 1163.01143125 1195.20567850158
"239" 1 1209.83437125 1214.9761894449
"240" 1 1256.759785 1256.7784442296
"241" 1 1322.70633625 1336.93128107599
"242" 1 1373.701898 1421.95167561459
"243" 1 1449.20043425 1490.15933292751
"244" 1 1512.547042 1520.00968483492
