"dimension" "Birth" "Death"
"1" 0 0 Inf
"2" 0 0 381.24866925
"3" 0 0 314.877440250002
"4" 0 0 458.982277
"5" 0 0 353.336104999999
"6" 0 0 257.589636249998
"7" 0 0 355.94248925
"8" 0 0 224.292774500001
"9" 0 0 152.84639225
"10" 0 0 242.245429
"11" 0 0 312.987080250001
"12" 0 0 303.091353
"13" 0 0 306.222774250002
"14" 0 0 275.6644685
"15" 0 0 251.595746000001
"16" 0 0 383.4388265
"17" 0 0 345.528918499999
"18" 0 0 350.713381250001
"19" 0 0 248.532859250002
"20" 0 0 181.380975249999
"21" 0 0 273.527134250001
"22" 0 0 365.9917985
"23" 0 0 336.978438249999
"24" 0 0 358.972352999998
"25" 0 0 404.690261000002
"26" 0 0 222.95263625
"27" 0 0 286.339781250002
"28" 0 0 374.6991485
"29" 0 0 259.598386000001
"30" 0 0 248.660541
"31" 0 0 178.147125
"32" 0 0 149.461176249999
"33" 0 0 458.353956250003
"34" 0 0 244.488691250001
"35" 0 0 273.09099625
"36" 0 0 270.93860225
"37" 0 0 223.911632500001
"38" 0 0 220.385014249999
"39" 0 0 284.27343625
"40" 0 0 324.151137999997
"41" 0 0 301.430374250001
"42" 0 0 285.48699525
"43" 0 0 322.517194000001
"44" 0 0 290.269258250001
"45" 0 0 270.605859250002
"46" 0 0 367.227594500003
"47" 0 0 312.75123125
"48" 0 0 201.476365249999
"49" 0 0 275.807190499999
"50" 0 0 222.709422250002
"51" 0 0 344.892019250002
"52" 0 0 259.509925000001
"53" 0 0 274.657854250001
"54" 0 0 372.639881000001
"55" 0 0 240.702500000001
"56" 0 0 244.431064999998
"57" 0 0 289.705000999999
"58" 0 0 224.723466249998
"59" 0 0 187.310553999999
"60" 0 0 382.640896999999
"61" 0 0 215.324554000002
"62" 0 0 340.952735249999
"63" 0 0 523.516632500004
"64" 0 0 215.740867250002
"65" 0 0 285.973952500001
"66" 0 0 224.362125
"67" 0 0 212.565301250002
"68" 0 0 239.536626499999
"69" 0 0 147.989797249998
"70" 0 0 153.1784005
"71" 0 0 228.26240125
"72" 0 0 203.311920500002
"73" 0 0 306.318570499999
"74" 0 0 155.403886250001
"75" 0 0 327.643856
"76" 0 0 206.991362500001
"77" 0 0 311.23781125
"78" 0 0 143.17199825
"79" 0 0 190.708838499999
"80" 0 0 296.089940499999
"81" 0 0 102.52571225
"82" 0 0 271.362276249998
"83" 0 0 187.651210000002
"84" 0 0 219.729156499999
"85" 0 0 149.742056250001
"86" 0 0 150.191824
"87" 0 0 425.777393000001
"88" 0 0 222.60673525
"89" 0 0 105.242244999998
"90" 0 0 373.180264999999
"91" 0 0 174.002464
"92" 0 0 346.548756250002
"93" 0 0 339.983029
"94" 0 0 363.440666000001
"95" 0 0 295.661900499998
"96" 0 0 440.903333250001
"97" 0 0 152.19391025
"98" 0 0 219.896124499999
"99" 0 0 565.631186
"100" 0 0 290.264001250001
"101" 0 0 278.707506249998
"102" 0 0 190.48105525
"103" 0 0 195.415353249998
"104" 0 0 222.3127265
"105" 0 0 342.148898499998
"106" 0 0 341.3808765
"107" 0 0 309.84190825
"108" 0 0 195.17004725
"109" 0 0 223.214003999998
"110" 0 0 398.446275249998
"111" 0 0 256.5147385
"112" 0 0 464.381104999998
"113" 0 0 187.467826
"114" 0 0 324.652658499998
"115" 0 0 554.515999999998
"116" 0 0 251.841702499998
"117" 0 0 161.20268525
"118" 0 0 299.204532499999
"119" 0 0 351.67864525
"120" 0 0 241.189683250001
"121" 0 0 319.09188125
"122" 0 0 301.319913250003
"123" 0 0 415.917531249999
"124" 0 0 181.861924
"125" 0 0 74.9272662499999
"126" 0 0 210.403776250002
"127" 0 0 275.802378500004
"128" 0 0 181.151120000002
"129" 0 0 437.33481025
"130" 0 0 220.1435405
"131" 0 0 328.28561725
"132" 0 0 390.247651250004
"133" 0 0 367.568823250001
"134" 0 0 332.607495999998
"135" 0 0 277.989498249997
"136" 0 0 225.752890500001
"137" 0 0 71.9647925000005
"138" 0 0 295.66005625
"139" 0 0 117.996385
"140" 0 0 238.557341249998
"141" 0 0 225.0219465
"142" 0 0 224.189082000002
"143" 0 0 276.911281250001
"144" 0 0 241.6983925
"145" 0 0 190.013670249999
"146" 0 0 230.80266
"147" 0 0 411.260569249998
"148" 0 0 286.742820499999
"149" 0 0 312.96715225
"150" 0 0 285.605631250002
"151" 0 0 479.000371999998
"152" 0 0 508.718373249997
"153" 0 0 555.430131249999
"154" 0 0 152.389738250002
"155" 0 0 271.656336250001
"156" 0 0 449.859865250002
"157" 0 0 316.752816250001
"158" 0 0 377.228634500001
"159" 0 0 227.037966500003
"160" 0 0 345.185140250001
"161" 0 0 487.280586499998
"162" 0 0 615.291468499999
"163" 0 0 338.581054250003
"164" 0 0 243.324801250002
"165" 0 0 175.61961425
"166" 0 0 322.921186250001
"167" 0 0 299.893143249999
"168" 0 0 308.05287325
"169" 0 0 380.616888250002
"170" 0 0 579.998236249998
"171" 0 0 449.66896525
"172" 0 0 183.274085000001
"173" 0 0 188.878808500001
"174" 0 0 199.231200250003
"175" 0 0 391.83882025
"176" 1 197.726570499999 244.796969903797
"177" 1 228.421089000002 300.458140070873
"178" 1 245.7829145 296.842032767841
"179" 1 251.376664500001 315.004651035283
"180" 1 284.02457725 339.845925237493
"181" 1 296.475169000001 708.646444022703
"182" 1 300.682026250001 323.902129219982
"183" 1 303.560022499999 531.519804969772
"184" 1 310.465392500002 322.649902601134
"185" 1 314.331724250004 369.973479912329
"186" 1 316.594744249998 500.570624531329
"187" 1 320.184044999998 408.241304232337
"188" 1 321.343521250002 471.302711099007
"189" 1 323.586861249998 654.215604389561
"190" 1 325.177128999996 380.999921552137
"191" 1 330.1211585 342.468768443253
"192" 1 332.908726250001 335.340981661692
"193" 1 333.337446500001 906.109260783059
"194" 1 333.795615249999 588.936783220202
"195" 1 334.0486945 348.885783190962
"196" 1 334.589696999999 368.421667621781
"197" 1 338.763463249999 504.724837847826
"198" 1 344.309984500001 408.227844308156
"199" 1 345.535639250002 514.150135038651
"200" 1 355.65358725 525.52775503598
"201" 1 357.399108250001 362.701536081199
"202" 1 361.336290249999 383.909486239524
"203" 1 361.97120525 865.577021197263
"204" 1 362.21377725 591.647980615514
"205" 1 362.63070125 380.44196723201
"206" 1 365.167539249998 501.477172166855
"207" 1 365.772431250001 366.117385415754
"208" 1 371.531944249999 482.766811013548
"209" 1 372.560046249999 383.391020417094
"210" 1 373.204757000003 771.346687522404
"211" 1 374.629003249999 377.140455939626
"212" 1 374.80800625 394.171259198969
"213" 1 376.555012 580.673195948317
"214" 1 377.844026500002 396.273461943159
"215" 1 378.957364249997 495.692756748893
"216" 1 380.850025000001 381.968221143994
"217" 1 384.620460249999 440.778909270473
"218" 1 384.733088999996 791.872831121411
"219" 1 387.748173250001 491.906740622642
"220" 1 388.588044249999 516.413846663508
"221" 1 390.026826250002 529.122498625483
"222" 1 390.547434500002 402.746913512859
"223" 1 391.856676250001 845.564407950829
"224" 1 393.47275625 510.607038223798
"225" 1 393.984133250001 428.03363576256
"226" 1 394.13394925 1001.50869069292
"227" 1 394.41120325 394.669368495069
"228" 1 395.013192500003 425.425300194163
"229" 1 398.729304999998 1067.96602804945
"230" 1 399.4161625 468.532807477623
"231" 1 400.532926250001 739.095848754016
"232" 1 405.139983249998 535.963429913842
"233" 1 406.696304499998 583.212783905919
"234" 1 407.328394499999 504.690349998005
"235" 1 410.247529249999 737.702920265521
"236" 1 410.714479249997 474.532251918492
"237" 1 412.38723025 653.056477068921
"238" 1 412.456141250002 431.175880865924
"239" 1 412.649266250002 473.591626435205
"240" 1 412.695675249999 517.661244035471
"241" 1 413.33961125 595.816426460985
"242" 1 413.467686250002 423.169720384297
"243" 1 413.581660249999 1066.86200145163
"244" 1 414.9723645 431.734205861454
"245" 1 420.847448499997 778.147515023854
"246" 1 421.159116249999 490.034751188522
"247" 1 423.309735999997 423.950750933721
"248" 1 424.505031250002 524.243214751141
"249" 1 425.562108250004 979.800323212583
"250" 1 432.835321250001 495.655597191894
"251" 1 438.85994125 485.031100353523
"252" 1 439.341146499998 476.147190599044
"253" 1 442.043046249999 449.100085231945
"254" 1 443.80554725 908.618017037635
"255" 1 444.245127250001 469.005514869367
"256" 1 450.856024249998 457.609688270405
"257" 1 453.858222500002 478.066241996002
"258" 1 456.695827999998 483.961906514743
"259" 1 457.978443249997 533.151201062181
"260" 1 462.850569249998 462.877919273363
"261" 1 467.36060125 519.545291765932
"262" 1 469.915785999998 569.489778672356
"263" 1 470.970918500001 1057.44482467757
"264" 1 473.186972249999 709.399910759059
"265" 1 474.857018000002 872.695769151307
"266" 1 475.356393250004 489.777049533614
"267" 1 477.845605000002 495.510554990183
"268" 1 478.800931249999 490.254023065816
"269" 1 479.705245000003 1002.08383825553
"270" 1 481.0676065 551.668188036308
"271" 1 481.31793125 492.108096165827
"272" 1 482.3275525 503.02773839796
"273" 1 483.136446249995 489.785316859336
"274" 1 483.161345999999 527.848255296339
"275" 1 483.793604999999 552.06916985642
"276" 1 495.580080500003 600.559454184003
"277" 1 496.54587425 598.668658074246
"278" 1 496.94407225 575.954007453525
"279" 1 498.206353000001 526.226272049959
"280" 1 500.3576045 572.413540260235
"281" 1 501.967264500005 513.756180308098
"282" 1 501.980184249999 967.595677202023
"283" 1 503.203496000001 504.09476294386
"284" 1 503.644682000001 656.171848927259
"285" 1 504.732811249999 557.97260655965
"286" 1 510.30293625 1018.2266256978
"287" 1 512.667944 839.832106414949
"288" 1 515.299544999999 579.435580281111
"289" 1 516.56804825 692.000080745871
"290" 1 518.984174249999 556.666326528994
"291" 1 519.137238249998 855.672442179867
"292" 1 519.863352499999 562.353017768877
"293" 1 521.436540500001 542.271208961211
"294" 1 522.361986249999 522.757905519654
"295" 1 525.2449 586.885262258146
"296" 1 526.842306250001 566.320717372723
"297" 1 527.872546000001 528.017242452235
"298" 1 528.031323250002 677.07207030039
"299" 1 528.064537999998 533.615878011755
"300" 1 529.706059249999 906.887529253982
"301" 1 530.537623249999 967.519942889478
"302" 1 531.684812249999 559.914296553148
"303" 1 533.592378250001 533.59312145402
"304" 1 533.666316250001 623.040073711936
"305" 1 536.64351425 601.790536473465
"306" 1 536.942748500001 551.928265520286
"307" 1 538.36998125 556.237395588038
"308" 1 540.183652999994 826.770483887856
"309" 1 541.802706250002 680.493819679245
"310" 1 542.115786250004 911.463934013055
"311" 1 545.862125000001 770.78218693837
"312" 1 546.739341250001 580.464933077822
"313" 1 548.38774125 1147.20252487904
"314" 1 553.328026250001 578.549329920759
"315" 1 555.391791250003 722.255292370341
"316" 1 555.397820500001 576.358407711247
"317" 1 555.616701 758.976344931024
"318" 1 556.218960250001 559.417621747553
"319" 1 559.901060999997 678.577554367469
"320" 1 560.244872500001 983.924724807738
"321" 1 560.7222625 574.628705205837
"322" 1 562.833601249997 629.587270562088
"323" 1 565.881616249999 600.317271675139
"324" 1 569.388863249998 636.261052088788
"325" 1 574.306502500002 579.654155378769
"326" 1 574.768658249999 660.491641024092
"327" 1 574.861673249993 885.398607122868
"328" 1 578.985188000004 791.899588920477
"329" 1 582.380583999997 737.585283257785
"330" 1 587.171024500002 939.887951519628
"331" 1 588.88285825 589.626326920104
"332" 1 591.168386500001 618.931962043376
"333" 1 591.252148249996 591.254945575909
"334" 1 591.714790250001 708.855301641916
"335" 1 591.778903249999 606.621683830048
"336" 1 595.616581249997 614.999248614235
"337" 1 595.722753250003 601.013846929942
"338" 1 597.652551249995 676.36348414698
"339" 1 601.19747525 1009.78061829591
"340" 1 601.953692500002 669.240598779131
"341" 1 605.406418250001 1001.79794159608
"342" 1 605.74405725 606.003841463413
"343" 1 606.21241 670.544910186954
"344" 1 607.302341 675.300575175488
"345" 1 609.675094250001 825.438671831558
"346" 1 614.416938500002 1015.14407073498
"347" 1 614.992851250001 820.880120438718
"348" 1 616.672933000003 654.903418678448
"349" 1 622.875949249998 628.356749479724
"350" 1 628.776912249996 654.68284284537
"351" 1 635.906364499997 907.130904438346
"352" 1 636.147397249997 863.704655225379
"353" 1 636.222101000002 802.607662407039
"354" 1 640.327750249997 878.324553253869
"355" 1 647.538362500001 712.683698833141
"356" 1 648.337705 699.900159762366
"357" 1 650.01081625 675.270380633964
"358" 1 651.9928545 652.848147943957
"359" 1 652.205555999999 702.498920296681
"360" 1 660.245221000001 663.149115694007
"361" 1 661.755209000001 696.878938569549
"362" 1 665.933358500002 1007.15096665457
"363" 1 666.963298250001 699.609473910303
"364" 1 679.781992249999 1024.00996941641
"365" 1 683.629352500003 692.712646479545
"366" 1 692.11963125 895.230066561265
"367" 1 692.84091025 1012.41132432313
"368" 1 694.240994250002 709.203063452668
"369" 1 703.394296249999 729.251729309526
"370" 1 715.107105249997 791.275149312133
"371" 1 715.124264 786.700849513745
"372" 1 718.22025325 761.741626198212
"373" 1 733.9277005 747.573804293955
"374" 1 739.635649999999 779.283052773769
"375" 1 739.972474249999 756.413218367923
"376" 1 741.495586000001 773.713638403854
"377" 1 746.602527250003 915.367413820049
"378" 1 755.572432499999 788.964193967212
"379" 1 762.729178499996 763.305847878229
"380" 1 766.371889 796.171666621365
"381" 1 773.80285625 775.893686617435
"382" 1 774.803724999999 806.550691497663
"383" 1 780.101191999999 853.924703134338
"384" 1 793.222516249998 836.400784577969
"385" 1 795.699892000001 889.077352761309
"386" 1 805.778734500001 945.016378173773
"387" 1 811.784106250001 816.147302459587
"388" 1 821.172228499999 1267.58318318691
"389" 1 826.947814500002 835.240557501618
"390" 1 833.213182500001 868.781761263389
"391" 1 839.44013125 845.404002263129
"392" 1 847.627059250002 958.752371699644
"393" 1 852.539496249999 852.815877877997
"394" 1 875.789742250006 903.435720242043
"395" 1 888.490332250003 940.524227752901
"396" 1 892.554651249999 982.474219847182
"397" 1 897.239236499998 906.533211687404
"398" 1 900.236581250002 903.312781761097
"399" 1 906.445101250005 906.456736353015
"400" 1 955.297232499999 956.406912991464
"401" 1 963.149570000005 964.411003758275
"402" 1 968.090229000004 990.209461906429
"403" 1 1057.5729925 1062.08268362193
"404" 1 1057.74792125 1065.89473075348
"405" 1 1190.31027625 1400.46933027113
"406" 1 1230.8018045 1233.22543378414
"407" 1 1355.53866425 1655.97008320016
"408" 1 1441.3478265 1489.16473092083
"409" 1 1522.85708425 1578.34918408495
