"dimension" "Birth" "Death"
"1" 0 0 Inf
"2" 0 0 139.139388999999
"3" 0 0 111.72095125
"4" 0 0 280.236000250001
"5" 0 0 189.584412250001
"6" 0 0 139.98569525
"7" 0 0 260.089465
"8" 0 0 274.2658145
"9" 0 0 163.4240385
"10" 0 0 112.150370000001
"11" 0 0 414.645036499999
"12" 0 0 125.456309000001
"13" 0 0 214.120231249999
"14" 0 0 451.643975999999
"15" 0 0 203.687494250002
"16" 0 0 190.599057999999
"17" 0 0 150.125604249999
"18" 0 0 473.013291249996
"19" 0 0 301.737076000001
"20" 0 0 417.511348999999
"21" 0 0 181.143094250001
"22" 0 0 203.585780000001
"23" 0 0 177.4009865
"24" 0 0 178.6984945
"25" 0 0 108.5062525
"26" 0 0 295.114918500002
"27" 0 0 250.789466500001
"28" 0 0 271.827728500002
"29" 0 0 267.00101125
"30" 0 0 369.494593
"31" 0 0 147.789510249999
"32" 0 0 269.1700505
"33" 0 0 437.552546499998
"34" 0 0 291.842884249999
"35" 0 0 299.60284625
"36" 0 0 417.838913
"37" 0 0 254.662715250001
"38" 0 0 267.881990499999
"39" 0 0 396.193153
"40" 0 0 470.807156249998
"41" 0 0 206.425026249999
"42" 0 0 224.182396250001
"43" 0 0 409.380807999999
"44" 0 0 433.159509249998
"45" 0 0 341.103302500002
"46" 0 0 196.913041250001
"47" 0 0 344.756351250003
"48" 0 0 348.40457125
"49" 0 0 267.300864500001
"50" 0 0 208.97343125
"51" 0 0 66.2579862500004
"52" 0 0 241.368332499999
"53" 0 0 321.11413225
"54" 0 0 212.08278125
"55" 0 0 359.241625249997
"56" 0 0 100.927561999997
"57" 0 0 212.177746250001
"58" 0 0 376.970412250001
"59" 0 0 177.661518250001
"60" 0 0 117.4173925
"61" 0 0 145.222101
"62" 0 0 219.836964249999
"63" 0 0 398.033226000003
"64" 0 0 330.65358625
"65" 0 0 247.9633825
"66" 0 0 204.23913525
"67" 0 0 207.120769
"68" 0 0 299.6571925
"69" 0 0 110.758228
"70" 0 0 298.811190499999
"71" 0 0 222.48295625
"72" 0 0 264.37371325
"73" 0 0 110.722781000001
"74" 0 0 259.322020249997
"75" 0 0 169.45222625
"76" 0 0 219.9841465
"77" 0 0 191.265538
"78" 0 0 172.3390605
"79" 0 0 84.777925000001
"80" 0 0 242.877186250002
"81" 0 0 226.819926499999
"82" 0 0 196.411332499999
"83" 0 0 285.888987249999
"84" 0 0 237.369342249998
"85" 0 0 224.713856249996
"86" 0 0 423.878462499999
"87" 0 0 249.48632725
"88" 0 0 397.20101625
"89" 0 0 293.591200249999
"90" 0 0 177.413558499999
"91" 0 0 672.223520250002
"92" 0 0 240.131747249999
"93" 0 0 392.627196250001
"94" 0 0 106.802829249999
"95" 0 0 139.668913250001
"96" 0 0 298.241360500002
"97" 0 0 299.82316625
"98" 0 0 315.352059249999
"99" 0 0 371.316169999999
"100" 0 0 142.637722249999
"101" 0 0 180.848825000001
"102" 0 0 307.424359999999
"103" 0 0 381.049116249997
"104" 0 0 317.6561925
"105" 0 0 401.73003125
"106" 0 0 87.6720262499997
"107" 0 0 245.5111525
"108" 0 0 235.8516865
"109" 0 0 275.166861250001
"110" 0 0 216.319300000001
"111" 0 0 205.897008500001
"112" 0 0 327.85713025
"113" 0 0 440.689740999997
"114" 0 0 314.6953525
"115" 0 0 111.145693000001
"116" 0 0 143.605460000002
"117" 0 0 225.10471625
"118" 0 0 288.426040250002
"119" 0 0 67.0315505000008
"120" 0 0 189.761205249999
"121" 0 0 374.734846249998
"122" 0 0 144.484512500001
"123" 0 0 165.643669000001
"124" 0 0 230.158592500001
"125" 0 0 277.513556000001
"126" 0 0 147.245789000001
"127" 0 0 227.07672325
"128" 0 0 149.034991249999
"129" 0 0 416.928684249999
"130" 0 0 524.689203999997
"131" 0 0 72.8924245000008
"132" 0 0 500.16720125
"133" 0 0 196.20016825
"134" 0 0 281.278599999998
"135" 0 0 262.962118249998
"136" 0 0 351.835066250002
"137" 0 0 329.551189250002
"138" 0 0 385.36661725
"139" 0 0 201.7284685
"140" 0 0 257.9664685
"141" 0 0 492.295530250003
"142" 0 0 51.0208644999997
"143" 0 0 167.306728999999
"144" 0 0 286.969408
"145" 0 0 307.379778499998
"146" 0 0 164.51045
"147" 0 0 310.882387249998
"148" 0 0 339.342833250002
"149" 0 0 225.2657
"150" 0 0 201.813756249997
"151" 0 0 357.571942249998
"152" 0 0 395.161920249999
"153" 0 0 323.666946250002
"154" 0 0 220.421465000001
"155" 0 0 413.661769250002
"156" 0 0 166.771881249999
"157" 0 0 228.73372525
"158" 0 0 359.565292250001
"159" 0 0 277.748064250001
"160" 0 0 509.159376999999
"161" 0 0 283.492625
"162" 0 0 180.685443249998
"163" 0 0 285.99727925
"164" 0 0 280.62050125
"165" 0 0 361.718473
"166" 0 0 258.693829249999
"167" 0 0 449.47581925
"168" 0 0 245.930042499999
"169" 0 0 258.6113485
"170" 0 0 349.378364249999
"171" 0 0 487.938556249999
"172" 0 0 265.793197
"173" 0 0 328.011870249999
"174" 0 0 616.155304500002
"175" 0 0 296.197923249999
"176" 1 199.520933 221.475726117954
"177" 1 212.52593125 433.632281633362
"178" 1 230.412631249999 245.48352376503
"179" 1 235.805588 322.371176922825
"180" 1 253.848978499999 300.45207875001
"181" 1 264.2767065 363.538433745176
"182" 1 264.889066000001 294.258317973355
"183" 1 265.803122249999 276.321279272091
"184" 1 275.526084250002 315.101752994626
"185" 1 275.746632249999 329.771072556446
"186" 1 278.0583185 316.655555466766
"187" 1 279.415453 298.0228272047
"188" 1 283.4252305 545.185596855271
"189" 1 288.27675725 642.303073269941
"190" 1 291.146692000002 339.787721732774
"191" 1 291.697825249999 374.521282939928
"192" 1 295.411034250001 427.32518355642
"193" 1 297.597692500002 607.748817864408
"194" 1 302.486256249998 353.547355626391
"195" 1 303.0776285 331.255023457873
"196" 1 304.28183025 632.945280602333
"197" 1 305.340417000001 699.395200932775
"198" 1 306.793579249999 307.63673493557
"199" 1 307.10324725 466.106825803748
"200" 1 307.70138125 349.264522731923
"201" 1 311.276517250002 351.729738858154
"202" 1 312.169774249999 356.653770105414
"203" 1 312.1843825 599.597725071936
"204" 1 312.405955249999 322.210313664406
"205" 1 314.199232250001 330.515623426099
"206" 1 318.475251249999 389.472137315025
"207" 1 321.22314925 651.779395461818
"208" 1 323.7473025 708.920106455274
"209" 1 328.654704249998 439.028547084323
"210" 1 329.728002499998 334.270480047466
"211" 1 329.757363999998 413.022478793611
"212" 1 332.084477000001 343.834872748931
"213" 1 333.924282499998 891.934126277585
"214" 1 341.863357250001 347.506518925129
"215" 1 344.017156250001 345.400708011058
"216" 1 344.216525 418.586676679301
"217" 1 346.108494500001 366.854076411769
"218" 1 352.148561999999 365.221600177234
"219" 1 352.799307249999 784.845505212843
"220" 1 353.076511249999 374.74811735046
"221" 1 357.573115250001 395.95972216842
"222" 1 357.990346250003 828.76232960119
"223" 1 358.355622499996 507.615143391342
"224" 1 358.38169825 409.022968573829
"225" 1 363.071925 363.088544731805
"226" 1 365.267005000001 409.364776598977
"227" 1 366.341162499999 800.993250161277
"228" 1 367.644377000001 481.28836768674
"229" 1 368.314132249998 374.295424035761
"230" 1 369.373076499998 418.204745940453
"231" 1 371.160912499999 373.539587457191
"232" 1 372.15928825 573.39772278504
"233" 1 372.725122499999 433.222228912455
"234" 1 373.888720999997 702.525520130496
"235" 1 376.330518249999 377.023026859571
"236" 1 384.545632500002 712.236078531339
"237" 1 384.717855250002 505.244371048145
"238" 1 385.64874 417.883778445332
"239" 1 386.592192499999 389.247153058444
"240" 1 390.933326500002 399.030716995401
"241" 1 391.0708625 485.459028323971
"242" 1 391.1842925 394.082903607982
"243" 1 393.857579249999 395.486775686962
"244" 1 394.032424999998 452.550775346307
"245" 1 396.774796499999 459.517939154814
"246" 1 398.903720499998 468.241932523192
"247" 1 401.764410000001 1151.50339203751
"248" 1 402.925782250001 406.800646957272
"249" 1 405.76553125 442.127449290356
"250" 1 405.937324999999 877.117460108025
"251" 1 406.384541 489.434093866423
"252" 1 408.550699250001 489.029032266067
"253" 1 412.4176325 506.294326977228
"254" 1 418.407313 424.191101656335
"255" 1 418.888325 436.109399915029
"256" 1 419.934188249997 479.687429590361
"257" 1 420.54233 503.577006456219
"258" 1 427.3064785 1257.89654148769
"259" 1 430.16933825 698.080326885261
"260" 1 430.717543249999 469.072501393498
"261" 1 433.474042000002 611.627815656474
"262" 1 435.544160499999 477.728734245841
"263" 1 440.418136249999 518.334081460709
"264" 1 440.993211250001 500.812959110274
"265" 1 443.220012999998 462.462014762737
"266" 1 443.612311250002 458.723576469917
"267" 1 443.968909249997 472.068845250524
"268" 1 448.224565000002 746.344281699576
"269" 1 452.779789250001 516.7347652398
"270" 1 454.084625250001 582.73027387049
"271" 1 455.159569000001 479.677689505601
"272" 1 455.308348499999 467.074539232458
"273" 1 456.80839625 581.733228723836
"274" 1 458.79826525 1273.91183245071
"275" 1 459.120781250003 505.752631192423
"276" 1 459.75010925 903.642721935432
"277" 1 460.882448 525.939339855667
"278" 1 464.130010000002 465.040275361869
"279" 1 473.979810249999 475.96866139967
"280" 1 474.160982499999 621.337757775876
"281" 1 481.33729 510.05328362686
"282" 1 490.23107125 652.921476796391
"283" 1 491.727532500001 730.036902392673
"284" 1 491.964906249998 492.530347233343
"285" 1 494.823375250001 670.357671632933
"286" 1 497.064752499999 1084.89584005804
"287" 1 497.21193025 548.731456757283
"288" 1 497.274010000001 498.963767783467
"289" 1 501.32148625 1223.67002541015
"290" 1 503.681372500002 659.022736426224
"291" 1 504.66680225 579.370136539526
"292" 1 504.960901 974.212029875828
"293" 1 513.795294499999 597.97566458867
"294" 1 517.880977 524.152839727637
"295" 1 517.967412500001 998.939625665613
"296" 1 518.46273225 558.598094298056
"297" 1 518.537135250001 532.710559235735
"298" 1 519.529086250001 557.629658808662
"299" 1 522.140274499998 958.225192348382
"300" 1 526.157756999997 599.214671869011
"301" 1 531.56124425 531.598086657207
"302" 1 533.2531525 549.045071998805
"303" 1 533.2874905 535.405357929398
"304" 1 537.035578000001 635.763983200506
"305" 1 537.609552500001 823.744432435317
"306" 1 538.830230499998 614.955401346619
"307" 1 541.122920000001 815.942797021575
"308" 1 541.999747250005 966.193668542092
"309" 1 543.274381 729.634092965583
"310" 1 544.190793249998 597.083879649001
"311" 1 547.026484999999 653.519331345688
"312" 1 554.544264250002 849.853444423781
"313" 1 554.845038500001 614.974114293683
"314" 1 555.040762249997 670.715652673626
"315" 1 555.936592499998 623.349603820987
"316" 1 556.219759250001 625.343456788243
"317" 1 566.096334250002 593.775709787793
"318" 1 569.476556999999 569.557497924088
"319" 1 571.84351425 571.843828706315
"320" 1 571.954515249999 646.913765056833
"321" 1 572.560692500001 985.242545485356
"322" 1 572.768862250003 574.451051553506
"323" 1 573.234412250001 665.56647574325
"324" 1 575.393161249999 587.421884519254
"325" 1 576.201994000001 864.933909023215
"326" 1 582.271118500002 588.621679876424
"327" 1 582.8233725 583.65501651399
"328" 1 585.4623325 608.885283787734
"329" 1 586.074586499997 588.003350260941
"330" 1 587.725406499999 639.777836653072
"331" 1 588.051837249998 938.79761790887
"332" 1 593.295369999994 616.264464058993
"333" 1 597.069122500003 672.686013576322
"334" 1 598.172818500002 618.67903664164
"335" 1 599.331942500001 674.094102548117
"336" 1 602.379992250004 612.292924405264
"337" 1 605.534481249997 639.172351336712
"338" 1 607.799016499999 683.396840271719
"339" 1 608.743796000001 797.021969575663
"340" 1 611.241674499997 695.805034542348
"341" 1 612.156544000001 617.712679039756
"342" 1 614.339247249999 709.789244887324
"343" 1 620.240189 630.10242199537
"344" 1 622.653529000001 856.798017920821
"345" 1 623.499068249999 700.166721165277
"346" 1 632.035514000001 782.445575028478
"347" 1 632.700487250003 965.381116770085
"348" 1 635.424617250006 639.276054117497
"349" 1 655.650168500001 724.502658161958
"350" 1 663.053671249999 777.977323046722
"351" 1 663.758432499997 747.229442386255
"352" 1 664.628056250003 689.561248229261
"353" 1 665.669236249998 673.556983262133
"354" 1 668.547909249998 829.179897512654
"355" 1 671.582090000002 676.819683564195
"356" 1 676.560485000001 1168.83621428227
"357" 1 676.596554 738.669078169826
"358" 1 680.629326250002 707.445288943654
"359" 1 684.37971225 698.090596697207
"360" 1 690.002914250001 703.617977526961
"361" 1 690.640222499998 690.827931991306
"362" 1 693.20015825 834.225629550393
"363" 1 696.435276999997 784.559050502321
"364" 1 702.290172499998 887.919810630908
"365" 1 703.317349249999 724.170152126366
"366" 1 707.27904125 728.160949458911
"367" 1 712.203131249998 860.157769544562
"368" 1 718.731889999995 840.907363959448
"369" 1 719.866505250002 722.925720244619
"370" 1 726.388566250002 755.89528815662
"371" 1 736.522404250002 738.446065344514
"372" 1 738.060912500006 876.408725835047
"373" 1 740.894947250002 877.387938628762
"374" 1 747.769509249999 792.828224519644
"375" 1 751.444114 767.341621365651
"376" 1 765.066276250003 808.057775867468
"377" 1 767.679922 805.801321502387
"378" 1 768.765204249999 863.687783768885
"379" 1 769.301406250001 798.587323087234
"380" 1 769.32648 769.56442769413
"381" 1 771.114812499999 846.373442523257
"382" 1 773.26035925 778.84760068623
"383" 1 782.234240499998 801.173596647464
"384" 1 794.3486725 808.457990872579
"385" 1 797.445469250002 914.428232010115
"386" 1 810.483569000001 838.812580184511
"387" 1 814.707111249999 814.830263150574
"388" 1 825.467370249999 825.479374670605
"389" 1 830.3005525 838.390335207689
"390" 1 835.809108250003 886.569045937126
"391" 1 841.7302805 844.47908501654
"392" 1 855.246833999999 855.247653991064
"393" 1 862.769529250003 928.031230310667
"394" 1 875.974512499997 900.874505132234
"395" 1 876.235956250002 926.342223670599
"396" 1 877.161004250001 954.772234380547
"397" 1 919.570971250003 1021.12460192472
"398" 1 925.004892999999 927.927574094479
"399" 1 948.364013250005 1109.8864576375
"400" 1 958.505691250005 988.655831209496
"401" 1 959.076292499998 963.547854155657
"402" 1 1006.26486249999 1015.92515995706
"403" 1 1033.002605 1229.75343130026
"404" 1 1039.987368 1176.80953487154
"405" 1 1071.155744 1077.66282001869
"406" 1 1091.550329 1097.0843336512
"407" 1 1093.27838525 1140.6360725232
"408" 1 1124.04801125 1126.21217514072
"409" 1 1242.86953625 1270.92811182797
