"dimension" "Birth" "Death"
"1" 0 0 Inf
"2" 0 0 263.47122
"3" 0 0 193.626836
"4" 0 0 128.090665
"5" 0 0 377.000569999999
"6" 0 0 84.7539925000003
"7" 0 0 155.37389825
"8" 0 0 315.298099999999
"9" 0 0 186.371905000001
"10" 0 0 224.819865999999
"11" 0 0 110.42492525
"12" 0 0 304.987978000001
"13" 0 0 296.668464249999
"14" 0 0 179.28456625
"15" 0 0 109.980480999999
"16" 0 0 305.93657725
"17" 0 0 196.4582525
"18" 0 0 313.809626499999
"19" 0 0 358.618278500001
"20" 0 0 198.413551250002
"21" 0 0 164.713082
"22" 0 0 311.989610000002
"23" 0 0 183.740206249999
"24" 0 0 355.457249999999
"25" 0 0 252.070945249998
"26" 0 0 248.309517249997
"27" 0 0 192.558656
"28" 0 0 168.070141
"29" 0 0 322.95794525
"30" 0 0 255.702785000001
"31" 0 0 299.409720500001
"32" 0 0 186.9969925
"33" 0 0 346.754599250004
"34" 0 0 258.756534250001
"35" 0 0 295.984144
"36" 0 0 227.056170499998
"37" 0 0 145.764643999999
"38" 0 0 186.130836
"39" 0 0 367.079365250002
"40" 0 0 164.668176999999
"41" 0 0 346.379936499998
"42" 0 0 308.00778925
"43" 0 0 233.391181
"44" 0 0 362.15317125
"45" 0 0 364.044842500002
"46" 0 0 255.068169249998
"47" 0 0 219.707163250001
"48" 0 0 189.36884
"49" 0 0 287.71422325
"50" 0 0 339.124731249998
"51" 0 0 239.007368
"52" 0 0 175.233092500001
"53" 0 0 286.0636325
"54" 0 0 274.8764525
"55" 0 0 207.018510499996
"56" 0 0 248.464113250001
"57" 0 0 286.980812499997
"58" 0 0 268.6745645
"59" 0 0 313.648696250001
"60" 0 0 226.493848999999
"61" 0 0 254.255010499997
"62" 0 0 187.895216249999
"63" 0 0 167.314381250001
"64" 0 0 312.373111249998
"65" 0 0 195.567329250001
"66" 0 0 312.862612249999
"67" 0 0 343.491477249999
"68" 0 0 450.889478500003
"69" 0 0 201.45545125
"70" 0 0 233.850400250003
"71" 0 0 384.931743249998
"72" 0 0 204.52138825
"73" 0 0 226.077578
"74" 0 0 298.638857249996
"75" 0 0 242.738187250002
"76" 0 0 187.371505000001
"77" 0 0 160.99434125
"78" 0 0 188.18008525
"79" 0 0 205.7973845
"80" 0 0 239.339037250001
"81" 0 0 299.292343249998
"82" 0 0 223.414561249999
"83" 0 0 343.008048499999
"84" 0 0 243.60182225
"85" 0 0 303.728412999998
"86" 0 0 331.530328999999
"87" 0 0 236.80765
"88" 0 0 245.759356249999
"89" 0 0 236.519729
"90" 0 0 192.515816249998
"91" 0 0 209.065524250002
"92" 0 0 280.347417249999
"93" 0 0 158.373054500001
"94" 0 0 152.061505999999
"95" 0 0 239.529809250001
"96" 0 0 287.157223999998
"97" 0 0 230.673025249999
"98" 0 0 201.559901000001
"99" 0 0 213.900486499998
"100" 0 0 192.07248125
"101" 0 0 285.49248725
"102" 0 0 316.04246325
"103" 0 0 225.757957
"104" 0 0 234.326510500002
"105" 0 0 301.335871249999
"106" 0 0 376.053889000001
"107" 0 0 206.240612500001
"108" 0 0 163.99915325
"109" 0 0 345.106971250002
"110" 0 0 300.895538
"111" 0 0 187.424626499999
"112" 0 0 240.5237885
"113" 0 0 374.576205249998
"114" 0 0 334.313784500003
"115" 0 0 298.725456250001
"116" 0 0 216.546840249999
"117" 0 0 302.611328499999
"118" 0 0 281.267645
"119" 0 0 288.656545
"120" 0 0 145.65089725
"121" 0 0 202.031362249998
"122" 0 0 282.894042249999
"123" 0 0 222.609953249999
"124" 0 0 154.88017625
"125" 0 0 195.781547249999
"126" 0 0 257.283337250001
"127" 0 0 196.03457
"128" 0 0 126.987879999999
"129" 0 0 264.804959250001
"130" 0 0 385.527310249998
"131" 0 0 193.96240225
"132" 0 0 190.3180085
"133" 0 0 132.657733
"134" 0 0 282.683575249998
"135" 0 0 262.422436250001
"136" 0 0 142.833409999999
"137" 0 0 252.90052625
"138" 0 0 220.152832250001
"139" 0 0 155.7934625
"140" 0 0 179.54435525
"141" 0 0 325.401049999998
"142" 0 0 281.93355625
"143" 0 0 299.7228105
"144" 0 0 196.042044999999
"145" 0 0 208.25639125
"146" 0 0 251.426256250001
"147" 0 0 169.722826249998
"148" 0 0 218.515400999999
"149" 0 0 266.900702499999
"150" 0 0 249.320097999999
"151" 0 0 137.382833249999
"152" 0 0 310.248688250001
"153" 0 0 237.665753000001
"154" 0 0 216.096234249999
"155" 0 0 197.042989249999
"156" 0 0 229.22859625
"157" 0 0 227.497459999999
"158" 0 0 187.326502250001
"159" 0 0 245.822157250001
"160" 0 0 167.488681
"161" 0 0 197.188020500001
"162" 0 0 208.10337025
"163" 0 0 223.455918249997
"164" 0 0 304.173369999999
"165" 0 0 257.062322500002
"166" 0 0 154.93458625
"167" 0 0 366.599220500001
"168" 0 0 156.483974499999
"169" 0 0 133.386603249997
"170" 0 0 336.5349005
"171" 0 0 157.109673249999
"172" 0 0 187.2079865
"173" 0 0 180.314069
"174" 0 0 169.141777
"175" 0 0 391.741186250002
"176" 1 189.926766250001 277.678818667423
"177" 1 203.627393999999 227.482757750687
"178" 1 222.212990499998 233.431880171779
"179" 1 234.355850000001 290.990626371191
"180" 1 239.535342500001 283.429728492479
"181" 1 247.4567325 249.670502554387
"182" 1 249.917616999999 304.262874525436
"183" 1 253.065530499999 401.919209007748
"184" 1 254.405334249999 432.828766594295
"185" 1 254.455770250001 365.458272863581
"186" 1 259.33262225 283.963670875995
"187" 1 261.0547285 441.273023468965
"188" 1 261.91582625 367.200816527476
"189" 1 265.397051249996 526.158120613383
"190" 1 265.804132500001 438.799978537188
"191" 1 270.974112999998 303.687271492423
"192" 1 271.305708500001 480.785944894626
"193" 1 271.868612499999 599.792125641166
"194" 1 273.043625 282.630455174338
"195" 1 273.977244499999 720.177097890731
"196" 1 278.798260249999 525.021709387043
"197" 1 278.852941250001 338.60081144087
"198" 1 286.377181249999 459.143073624142
"199" 1 287.806696250001 422.696104061427
"200" 1 289.596698 346.303885016122
"201" 1 289.642410249999 374.119599428259
"202" 1 292.661525000002 349.678949533908
"203" 1 294.858151250001 346.960160730505
"204" 1 297.003316249998 436.582861439271
"205" 1 299.006481249999 383.784729268276
"206" 1 300.5271405 346.299769381137
"207" 1 303.120285250003 319.668616968975
"208" 1 303.458025250001 650.791807840463
"209" 1 303.74817025 371.107765165457
"210" 1 303.887382499999 478.393524148107
"211" 1 306.145352000001 336.492715972
"212" 1 308.367386 431.815035588597
"213" 1 308.547641250001 527.804780382219
"214" 1 309.915894500001 360.138709972875
"215" 1 312.563024 474.467436830552
"216" 1 316.1265625 359.658357814279
"217" 1 317.19814225 668.403797231201
"218" 1 318.177381249999 377.015557243305
"219" 1 318.680113999999 441.839935159981
"220" 1 318.68833525 327.263780397074
"221" 1 318.986980250001 622.515572750382
"222" 1 319.11504125 367.295634742226
"223" 1 319.173196249998 321.317898082656
"224" 1 320.3401865 422.252384206138
"225" 1 321.276786500001 358.937333025091
"226" 1 321.338778500001 434.472192721257
"227" 1 321.92910425 370.069050011329
"228" 1 322.300873000004 358.597682130582
"229" 1 322.989582500002 361.910782006644
"230" 1 323.624919250001 347.723720988133
"231" 1 323.937594000001 439.938881102548
"232" 1 324.950828499998 483.640770032863
"233" 1 325.4074765 601.686341027539
"234" 1 327.94860125 406.346697137007
"235" 1 328.715094500001 330.540959040637
"236" 1 331.679217999998 423.354812472365
"237" 1 331.78397225 375.166945107817
"238" 1 333.147216250002 337.582901181637
"239" 1 333.547381 413.482255285389
"240" 1 334.294128999999 437.461576515485
"241" 1 335.6403305 390.791367877699
"242" 1 335.783837000001 426.082251932844
"243" 1 336.184096249998 391.126461530566
"244" 1 336.297348999999 391.14960558414
"245" 1 337.6387625 342.852244865453
"246" 1 338.781856500001 378.080524694726
"247" 1 339.784764499997 657.007520375786
"248" 1 339.9052385 442.736750020648
"249" 1 341.373935249998 598.451715651276
"250" 1 344.648943249999 493.420669578636
"251" 1 344.673301249997 466.294250874371
"252" 1 344.680250000001 475.230766322254
"253" 1 345.696008500001 635.480191680423
"254" 1 347.631676249998 407.799178349237
"255" 1 350.054506 637.830679271787
"256" 1 351.559866500001 596.266364099675
"257" 1 352.38598925 527.998074579041
"258" 1 354.201322249999 404.751462978946
"259" 1 355.451905249999 388.97286342278
"260" 1 356.775750499999 380.187593729637
"261" 1 358.358746250001 374.289417573919
"262" 1 358.633989 591.705159251413
"263" 1 358.910404000001 600.616966897126
"264" 1 360.129936999998 377.422810367294
"265" 1 361.17591325 476.215090019912
"266" 1 361.680666249998 385.927501253079
"267" 1 362.465714000001 452.463637115284
"268" 1 362.47013125 512.532433209008
"269" 1 363.018009250001 486.691176148474
"270" 1 363.146654250002 439.021685382975
"271" 1 364.5104605 454.658301031562
"272" 1 364.926466250002 410.092798691319
"273" 1 365.502236500003 458.853266099222
"274" 1 367.747116250001 477.078993434314
"275" 1 369.528630249999 484.362835687242
"276" 1 370.273701250001 491.432673473823
"277" 1 371.360875249997 440.521276960283
"278" 1 371.592391999999 386.324209542568
"279" 1 371.81108925 404.677175128982
"280" 1 371.927977 584.715218179315
"281" 1 372.623465000001 379.057787162893
"282" 1 372.64952425 400.669526669307
"283" 1 373.068612999998 423.316976243133
"284" 1 373.896560499999 421.957917183029
"285" 1 374.158744999999 471.058074262791
"286" 1 377.87536525 414.167552006046
"287" 1 379.178438499997 472.570110858541
"288" 1 379.57625225 547.488456302621
"289" 1 380.261336500003 581.36090541298
"290" 1 381.612626000001 386.908585180175
"291" 1 383.653925 527.877957498501
"292" 1 384.44066225 459.225038532817
"293" 1 385.30453025 494.103453685051
"294" 1 388.00884025 389.60394905372
"295" 1 388.5093605 537.372174753115
"296" 1 388.958268250001 399.768997574306
"297" 1 389.488430499999 406.558270953672
"298" 1 390.90716525 593.688950245127
"299" 1 390.936264500001 403.458321301549
"300" 1 391.06487025 406.347106158272
"301" 1 391.376065000001 636.786052349525
"302" 1 392.760348999999 449.349614370022
"303" 1 394.034300499997 399.139056655025
"304" 1 394.248434 465.238766019827
"305" 1 394.996479249999 622.321284290173
"306" 1 396.294297250002 441.632992973407
"307" 1 396.4744045 586.99533709529
"308" 1 398.704866250001 536.72347565134
"309" 1 399.726331249998 416.321627753372
"310" 1 401.263783999997 429.54787699208
"311" 1 401.6116765 423.716513284478
"312" 1 402.389626250001 402.999634715643
"313" 1 403.565805250002 403.846684439635
"314" 1 404.000631249998 540.172966606628
"315" 1 405.607624000001 456.388683964066
"316" 1 406.124548000001 517.818172396305
"317" 1 406.443987999998 408.628565900007
"318" 1 406.765230500002 806.564020871611
"319" 1 409.650805 555.079531598031
"320" 1 410.744857000001 418.712219226472
"321" 1 411.489032000003 431.217979522387
"322" 1 413.589174499999 950.180064383624
"323" 1 413.593951250001 437.817712058883
"324" 1 413.595461000001 422.524809854273
"325" 1 415.26794425 475.725183930235
"326" 1 416.220906250003 501.277866581205
"327" 1 416.4067465 544.173239094174
"328" 1 419.764590250003 425.2436396134
"329" 1 423.031084250002 612.899451102837
"330" 1 424.628450499999 858.373351940931
"331" 1 424.845317 525.284553686864
"332" 1 426.003613250001 647.123746639273
"333" 1 426.14788025 493.272169644118
"334" 1 427.477312249999 457.590106501235
"335" 1 430.1744525 430.256243679848
"336" 1 431.146993999997 449.52348486355
"337" 1 431.676406249999 454.784224408171
"338" 1 432.462017 453.592169704306
"339" 1 433.137505000001 526.187494320052
"340" 1 434.461261249999 472.374445322347
"341" 1 435.761956249998 710.562814284876
"342" 1 435.9562205 452.230970554142
"343" 1 436.305682249995 453.081942492793
"344" 1 436.645445 464.484973746634
"345" 1 438.979056499999 439.270011643527
"346" 1 440.917758249999 479.770153567699
"347" 1 440.991246249997 444.792787726914
"348" 1 441.8737705 523.410237634098
"349" 1 442.142369999999 504.479802581868
"350" 1 444.023916499999 449.231539532466
"351" 1 444.06321325 522.802035520165
"352" 1 444.293809999999 510.306622358724
"353" 1 447.488652249999 517.08481428556
"354" 1 448.379336 474.756025944169
"355" 1 448.721111250001 506.564802817308
"356" 1 450.411484499998 459.743179420757
"357" 1 450.602952500002 533.631203729112
"358" 1 452.792717000003 826.29582933478
"359" 1 456.860464999999 788.524747977941
"360" 1 456.923380499999 469.905848817207
"361" 1 457.152355999999 504.275583096098
"362" 1 459.207725 469.039220520848
"363" 1 460.714356500001 696.823551971326
"364" 1 460.749646249999 469.497158370416
"365" 1 461.562906250002 563.166594744261
"366" 1 461.919882500005 494.447161122959
"367" 1 465.350212999999 596.034053581881
"368" 1 468.103070500001 499.720432046007
"369" 1 468.278766250001 488.416529780293
"370" 1 468.471691250001 468.764250338615
"371" 1 474.0807185 499.825008947415
"372" 1 475.2685645 476.043031321118
"373" 1 480.093018250002 537.265543657816
"374" 1 480.748050250001 518.097054796224
"375" 1 480.7610785 495.238735154178
"376" 1 483.903674000001 487.938666515559
"377" 1 485.735592250001 621.729699261192
"378" 1 489.764859250001 547.774620519997
"379" 1 490.064692500003 544.932647673631
"380" 1 490.17663125 549.388399718474
"381" 1 491.251636250003 519.870487340349
"382" 1 491.348692000002 708.735259996627
"383" 1 493.924512249999 507.507737295331
"384" 1 497.117780000003 519.517421854178
"385" 1 497.7614365 625.182703042786
"386" 1 498.510037250001 512.919627250843
"387" 1 502.666016499999 593.637102527586
"388" 1 503.053092250002 555.860150251851
"389" 1 504.722618 528.665031756937
"390" 1 507.345204250001 528.764933077184
"391" 1 508.7783825 561.939290602689
"392" 1 511.138788249996 558.401029774389
"393" 1 511.355240500003 567.681633070671
"394" 1 512.829721000002 617.697778424799
"395" 1 513.238622499998 620.192415475209
"396" 1 515.59504625 521.105999111765
"397" 1 521.122922500002 630.130147819591
"398" 1 521.409488 613.497546329188
"399" 1 523.790677 533.585478702414
"400" 1 534.857545999999 545.364728417279
"401" 1 538.794568249997 539.922701960676
"402" 1 541.590002499998 553.512747484614
"403" 1 542.99698 570.430022842974
"404" 1 543.9926725 643.914353331243
"405" 1 545.088681250001 554.90594386656
"406" 1 546.953497250002 604.123063865458
"407" 1 552.680728999998 624.594712136583
"408" 1 555.877045000003 601.341846877791
"409" 1 562.318600999999 601.735034427699
"410" 1 563.994260000004 718.564734657642
"411" 1 564.333111250001 564.349857269216
"412" 1 576.637306250002 581.37203450587
"413" 1 580.555624999999 580.589726151186
"414" 1 582.9432725 641.522320724008
"415" 1 584.09347625 586.641320789094
"416" 1 586.982113999998 668.631244129433
"417" 1 594.29393425 639.893059882015
"418" 1 599.624211999998 600.568739387513
"419" 1 599.639593250001 631.569749424157
"420" 1 601.736340500003 658.918163680957
"421" 1 604.673307249998 605.088903479384
"422" 1 615.057826499998 625.802396192659
"423" 1 620.643652249998 621.438944966762
"424" 1 632.157700000001 635.840830830518
"425" 1 634.159471250001 647.76573482932
"426" 1 651.183334250001 666.565521534095
"427" 1 652.800159249999 666.124034889431
"428" 1 662.597846499998 671.043450692785
"429" 1 663.221311250002 731.574402852673
"430" 1 666.904985000003 701.70745023987
"431" 1 678.964146249997 690.973896681868
"432" 1 688.24102725 796.280263341145
"433" 1 703.413006250001 794.294506433342
"434" 1 713.104167250001 809.548918607521
"435" 1 724.019269000001 790.336148675495
"436" 1 727.35240125 843.303741732647
"437" 1 760.80367325 775.696567326587
"438" 1 801.055450000005 804.944328311557
"439" 1 806.175403249997 861.559185672398
