"dimension" "Birth" "Death"
"1" 0 0 Inf
"2" 0 0 410.740185250002
"3" 0 0 426.270559249998
"4" 0 0 429.116424499999
"5" 0 0 283.598149249999
"6" 0 0 345.489522500002
"7" 0 0 398.852940999996
"8" 0 0 238.376572250001
"9" 0 0 428.318601250001
"10" 0 0 415.117080499999
"11" 0 0 327.135726249999
"12" 0 0 412.23001025
"13" 0 0 239.079752499999
"14" 0 0 318.420776500001
"15" 0 0 323.106511249999
"16" 0 0 356.259272499999
"17" 0 0 502.63221425
"18" 0 0 252.865892499998
"19" 0 0 394.821292499999
"20" 0 0 372.013506249996
"21" 0 0 453.992366249998
"22" 0 0 374.21957725
"23" 0 0 377.834728500002
"24" 0 0 313.471260500001
"25" 0 0 602.722701249997
"26" 0 0 529.578881000004
"27" 0 0 291.582834499999
"28" 0 0 372.39174025
"29" 0 0 347.201826249999
"30" 0 0 428.221644999997
"31" 0 0 248.549053000001
"32" 0 0 284.086124499999
"33" 0 0 503.44494125
"34" 0 0 469.0743445
"35" 0 0 316.820706500001
"36" 0 0 127.87956325
"37" 0 0 423.9023825
"38" 0 0 366.116916250004
"39" 0 0 411.564442500001
"40" 0 0 249.426120500003
"41" 0 0 291.1581025
"42" 0 0 333.934776249999
"43" 0 0 217.014418
"44" 0 0 399.787987250002
"45" 0 0 289.6176925
"46" 0 0 158.062736250003
"47" 0 0 360.683417000002
"48" 0 0 360.281884999999
"49" 0 0 192.967998500001
"50" 0 0 197.563262499999
"51" 0 0 824.1469525
"52" 0 0 209.655496249999
"53" 0 0 252.698789250002
"54" 0 0 324.562293250001
"55" 0 0 417.841578250001
"56" 0 0 343.119845
"57" 0 0 164.918412500001
"58" 0 0 277.1989805
"59" 0 0 258.252916999999
"60" 0 0 295.292000249999
"61" 0 0 364.428056499998
"62" 0 0 563.970757250001
"63" 0 0 153.015289249999
"64" 0 0 323.093322500001
"65" 0 0 317.10033125
"66" 0 0 488.905346000002
"67" 0 0 382.914237250001
"68" 0 0 325.011381250003
"69" 0 0 488.177919999997
"70" 0 0 319.812304499999
"71" 0 0 260.58867325
"72" 0 0 278.660670499999
"73" 0 0 434.937420249998
"74" 0 0 277.147730000001
"75" 0 0 292.935252499999
"76" 0 0 276.515521
"77" 0 0 387.8645905
"78" 0 0 181.53962125
"79" 0 0 438.828416999999
"80" 0 0 395.697924
"81" 0 0 474.451049249998
"82" 0 0 436.177699250001
"83" 0 0 303.0075185
"84" 0 0 673.66788025
"85" 0 0 318.346109000001
"86" 0 0 353.393527250001
"87" 0 0 361.120528250001
"88" 0 0 336.965586250001
"89" 0 0 899.006671249995
"90" 0 0 358.424840000001
"91" 0 0 360.4284205
"92" 0 0 326.562925
"93" 0 0 257.345323250001
"94" 0 0 565.190181249999
"95" 0 0 275.339028500001
"96" 0 0 511.827796249999
"97" 0 0 284.750116250002
"98" 0 0 431.250570250002
"99" 0 0 291.693085
"100" 0 0 202.546376500002
"101" 0 0 299.176695249997
"102" 0 0 248.742784999999
"103" 0 0 549.154332499999
"104" 0 0 352.356879250001
"105" 0 0 616.343119250002
"106" 0 0 371.88293125
"107" 0 0 709.987021249997
"108" 0 0 344.597343249999
"109" 0 0 532.822624999999
"110" 0 0 343.578901250001
"111" 0 0 490.753106000001
"112" 0 0 350.29620225
"113" 0 0 238.56396525
"114" 0 0 220.231279250002
"115" 0 0 336.581641249999
"116" 0 0 320.87466625
"117" 0 0 253.5582985
"118" 0 0 323.039041249999
"119" 0 0 458.816931250003
"120" 0 0 306.67934725
"121" 0 0 564.000252999999
"122" 0 0 514.521254249997
"123" 0 0 809.4336805
"124" 0 0 341.937781250003
"125" 0 0 727.9390925
"126" 0 0 551.1520625
"127" 0 0 236.6063365
"128" 0 0 446.540906250001
"129" 0 0 440.343055999999
"130" 0 0 553.822562499998
"131" 0 0 464.551131250002
"132" 0 0 338.975442499998
"133" 0 0 602.378734499997
"134" 0 0 496.657380250001
"135" 0 0 440.473842499998
"136" 0 0 244.58555025
"137" 0 0 371.5587005
"138" 0 0 439.239676500001
"139" 0 0 283.855110249998
"140" 0 0 323.7017285
"141" 0 0 599.339825
"142" 0 0 249.86422925
"143" 0 0 334.315618249997
"144" 0 0 556.837923249997
"145" 0 0 176.75269025
"146" 0 0 787.511313000002
"147" 0 0 458.022265999999
"148" 0 0 381.525948250001
"149" 0 0 500.341864999998
"150" 0 0 821.697052500004
"151" 0 0 409.605808249999
"152" 0 0 263.850644250001
"153" 0 0 500.96409025
"154" 0 0 480.644102500004
"155" 0 0 174.343213
"156" 0 0 308.0119445
"157" 0 0 393.7393525
"158" 0 0 510.2985065
"159" 0 0 274.554227250001
"160" 0 0 300.60707625
"161" 0 0 446.995028249998
"162" 0 0 270.182952499999
"163" 0 0 525.215049250001
"164" 0 0 269.72270725
"165" 0 0 458.609836250001
"166" 0 0 815.555400250001
"167" 0 0 456.4840085
"168" 0 0 335.60424725
"169" 0 0 273.041420500001
"170" 0 0 300.181378250002
"171" 0 0 542.521438250002
"172" 0 0 327.479569249999
"173" 0 0 270.16620625
"174" 0 0 264.726730250001
"175" 0 0 427.751610500001
"176" 0 0 366.913292500002
"177" 0 0 592.86279725
"178" 0 0 351.350876249998
"179" 0 0 386.910541249999
"180" 0 0 212.018885000001
"181" 0 0 276.34402325
"182" 0 0 485.70847625
"183" 0 0 326.1006425
"184" 0 0 930.869989249999
"185" 0 0 323.390466249999
"186" 0 0 417.480777250003
"187" 0 0 255.86189125
"188" 0 0 317.821494249999
"189" 0 0 645.970466250005
"190" 0 0 607.562605
"191" 0 0 234.942614500001
"192" 0 0 438.219237249999
"193" 0 0 417.82736825
"194" 0 0 293.458496500001
"195" 0 0 621.933838250004
"196" 0 0 270.9936385
"197" 0 0 1072.469605
"198" 0 0 325.746652249999
"199" 0 0 752.743566250003
"200" 0 0 480.281825000001
"201" 0 0 227.813489999999
"202" 0 0 411.602425249998
"203" 0 0 706.36843325
"204" 0 0 193.537608499999
"205" 0 0 272.058034249999
"206" 0 0 269.32188625
"207" 0 0 538.339237
"208" 0 0 236.50115625
"209" 0 0 384.439616500003
"210" 0 0 449.811781000001
"211" 0 0 438.256620500001
"212" 0 0 563.095784000001
"213" 0 0 516.419606249999
"214" 0 0 205.79460425
"215" 0 0 387.295926499999
"216" 0 0 347.713769
"217" 0 0 389.930912499997
"218" 0 0 619.928037
"219" 0 0 507.763636249998
"220" 0 0 702.312249249998
"221" 0 0 178.571441
"222" 0 0 243.439999249999
"223" 0 0 310.565256250001
"224" 0 0 310.9831325
"225" 0 0 207.9710585
"226" 0 0 551.810961999996
"227" 0 0 390.208612250001
"228" 0 0 602.210520499997
"229" 0 0 535.69172
"230" 0 0 171.3671705
"231" 1 301.89567625 332.479722096562
"232" 1 306.194406250001 315.885392030383
"233" 1 306.340621249999 311.400934927254
"234" 1 322.7635225 361.151471643303
"235" 1 337.70814925 523.153962777044
"236" 1 338.744912499999 662.67207495882
"237" 1 344.001388249999 423.256814494661
"238" 1 361.52514225 786.561814783626
"239" 1 368.43699925 410.744270637011
"240" 1 368.469223249999 688.131469002825
"241" 1 368.613801250002 413.093636818622
"242" 1 368.656862499999 439.788016991567
"243" 1 369.850944500003 546.529870877042
"244" 1 371.2022845 592.008399920632
"245" 1 371.993085000003 514.273341617121
"246" 1 378.32255225 635.257749127423
"247" 1 378.64467625 573.604877329789
"248" 1 381.099901 784.967811497801
"249" 1 382.34681525 706.203583576436
"250" 1 384.052573 728.685123981497
"251" 1 387.16322125 621.653608462165
"252" 1 387.5082725 748.042785682742
"253" 1 391.59259625 591.021203121761
"254" 1 392.953156000002 427.032295842079
"255" 1 396.9976825 537.562833894609
"256" 1 398.43648325 525.747328248023
"257" 1 398.583873999999 493.126935221147
"258" 1 398.698706500003 603.419418195157
"259" 1 398.71511725 694.095576354918
"260" 1 399.1751725 653.050712759854
"261" 1 399.922566249998 415.597870698429
"262" 1 402.9571705 441.206034264093
"263" 1 405.97780925 504.259571196196
"264" 1 406.7024545 477.921633968546
"265" 1 409.874141000001 540.171880063267
"266" 1 411.7793065 503.990583061662
"267" 1 413.859634249999 478.280889358579
"268" 1 415.381941249999 419.114532330815
"269" 1 415.732873 670.871620047199
"270" 1 415.877748499999 458.382013164708
"271" 1 417.961989000001 735.441344200369
"272" 1 419.234 427.935478495456
"273" 1 422.324814250001 450.505380118386
"274" 1 425.541684499999 546.99331264851
"275" 1 425.636786000003 432.799360709183
"276" 1 425.857412500001 514.610937431499
"277" 1 426.395810000001 466.733429596283
"278" 1 428.499845 500.223670964027
"279" 1 428.6405245 804.874192114914
"280" 1 429.878944999999 474.60311441681
"281" 1 430.186898500002 677.786610409644
"282" 1 433.699825 490.835904092577
"283" 1 434.365276499999 699.307255588652
"284" 1 434.871055250002 445.460716516089
"285" 1 435.341446249999 538.702981347352
"286" 1 436.390744250001 458.802895787859
"287" 1 439.43923925 653.933167033637
"288" 1 440.89703125 887.521954136998
"289" 1 441.403180999999 600.008964267112
"290" 1 441.622144999999 1041.4457689379
"291" 1 442.061622500002 699.848952242383
"292" 1 442.235560500001 484.635000366574
"293" 1 442.525350250001 565.924661206465
"294" 1 442.53715725 776.964136698604
"295" 1 446.5912025 931.149099626323
"296" 1 448.960426 492.858267921442
"297" 1 449.488670500003 874.014974988519
"298" 1 452.69896825 589.623315554083
"299" 1 456.173048500002 581.79235373815
"300" 1 458.547217000001 525.763604416698
"301" 1 458.953230249999 578.688923563782
"302" 1 460.280704250001 487.833062993082
"303" 1 464.677024999997 1116.25890341103
"304" 1 466.019112500001 566.10068076757
"305" 1 466.079344999999 587.327171785265
"306" 1 469.264128249999 988.610561241143
"307" 1 474.025845249999 716.451641160397
"308" 1 474.57691425 534.991288499128
"309" 1 476.512621249999 519.737128883207
"310" 1 476.962693 535.364146605455
"311" 1 479.658948249999 609.231167850098
"312" 1 479.959605 518.879635889661
"313" 1 480.602692250001 500.852797519646
"314" 1 481.199684500003 489.395512684121
"315" 1 484.048552499999 559.420298092502
"316" 1 487.6389325 563.64655967488
"317" 1 488.604881 538.716747648499
"318" 1 492.4539745 562.011701818018
"319" 1 492.732492499998 561.084219334486
"320" 1 493.457122000001 567.310245857268
"321" 1 494.883325 587.152610322879
"322" 1 495.0749245 566.400164120878
"323" 1 495.363165250002 551.157101958694
"324" 1 498.190156249999 563.839417443171
"325" 1 498.533806250001 534.54882000021
"326" 1 499.03049925 818.704332761038
"327" 1 499.229389249998 539.453715536906
"328" 1 500.893322499998 544.673400075387
"329" 1 502.781712500001 550.587104957953
"330" 1 505.743060500002 547.722525932875
"331" 1 506.672505000003 506.675901537296
"332" 1 506.984822499997 1071.32417194043
"333" 1 509.459127249999 548.92992344196
"334" 1 510.767600500001 519.959077612808
"335" 1 513.569904249999 981.32078958727
"336" 1 514.134484 816.114513336658
"337" 1 515.193276500001 793.000334086657
"338" 1 516.62016125 893.542713307862
"339" 1 516.640810250002 623.582652254639
"340" 1 519.724129 610.515711370497
"341" 1 520.11268 614.819891774645
"342" 1 520.959396249999 1040.97724776523
"343" 1 522.316045249998 771.022811579181
"344" 1 524.656418499999 668.755868726718
"345" 1 524.911398499999 920.897586431936
"346" 1 526.91937425 586.283987579819
"347" 1 530.83203725 578.136721686157
"348" 1 534.82664825 563.320132440766
"349" 1 535.406941250001 828.566487955433
"350" 1 537.251479250001 622.427353407592
"351" 1 539.451138500001 743.954522680221
"352" 1 541.590793 786.8290802889
"353" 1 543.981628249999 685.920742016496
"354" 1 544.217106500001 567.029208503634
"355" 1 545.011098249997 587.054386505316
"356" 1 546.190150499995 1082.88706165448
"357" 1 546.385522500002 609.392958319204
"358" 1 549.307002499998 1098.86615707886
"359" 1 549.569135249998 577.743378339023
"360" 1 551.987705249999 640.754550718668
"361" 1 554.242968250001 604.449933493256
"362" 1 554.966158500001 732.578000855868
"363" 1 556.06711625 599.354541217552
"364" 1 556.128521000002 729.518174236772
"365" 1 557.637909249999 566.381626766096
"366" 1 558.068239249998 595.782890499753
"367" 1 559.709419249999 578.204179842779
"368" 1 564.285098000001 567.738356309353
"369" 1 564.496884250001 721.247508692065
"370" 1 565.857688500001 753.777696650044
"371" 1 568.562545 693.68975239453
"372" 1 570.081206500001 822.670183821444
"373" 1 571.747086250002 799.091859179089
"374" 1 574.41173525 657.183315834604
"375" 1 574.935855249999 1162.7666981776
"376" 1 575.391368499999 775.268290485093
"377" 1 577.361002 577.581725277409
"378" 1 578.007732249999 651.479638270469
"379" 1 581.482520999999 802.239792186542
"380" 1 585.649897999999 918.726936134358
"381" 1 589.227336999999 616.160487408862
"382" 1 590.947812500003 599.266884915325
"383" 1 591.656649999996 941.232109094048
"384" 1 592.445198249995 682.667836785522
"385" 1 598.694320999999 685.169572272846
"386" 1 599.22859025 641.111442209638
"387" 1 599.665054499997 603.680561181038
"388" 1 608.044562500006 1243.85199414566
"389" 1 609.096617000001 841.960042675857
"390" 1 609.864169999999 960.797290448043
"391" 1 610.691101249998 882.21956455322
"392" 1 611.617906250001 631.410691195514
"393" 1 614.095144 889.303072547507
"394" 1 616.789681249998 725.916534836044
"395" 1 617.683882500003 718.275738360267
"396" 1 619.327793250002 659.638538484009
"397" 1 620.73782725 634.835501700913
"398" 1 621.560730250002 1162.13471290056
"399" 1 626.1830425 1142.48318962817
"400" 1 626.440228000001 726.063687677004
"401" 1 629.935656249999 640.715882565975
"402" 1 629.956100000001 642.962124638015
"403" 1 633.849112250001 1174.18495892262
"404" 1 637.767547249998 637.768293859127
"405" 1 638.186336499999 667.589255537924
"406" 1 641.103453250001 647.243768866345
"407" 1 645.938202499998 743.465173279233
"408" 1 646.949972249999 650.48217390328
"409" 1 647.799463249998 679.265164339697
"410" 1 650.735169999994 701.117244357957
"411" 1 652.055446249998 1077.8007589348
"412" 1 654.336228499999 685.394095419813
"413" 1 655.63444125 960.04748367785
"414" 1 656.902408499999 876.010908107129
"415" 1 657.40867625 748.425587450162
"416" 1 657.810499249999 681.727568997807
"417" 1 659.275814499999 834.339831059423
"418" 1 661.16157925 1077.80246442334
"419" 1 661.311003249997 681.375502855486
"420" 1 662.105236249998 970.135030551686
"421" 1 662.228312500002 678.036977672643
"422" 1 663.232364500001 692.373793555688
"423" 1 663.450726500001 733.922000248087
"424" 1 665.526725 687.986089721781
"425" 1 666.322960250003 697.068153303543
"426" 1 667.927610500003 797.618084700125
"427" 1 668.259706250002 777.229545372438
"428" 1 668.636285 689.08071112114
"429" 1 673.959130000001 785.074740645433
"430" 1 676.905474499999 677.658605134413
"431" 1 682.007736500001 682.269353812408
"432" 1 683.22627925 755.216153585473
"433" 1 684.479376249998 684.482448313633
"434" 1 685.125606250001 995.773479559674
"435" 1 685.340406250001 702.905956545611
"436" 1 686.276621 741.02258461001
"437" 1 687.992267250003 1137.20240577711
"438" 1 688.30157425 792.327321011144
"439" 1 688.9182625 1127.90394774575
"440" 1 690.532056249997 1006.28625255679
"441" 1 690.902131250004 822.397383530956
"442" 1 692.285848999996 855.776619214014
"443" 1 694.747909000002 1154.32502225705
"444" 1 696.964986249999 732.125486887199
"445" 1 703.720872000006 984.114985854194
"446" 1 704.834174250002 917.240823193038
"447" 1 705.015802 730.526742101516
"448" 1 707.97043225 760.999956107692
"449" 1 708.113683250002 786.425270652136
"450" 1 709.754646249998 810.009855312897
"451" 1 712.688755999999 715.29724299977
"452" 1 712.756396249995 1062.30601463361
"453" 1 713.437995249996 779.370967350301
"454" 1 713.630178499997 713.658583688022
"455" 1 720.466281249999 757.062129338246
"456" 1 721.220681250004 982.234670255934
"457" 1 722.508196250003 939.865888027356
"458" 1 734.256925000002 757.747754562478
"459" 1 736.083108 826.341322288661
"460" 1 736.249392500005 742.116738682755
"461" 1 737.019168499998 1445.65848215785
"462" 1 737.209570249997 1198.7971034588
"463" 1 738.847125249998 818.737770035103
"464" 1 740.199293000001 931.424245633317
"465" 1 742.065064249999 2017.8274662541
"466" 1 743.126250500001 748.629185015989
"467" 1 744.814644500003 937.906496711349
"468" 1 745.680679999998 813.029669465899
"469" 1 746.006626 797.295358872276
"470" 1 747.706147249999 824.570554765824
"471" 1 750.22383725 750.228256037037
"472" 1 755.805065000001 763.713383717591
"473" 1 760.970448250003 1353.53691609408
"474" 1 762.143353999999 1013.16626605113
"475" 1 764.562312500001 835.139154392897
"476" 1 766.780202499999 793.755935247535
"477" 1 768.32780125 804.232281988224
"478" 1 770.096772000002 853.168272084407
"479" 1 770.45789225 772.338262206671
"480" 1 772.780167999999 779.545395612264
"481" 1 779.023952 892.523106268882
"482" 1 779.57221 873.677196087671
"483" 1 780.645860000004 931.086169064577
"484" 1 783.489028000001 793.842495086079
"485" 1 789.837430499999 882.04572367597
"486" 1 792.068403999998 896.452675928606
"487" 1 794.398517 1115.27760668301
"488" 1 801.490882249997 807.925536778155
"489" 1 805.719091250001 825.151340729509
"490" 1 809.644252499996 960.11241265098
"491" 1 811.258942499996 845.256065254711
"492" 1 811.78710925 930.066201516505
"493" 1 813.33120625 884.74853561088
"494" 1 813.543646500003 814.052807995029
"495" 1 813.983966499998 897.585655641096
"496" 1 815.029621250001 878.639142137132
"497" 1 817.761793000003 830.343957831139
"498" 1 819.9974825 831.843465304106
"499" 1 820.628790500002 866.357582246303
"500" 1 821.363645000002 835.937458602898
"501" 1 822.367575250004 904.832960199803
"502" 1 822.905522499999 906.212426542626
"503" 1 824.729194250004 836.43186018556
"504" 1 830.71828825 869.52294324054
"505" 1 831.148244000006 951.649956774359
"506" 1 836.180986250007 1113.06487320279
"507" 1 841.838708249998 987.596076485925
"508" 1 844.806801249997 852.997263047993
"509" 1 846.530959249991 1009.75017528332
"510" 1 847.499300499998 1224.7909082227
"511" 1 850.076894499999 948.903950731133
"512" 1 850.481507250003 854.622129240361
"513" 1 853.770601000002 994.758091951998
"514" 1 856.12141525 1330.93059698267
"515" 1 858.728801249997 1130.81720813251
"516" 1 868.245570250006 1432.64023699768
"517" 1 874.562349249999 874.720075217027
"518" 1 875.961109249998 902.297144556176
"519" 1 884.160328000002 1273.02418667919
"520" 1 886.144256500001 991.783125714823
"521" 1 887.000374249997 925.218284522334
"522" 1 887.90650525 900.526261880333
"523" 1 897.697476000001 901.915977699794
"524" 1 897.768498499993 948.871893365426
"525" 1 899.854098250005 967.08101508575
"526" 1 900.430104250006 962.159304735184
"527" 1 905.69984125 907.426554613171
"528" 1 906.173011249999 936.399907453036
"529" 1 907.420248500002 935.388483452506
"530" 1 908.572128999999 908.890674443173
"531" 1 909.073385999998 934.131250777519
"532" 1 911.352514000001 1001.58405618602
"533" 1 913.610262499999 945.775466690601
"534" 1 920.900682249999 963.315325587761
"535" 1 928.681364 1300.94121349801
"536" 1 929.564454250007 1105.16692347969
"537" 1 931.354544249999 1014.52445279687
"538" 1 935.685951999998 938.341289960846
"539" 1 935.708061249996 1004.45713537319
"540" 1 940.666457000001 973.535248040455
"541" 1 946.193031249999 973.584636874449
"542" 1 950.078116250001 981.798529841896
"543" 1 952.05097325 998.305721046183
"544" 1 956.407204999998 1081.70666837115
"545" 1 973.860654500002 974.411865057419
"546" 1 985.183302500001 993.117848520302
"547" 1 990.054372499999 1087.41799629782
"548" 1 995.915116250002 1212.85925661185
"549" 1 1001.71300999999 1022.72773483007
"550" 1 1002.28379225 1042.87748713344
"551" 1 1002.37165025 1151.11402281577
"552" 1 1002.615809 1639.89912305513
"553" 1 1017.387397 1214.73456476914
"554" 1 1017.88138824999 1025.58990852877
"555" 1 1022.419472 1091.29816496985
"556" 1 1027.24423825 1033.37762997655
"557" 1 1027.8248065 1283.92820177198
"558" 1 1042.73474825 1130.27810633993
"559" 1 1046.545981 1073.0835071245
"560" 1 1049.626649 1067.73372404996
"561" 1 1066.3848805 1229.78947275753
"562" 1 1081.41214025 1084.01430418511
"563" 1 1093.49930425 1119.94377524236
"564" 1 1102.68440425 1280.49542083153
"565" 1 1115.44102124999 1359.05869854443
"566" 1 1129.53628625 1166.57469006914
"567" 1 1142.8529845 1288.54627672224
"568" 1 1158.32696825 1174.1411658258
"569" 1 1159.94116625 1807.2131187988
"570" 1 1160.512865 1489.92687415317
"571" 1 1160.917684 1184.38098977242
"572" 1 1170.801341 1171.12936960411
"573" 1 1180.80576 1543.02012515856
"574" 1 1213.36298224999 1371.67514170555
"575" 1 1236.623629 1238.74947676852
"576" 1 1241.682097 1338.85229458145
"577" 1 1248.85691125 1457.02470235952
"578" 1 1250.4891425 1412.68834627757
"579" 1 1251.2836205 1270.36300531088
"580" 1 1267.2788525 1309.1608784814
"581" 1 1296.638152 1298.36279633373
"582" 1 1378.34486225 1459.34906950493
"583" 1 1390.65583625 1394.35892700906
"584" 1 1533.69085825 1638.96426355005
