0 0 Inf
0 0 366.488606250002
0 0 285.499906000001
0 0 270.969412500001
0 0 300.64528625
0 0 354.186787250001
0 0 258.586686249999
0 0 360.35867825
0 0 242.15816425
0 0 309.86993
0 0 211.431178
0 0 341.923234500004
0 0 293.0885765
0 0 525.200283249998
0 0 235.60314125
0 0 226.467457250002
0 0 78.7316344999995
0 0 176.95666125
0 0 72.1940282499994
0 0 237.454345249999
0 0 336.003702500002
0 0 283.101786249998
0 0 291.461910249998
0 0 190.188118249998
0 0 258.105469249999
0 0 324.605648000001
0 0 220.584296
0 0 256.360131249998
0 0 220.596722
0 0 74.3778624999997
0 0 254.875656250001
0 0 284.360521250002
0 0 124.372290499998
0 0 347.350122500001
0 0 248.583766499998
0 0 135.865546
0 0 236.46633925
0 0 267.37457125
0 0 331.870048250001
0 0 176.1602345
0 0 263.812628000001
0 0 328.716889999998
0 0 351.57888125
0 0 278.042781250001
0 0 334.0795525
0 0 234.627589249999
0 0 317.201287250001
0 0 234.22689625
0 0 229.146128000001
0 0 274.5991525
0 0 247.490306499998
0 0 214.26634125
0 0 255.756082250003
0 0 211.577296999999
0 0 212.829051249999
0 0 156.74184125
0 0 203.913624999999
0 0 267.032485000001
0 0 281.57489225
0 0 164.710048499999
0 0 268.728798499998
0 0 233.557356499999
0 0 301.97410625
0 0 265.767833
0 0 240.342108500001
0 0 236.932450250002
0 0 223.363190499998
0 0 300.443441000001
0 0 296.747090000001
0 0 314.92599025
0 0 157.212132500001
0 0 192.044940500001
0 0 262.824146
0 0 201.383202500002
0 0 191.820341250001
0 0 243.917166249997
0 0 239.1843505
0 0 198.017649999999
0 0 248.267769250001
0 0 121.527720500001
0 0 225.5302925
0 0 202.1721545
0 0 185.57724925
0 0 251.6599325
0 0 169.52853125
0 0 187.216464500001
0 0 236.144581250001
0 0 260.3200225
0 0 103.28310625
0 0 234.885029
0 0 186.06384725
0 0 232.03778825
0 0 337.348207250001
0 0 88.0251559999992
0 0 299.949839999999
0 0 379.486069250001
0 0 357.640927249999
0 0 139.942080500001
0 0 160.71367625
0 0 259.638929999999
0 0 239.041424499999
0 0 156.430009000001
0 0 132.107913249998
0 0 208.33548525
0 0 179.3301385
0 0 283.6479925
0 0 242.59000625
0 0 227.5079705
0 0 330.853432500001
0 0 154.264060250002
0 0 318.627976249999
0 0 257.043886249999
0 0 161.762546249999
0 0 295.967038250003
0 0 186.452153000001
0 0 217.721336500001
0 0 259.98280625
0 0 323.623253000001
0 0 215.7282425
0 0 187.450400000001
0 0 265.006074500001
0 0 205.500130250001
0 0 186.53999725
0 0 198.075984500002
0 0 265.208472249998
0 0 269.271674500002
0 0 303.239280250002
0 0 136.965770499999
0 0 360.546494499999
0 0 237.131888500002
0 0 284.748776
0 0 347.841162500003
0 0 339.793706250001
0 0 270.213445
0 0 296.413088499999
0 0 281.66234225
0 0 129.483828000001
0 0 361.900339249999
0 0 205.20651625
0 0 215.19307525
0 0 358.450456999999
0 0 322.910696250002
0 0 234.13161025
0 0 266.132906499996
0 0 241.922244500003
0 0 239.591773249999
0 0 299.529500500001
0 0 237.444529999999
0 0 296.222540499998
0 0 141.36573125
0 0 450.682724500001
0 0 275.345336499998
0 0 192.89792425
0 0 217.890625000002
0 0 194.186164499999
0 0 192.30396425
0 0 307.669356249999
0 0 194.354412500002
0 0 329.474070499998
0 0 325.278409000001
0 0 315.894668499997
0 0 305.4043045
0 0 375.059818250001
0 0 174.133001249999
0 0 259.971374250001
0 0 339.02655025
0 0 288.14099625
0 0 202.142042000002
0 0 223.6459525
0 0 308.22519825
0 0 253.525233999999
0 0 290.6975385
0 0 203.664929000001
0 0 188.56816325
0 0 249.500185000003
0 0 171.329523249998
0 0 147.675664999997
0 0 313.097248249999
0 0 318.86596625
0 0 216.96225625
0 0 318.493087250001
0 0 145.140010000001
0 0 174.9789625
0 0 164.8112945
0 0 389.665289000001
0 0 257.382452499998
0 0 264.203953000003
0 0 306.124504999998
0 0 223.19975025
0 0 334.2901465
0 0 232.300126250004
0 0 358.679362249999
0 0 311.019232500001
0 0 299.584922000003
0 0 337.894467249999
0 0 216.146623250001
0 0 216.459018
0 0 235.37202525
0 0 177.493099250001
0 0 116.450065250001
0 0 266.860850000001
0 0 402.769041250001
0 0 124.836113000001
0 0 260.915797000001
0 0 230.852045
0 0 199.432772499999
0 0 184.729351249998
0 0 275.99225
0 0 263.532114250001
0 0 196.751886499998
0 0 358.276753
0 0 266.171210499997
0 0 115.324047250001
0 0 201.156552
0 0 279.799743249999
0 0 243.096704500002
0 0 123.667921250001
0 0 119.614538250001
0 0 253.74468325
0 0 258.92857325
0 0 327.700282500001
0 0 199.129570249999
0 0 245.35110125
0 0 223.88737025
0 0 181.58979425
0 0 175.946008250001
0 0 192.068248499999
0 0 248.424280249998
0 0 281.822352500002
0 0 258.209359999999
0 0 310.348112000001
0 0 301.405493249999
0 0 321.298801000001
0 0 244.889883250001
0 0 206.375131249998
0 0 193.722655999999
0 0 258.630518499998
0 0 265.070787249997
0 0 329.471683249998
0 0 148.237105
0 0 258.233716000001
0 0 276.526865000002
0 0 254.849571249998
0 0 233.125114000001
0 0 433.2868
0 0 184.80175425
0 0 221.40997625
0 0 155.100756499999
0 0 253.003876250001
0 0 336.12184125
0 0 165.139108999999
0 0 193.502077250001
0 0 465.785718500001
0 0 187.793762000002
0 0 174.844685
0 0 135.87303925
0 0 121.247482500001
0 0 300.939993249999
0 0 269.095976500001
0 0 280.583309
0 0 196.6761925
0 0 178.89346025
0 0 279.355392499999
0 0 231.115788499999
0 0 288.45721125
0 0 261.420734249999
0 0 365.482681250001
0 0 270.09029725
0 0 343.731460249999
0 0 144.120712000001
0 0 157.58782225
0 0 138.080969
0 0 272.910550250002
0 0 191.8568425
0 0 275.60270725
0 0 191.611856250001
0 0 375.812069000001
0 0 266.451703250001
0 0 219.294829
0 0 232.541236
0 0 229.40633425
0 0 171.981012250001
0 0 171.543062499998
0 0 453.005403250001
0 0 327.166177
0 0 101.680236500001
0 0 96.99451425
0 0 233.932614500003
0 0 225.318720249999
0 0 221.1836105
0 0 288.888581250002
0 0 362.599296250001
0 0 297.570381249998
0 0 212.231016
0 0 237.556988499999
0 0 220.702544500001
0 0 328.374096500001
0 0 115.609729
0 0 237.565336500001
0 0 474.5901745
0 0 200.693331249999
0 0 321.87963025
0 0 359.114125000001
0 0 274.567628249999
0 0 256.75271725
0 0 218.135382250001
0 0 290.76705125
0 0 257.6816325
0 0 124.72806625
0 0 229.920630249999
0 0 363.18025525
0 0 345.323656250001
0 0 195.98009425
0 0 204.369685000002
0 0 257.585904999999
0 0 384.433676499999
0 0 121.337501
0 0 329.68159925
0 0 275.657442250001
0 0 275.237269249999
0 0 274.631834250001
0 0 246.9140605
0 0 232.972188249999
0 0 243.809109
0 0 233.394567249998
0 0 151.969857999999
0 0 236.565331999999
0 0 321.2164345
0 0 346.907437
0 0 219.8522365
0 0 360.19636
0 0 233.314590499999
0 0 199.17788725
0 0 271.03171225
0 0 166.678851250002
0 0 278.522031249998
0 0 203.0786365
0 0 201.380442250001
0 0 346.78640125
0 0 293.81136525
0 0 194.26576725
0 0 259.780396250001
0 0 267.393354499999
0 0 360.945796000001
0 0 233.06053
0 0 456.442382499999
0 0 243.9142025
0 0 231.70383925
0 0 358.950664249999
0 0 108.352757
0 0 256.403801
0 0 242.060962249999
0 0 310.1345
0 0 310.382868250001
0 0 309.663217249999
0 0 199.940305000001
0 0 376.422446250002
0 0 326.680341249999
0 0 204.845478499998
0 0 239.759359249998
0 0 277.984286500002
0 0 194.258281999999
0 0 246.094108999997
0 0 258.47063125
0 0 137.54098525
0 0 447.902083250003
0 0 312.425101
0 0 185.507263249998
0 0 356.660476249999
0 0 242.157746
0 0 138.225093250002
0 0 259.393677250003
0 0 200.17797325
0 0 241.304556250001
0 0 353.12186225
0 0 162.99278125
0 0 452.927504500003
0 0 373.285458500002
0 0 383.655681250001
0 0 233.206249999999
0 0 469.143150500003
0 0 154.822176499999
0 0 199.749018250001
0 0 292.77719125
0 0 299.655783250001
0 0 310.831981000001
0 0 224.006647249999
0 0 176.224519999998
0 0 356.639901250001
0 0 378.095376499999
0 0 190.721196249999
0 0 214.6239065
0 0 314.673272500002
0 0 376.056200000001
0 0 283.434245
0 0 235.4852785
0 0 452.070580249999
0 0 268.53621925
0 0 371.227921999998
0 0 274.7845745
1 106.303044250001 116.506562811711
1 134.16905025 135.136907559269
1 153.272786000001 177.588835057976
1 209.230021249999 345.16380284248
1 213.896905 254.017263465457
1 221.234331249999 275.351540798616
1 230.934805000001 282.030712509009
1 231.2443985 357.876182484522
1 233.8319125 258.256777619957
1 234.776406500001 285.418310754799
1 235.99116125 295.488766664845
1 238.7124325 343.681272195843
1 240.07710025 328.563416717622
1 243.77262325 252.86754492733
1 246.9659265 310.00808124942
1 249.994592500001 383.65986872039
1 250.180914250001 319.578769645163
1 252.63861125 327.016275542192
1 253.812495250001 341.69916138399
1 255.153561999997 308.395367703905
1 258.444101000001 514.761231903268
1 259.00038125 341.787758317084
1 259.13209625 280.821751529236
1 259.619716000001 384.460685270938
1 259.788274249999 515.788525116605
1 261.127252000001 281.679544361534
1 261.732912500001 287.499354370922
1 261.935480250001 596.996544096019
1 268.037161250002 305.537711225241
1 268.616362499999 322.099242825415
1 269.598592249997 293.95446250388
1 273.462182499998 275.087929190668
1 273.819043250001 383.142135230899
1 274.389284000002 353.461075540859
1 274.783746250001 448.59640089066
1 275.58343525 470.895042020772
1 276.769732499999 384.851519953974
1 277.65029125 281.43648049626
1 278.19270025 427.384072666643
1 278.777 344.239513102907
1 279.828049249998 316.399579711007
1 280.714082499999 318.814123661254
1 282.25361 449.180201719344
1 282.570990500002 597.694581909324
1 282.983620999999 472.182801162563
1 283.179006500002 345.634121171464
1 283.28082525 314.13558011261
1 283.56481 303.010680115907
1 284.317188499997 425.247642640682
1 284.62352 358.466447446252
1 286.828400499999 335.802898544958
1 286.90221025 295.111112086799
1 287.69013425 335.858047614965
1 288.933005 366.35775376927
1 290.173347249999 342.830583319156
1 290.312606249999 338.074094052276
1 291.283676499999 317.789589080568
1 292.242788499997 319.253999923679
1 292.549137250001 401.669436976633
1 292.796046500002 375.721409109781
1 293.589940249999 306.056438645885
1 293.790541249998 402.046788788608
1 295.724497 514.509694461705
1 297.4977545 303.15292853018
1 297.682729000002 372.186004461442
1 297.715225 357.123183426351
1 297.819479250001 352.652473061231
1 298.7010925 304.704250653425
1 299.616458499999 450.54417008744
1 300.35646225 368.7468039003
1 300.4223725 346.438030965511
1 302.123586500001 578.831558215375
1 302.314412249999 436.814373060147
1 302.977621250001 354.08846290107
1 303.688541 430.949793786963
1 303.903324500001 346.380054018161
1 305.162146249998 341.75816152803
1 305.4995225 441.766947605674
1 305.5735085 526.65550113775
1 307.396083250001 363.080625082605
1 307.671876000002 326.316749463481
1 310.397288000001 721.277220405694
1 311.20428725 451.193294529622
1 311.695696999999 541.825018469024
1 314.590238499999 432.644753672175
1 315.215072500002 471.559748648149
1 315.57622325 360.035769824485
1 316.744000000002 319.281185374071
1 317.238572500001 330.035384287598
1 317.300353000001 335.391331659708
1 317.317117000002 847.544337703443
1 317.921456499997 326.02083001585
1 317.95025 464.399319926501
1 318.515366250001 439.893155117346
1 319.101958250001 444.198775532925
1 320.28934225 325.511529277093
1 321.514794499998 399.713586671854
1 322.615632999999 627.389882947941
1 322.934151249999 359.525473622262
1 323.192232250001 355.358282157271
1 323.543485 337.963594382301
1 323.584999999999 474.913582257732
1 323.9985125 907.939832981721
1 325.456107249996 473.685126719591
1 326.08698125 330.779368320089
1 326.09827025 451.306608222824
1 326.314531999997 346.012739186365
1 327.245851249997 524.209674765815
1 329.302659249997 444.564037198537
1 329.789281000001 473.474718559853
1 329.976684500001 329.985571468278
1 330.29844125 729.826216478078
1 330.648806499998 381.854907804382
1 331.305995250001 336.962922173004
1 332.026436250004 417.543321366965
1 332.383612999998 611.719595138734
1 332.58751825 382.648067050566
1 332.874634249999 378.747849686394
1 332.9583725 414.639454416704
1 333.113793999999 597.478377239131
1 333.118824999998 370.31895789113
1 333.656954499999 347.222562104412
1 335.021122000001 411.491116196881
1 336.047636000001 344.250676736913
1 336.609359999997 360.576387146935
1 336.643920500001 486.925253786405
1 337.823799250003 636.383616944075
1 338.09140825 381.558579231097
1 338.97614725 676.80918026764
1 339.26824025 738.409760258385
1 339.783690249998 499.675598361444
1 340.039008499999 458.495613927862
1 340.26258125 592.272515548216
1 341.127858250003 657.067739484944
1 341.15231125 344.088776969255
1 341.537364499998 480.845417837511
1 341.674782500002 388.298850654707
1 341.992602499998 540.50363448322
1 342.272353999998 500.302109394616
1 342.66578125 428.784698315194
1 342.782169999999 584.039038578346
1 342.8157925 374.129009445606
1 342.824309000002 539.133627789453
1 343.352902500001 413.932096294133
1 343.60081625 666.794605363174
1 344.258858249996 412.716281950484
1 344.3545925 421.61428191479
1 344.67162925 559.944584418632
1 344.837053249997 396.137837560646
1 345.330864500001 392.504324541804
1 345.8987305 603.049588113525
1 345.9808125 377.297941859766
1 345.996256249998 457.555205561864
1 346.873698250001 361.116150275793
1 346.916192499998 502.277904364582
1 348.589424500001 654.931062353754
1 349.039117249998 531.356466256854
1 349.121243249998 555.941658515285
1 349.124350250002 647.145362589412
1 350.17917925 351.394156246685
1 350.5846385 545.862024844213
1 351.846986000001 440.779842789166
1 352.226877250001 468.402668168082
1 352.75671925 437.091634434343
1 352.82274625 386.661836766132
1 353.051911249998 662.781639691657
1 353.171837249997 634.136030833555
1 353.24040025 385.222000179943
1 353.371050500002 455.887490476253
1 354.316486500004 380.363970851614
1 355.514408 1000.35703304224
1 355.689316999998 604.172484300346
1 357.44338125 724.768615955346
1 358.41380625 822.235050691424
1 358.4401245 424.242149600247
1 358.545928499999 395.572674275114
1 358.7332745 360.109968591452
1 359.03181625 380.877758620995
1 359.146512500001 431.44287284129
1 360.255297250002 529.916089955131
1 360.325471249998 489.157090174613
1 360.326631249999 432.5500808336
1 360.36860225 383.030204677456
1 361.2718645 558.575083524822
1 361.526924500001 996.469350017397
1 362.354850500001 391.549787384415
1 362.382769249999 515.620761342333
1 362.892666249999 497.075907295012
1 363.240004999997 394.572441538303
1 363.680563250001 422.797723468939
1 364.138902250001 465.879557044038
1 364.192273 365.812624130412
1 364.197508249999 676.295789960178
1 365.4710765 404.498337496967
1 366.194786 392.09491191038
1 366.645856250001 399.181148834546
1 366.912577999999 465.4673904875
1 367.739650000001 496.414918519233
1 367.767456250001 405.74774457515
1 368.281393249999 531.447798148338
1 368.369667250001 393.736052334355
1 369.210861000001 517.539650026415
1 370.353074500003 370.435665535414
1 370.565204499999 665.489260799242
1 371.001233250001 500.685077197121
1 371.21700625 587.349119335646
1 371.53442925 764.783351044245
1 371.90637325 444.554609503969
1 373.225665250001 671.134218284003
1 373.616264250003 431.901240688021
1 373.680104499997 509.73910479699
1 373.69331425 374.05226501878
1 374.121449000001 404.182879658308
1 374.86237 379.020484295818
1 375.100144250003 412.804346339941
1 375.810889999998 404.756969824239
1 375.906166249997 472.625145292497
1 376.226055249998 384.872846988991
1 376.471468250001 384.432785196894
1 376.836177250001 458.745087895605
1 377.030138000002 563.692640168024
1 377.089065999999 478.762053621281
1 377.563781250001 489.101914933844
1 377.582692499994 380.053631612357
1 378.377186500002 471.449589452559
1 379.43237125 474.204471952784
1 379.714242499999 390.259013378613
1 380.345080249997 404.143795099255
1 380.431345000001 410.724337686918
1 381.6466 400.081198902364
1 381.964916000003 466.397841568237
1 382.715140249999 598.178647644853
1 383.040297250001 628.397826098533
1 384.438937999999 535.407609700771
1 384.938416250001 391.943886780871
1 385.060724499998 623.987530454936
1 385.094072500001 655.135257408078
1 385.098237 509.270462871538
1 387.28748125 419.321369243175
1 387.53924725 451.309401231729
1 388.160080999999 598.484201844465
1 388.395246500003 483.932273769401
1 388.679206249998 492.906953917643
1 389.261382500003 874.528056884568
1 389.707265000001 426.506897440345
1 390.079755249999 481.106205721616
1 390.248904250002 466.66359925134
1 390.477352499999 449.127360414992
1 390.526954 447.394790370578
1 391.209484250001 508.799140051316
1 391.223031249998 889.497626690463
1 392.986254249999 477.288307874328
1 393.082962500001 580.81701540428
1 393.135026500001 403.634666819051
1 393.137726499995 407.281384992297
1 394.46731025 713.945315571141
1 395.663585000002 633.623864539616
1 397.169013250001 463.660775965301
1 397.306190499999 532.969455123037
1 397.39711925 643.707668723718
1 397.492474249999 483.48551127766
1 397.646959249998 435.052355847374
1 397.929548249998 429.970274174619
1 398.443350500001 530.024059830691
1 398.763038249998 629.232820057656
1 399.50830625 446.393664123294
1 399.68680625 427.589158151217
1 400.286113000002 437.376905141897
1 400.322108499999 623.184766443832
1 400.613910249998 544.122638843785
1 400.971729999999 427.599771098032
1 401.31903425 495.997677593571
1 402.796326499999 475.925483757144
1 402.92685425 411.41757417007
1 403.102181000001 404.94302952225
1 403.279431249998 659.511372007634
1 403.763530249999 483.375912529536
1 404.083192249999 442.535177082988
1 404.406616500002 444.739109317095
1 404.553645000001 465.364611666805
1 406.001178249999 520.890578861743
1 406.791625249998 634.142521653505
1 407.648109250003 688.176359497678
1 407.912101000001 477.216966146505
1 407.956693249998 407.959781366601
1 408.24605 630.765394108287
1 409.38609125 423.686238188117
1 409.729206500001 425.150735944351
1 409.801534250001 629.738275698473
1 409.862582499995 540.315991062677
1 412.103604999997 497.640109093692
1 412.38073825 601.713231188349
1 412.438966250003 504.192856525114
1 412.927725250002 658.306879323309
1 413.464325000001 550.509427594264
1 414.405541250001 474.487297829093
1 415.00734725 451.831131816123
1 415.085043250001 861.16147574588
1 415.332008500002 596.743776748265
1 415.736831249999 486.751384655347
1 415.805292500003 553.447914858623
1 417.334452249998 419.162734113744
1 417.5640725 424.785135951998
1 418.017966250004 594.46663246741
1 418.10311925 585.882734025628
1 418.223518249999 494.711290688362
1 418.50417325 612.72017585247
1 419.67828125 534.040673981576
1 419.7358145 530.806827450994
1 419.749429250001 442.394596186155
1 419.844520250001 452.627724750415
1 419.962412499999 467.943621275997
1 420.30041125 545.897210372298
1 420.77662625 467.648835308423
1 421.642707249999 481.716445834185
1 422.524765000001 597.050748737053
1 422.676216249999 561.475560841285
1 422.846525000001 434.426752576913
1 422.898405249999 423.792550705904
1 423.20764625 456.754758191503
1 423.380796250001 607.435405389622
1 423.91345 799.130065312481
1 424.2120005 472.649718177076
1 424.647699250002 449.893137004796
1 425.9794285 505.042363197023
1 425.998669000003 447.515619872102
1 426.100906249995 572.433793156088
1 426.4159565 468.382152158841
1 426.662043249996 426.859081765333
1 427.590022250003 508.321632070779
1 427.7488625 746.357557722262
1 428.265223999999 428.266631654215
1 428.337544999996 445.593024913318
1 428.501964250001 501.818731151958
1 428.561546499998 597.943188556709
1 428.738001250006 435.137433453991
1 429.987886250001 554.701083419481
1 430.034618249996 455.721399644549
1 430.343245000001 454.001498074241
1 430.897478499999 468.094511252919
1 431.868600499998 509.378082723166
1 432.382817000004 581.389173324041
1 432.975250000005 433.612876144679
1 433.090314499999 440.254433436784
1 433.150168249998 464.689075400663
1 433.1653625 442.362881227599
1 434.33506225 557.6622692762
1 435.122644999998 469.247705352054
1 435.355226499991 461.697854818037
1 436.205125000001 535.54264386215
1 436.620474 471.039637918378
1 436.628416500002 520.451890190677
1 436.918896500001 445.639925772911
1 437.173218 459.607682740126
1 437.479308999999 449.675498147884
1 437.5582705 546.846071079561
1 438.733354250002 525.869203092655
1 439.740912500001 847.871625936693
1 440.386777999999 519.231278412018
1 440.417408000002 442.019171735805
1 441.340280999997 497.935127693338
1 441.4794385 571.181498218081
1 441.772578250001 494.824669856031
1 442.428360249998 561.253865301355
1 443.476277000001 604.711701459843
1 445.322706249996 636.857340332449
1 447.92615825 492.369459515054
1 448.289636500003 753.188366376395
1 448.434904999999 629.121935725078
1 449.1808865 620.855172490975
1 449.77527325 522.231210999261
1 450.760369249999 496.319992519177
1 450.902648499999 451.359818257649
1 451.663078250002 456.723335860057
1 451.663501250001 500.980190115229
1 452.372055249999 573.431608132104
1 452.741698250002 476.584370386101
1 453.845833250002 544.612633205713
1 454.278114249998 524.012437461693
1 454.930652499999 497.155531782957
1 455.092906249997 605.814556662806
1 456.0781165 560.457604322301
1 456.167325249999 556.459199734374
1 456.36786725 564.899123022746
1 456.494789250001 503.512164386974
1 456.666346250001 457.796294344381
1 456.731740999999 488.352647202786
1 456.989404999999 460.990600311236
1 457.460263249998 469.403462209453
1 458.022612499998 718.547194283499
1 458.583578500001 674.257805454558
1 458.634304000003 527.103503341676
1 458.80012525 521.067783127705
1 459.014416250004 865.184325762946
1 460.343079999994 500.567956648861
1 460.50443525 484.814450418511
1 460.530116500001 528.016146193823
1 460.62753325 517.681311402082
1 460.922483249999 465.210168767648
1 461.650183999998 688.176751509191
1 463.125032500001 759.18817797381
1 463.90499125 571.612973129166
1 464.007404250003 496.220535189793
1 464.931352249998 465.533399374523
1 465.557098 681.022058080238
1 465.913326250003 506.434930949217
1 466.613311249999 466.757575087698
1 466.772035999999 624.361273310708
1 470.881609249998 628.293564659679
1 470.916925 609.845347532971
1 471.182801 501.154140581578
1 472.43409525 605.449670119753
1 473.119306250001 598.550158167578
1 473.150294500004 715.861383170098
1 473.364328500001 503.92814564032
1 474.843356500001 503.690762536473
1 474.910159999999 592.329022180438
1 475.646772249999 525.856668970298
1 476.432553999999 518.733284328584
1 476.531028999998 577.260283599907
1 477.976008250007 541.509895499896
1 478.451546000002 577.15968881032
1 479.216286249999 615.655679577157
1 480.310841250001 564.742920659806
1 480.708490000001 481.783870860192
1 480.99562925 543.43026318441
1 481.7758345 534.179596582065
1 481.821028000003 554.058987545851
1 483.067602500002 488.475593518878
1 483.290118249999 682.286215562094
1 483.75745925 572.510081668974
1 485.583048250002 544.065401375403
1 486.444264500002 542.899491184659
1 487.109429000001 488.147469383697
1 487.793053249999 589.14691277526
1 488.593584999997 765.674534264696
1 489.063318499996 489.424704915898
1 489.572005249999 537.475545817769
1 491.908711999999 491.917818080682
1 492.441828249998 495.270450986111
1 493.14897 661.865452135124
1 495.7649505 814.410562505923
1 496.410516249998 554.96023740586
1 497.41158125 707.287986993196
1 498.436767999999 504.480496314681
1 500.025542500003 581.706472254922
1 501.357769250003 559.014255875528
1 502.87884125 531.489618163738
1 503.421669249997 537.578117957763
1 504.253949000001 718.211322836382
1 504.478210000003 504.924977941961
1 504.994764250001 799.192709401958
1 505.507622499999 592.900781728084
1 505.732344250002 509.400849876034
1 505.978948249998 620.180150327641
1 506.229742250001 595.263848197383
1 506.611728999999 531.784826667369
1 506.69797 517.941335783224
1 506.970662499998 651.229594378701
1 507.192898000002 589.546185181875
1 507.906063250002 530.555694747871
1 509.210148250001 544.631473213621
1 510.403165 522.232500216292
1 510.706956999998 562.545890462785
1 510.836768000002 574.509415219056
1 512.04273125 619.827676036691
1 512.157265000003 547.675947224588
1 513.1298385 525.807337392217
1 513.441985999997 634.447593702848
1 513.92030525 516.871811094709
1 514.87877025 525.21084210625
1 515.296575250001 1202.76199589678
1 517.1370845 587.150896009827
1 517.522524999996 637.106309671856
1 517.912087249997 570.469242787723
1 517.93453125 533.587118926152
1 518.012958499999 795.369531453284
1 518.590428249999 626.730621851488
1 518.89137625 617.024562562907
1 519.789431250002 555.331851634296
1 519.993552999999 530.88001263878
1 521.585661249998 576.759406819574
1 522.506489000001 523.313058970592
1 524.815482499999 581.536359059147
1 525.391094499996 527.772510583507
1 525.516574500003 535.034567177859
1 529.024502500002 884.238395013967
1 529.304194249998 829.903492162503
1 529.68610825 577.188365350935
1 533.67705625 541.292273133316
1 534.064700499998 561.968046992748
1 534.255836499999 536.046950944182
1 535.2473205 553.123602124646
1 535.720729999999 539.440787336959
1 537.292300499999 734.477776820278
1 537.530865999995 538.369585875939
1 537.53824925 636.142537175145
1 538.69980125 765.257301822107
1 538.814608250002 575.167169286337
1 541.351192500001 542.475920668942
1 541.754031250001 546.608003471464
1 541.929425 685.533418179038
1 542.071982250002 763.682718691682
1 542.165619999999 566.965786126262
1 543.72946725 543.833021160896
1 545.018632999998 710.413498235652
1 545.45887625 842.699099296959
1 548.314409249997 562.43658868838
1 548.976586249998 551.838416487158
1 549.99723725 557.303238759291
1 550.25252825 595.188101361937
1 550.337308249998 613.919775627882
1 550.946196250001 692.965975028906
1 551.63438425 559.127843555331
1 553.089535999999 553.537452864212
1 553.642104250003 698.733391530482
1 553.96659125 854.494144108211
1 554.373832499997 619.392300922289
1 554.597578249999 554.73748569584
1 555.137688999997 556.455504917079
1 555.44008 673.245614076605
1 555.828363250001 577.498050184002
1 557.47383025 609.585820880961
1 557.748961249997 563.92010790579
1 560.322126250001 568.731595338158
1 565.158649999999 600.698237515527
1 565.4348465 602.982393348065
1 566.902027249998 675.494317888854
1 572.995660250003 573.020066142369
1 573.21093125 594.29466795169
1 573.4306805 849.007452956977
1 578.81660425 658.853489764375
1 579.18602125 579.239976237499
1 580.189356500001 923.535643191261
1 580.428334249998 617.731393054506
1 581.684326249995 628.267457178569
1 582.089950250003 594.976073854091
1 583.374668500001 583.378750482568
1 583.697928250001 599.15777977162
1 586.094479999998 589.191372346589
1 587.938071249999 616.842317967319
1 588.109548999996 643.466675679717
1 588.52086325 732.3385299355
1 589.479438499999 599.12685322608
1 589.623582250001 589.623801091895
1 589.915096250002 593.268311981399
1 591.194952499995 653.915663902712
1 593.136698499999 700.759944218698
1 593.754637249999 619.187411469293
1 593.849312499999 594.276231525208
1 596.401812249998 604.057172524719
1 596.614817 610.25912253793
1 600.614661249997 617.118636351235
1 601.789599999999 650.19730815342
1 601.85273825 612.392997278724
1 603.095938249998 606.737001921016
1 603.577046249999 806.85856532037
1 604.057612499998 608.237369890672
1 605.444844249999 640.172778186752
1 607.19203025 612.265449100449
1 608.041905249998 619.214110184989
1 608.073528249999 648.598249269557
1 608.576913000001 650.598155685869
1 610.943808499998 611.350787850216
1 612.951345000003 620.065006341434
1 613.741638250001 765.575530360711
1 614.74525825 617.463999085315
1 615.926420999998 703.445232576435
1 616.461762500001 627.32058964371
1 617.069628500001 617.191436633357
1 620.460607999999 620.463784568791
1 621.840771250002 622.995950283989
1 622.8507025 622.850716073012
1 624.6326745 917.092883267749
1 624.826752499999 640.78624862922
1 625.791109250001 677.152964224621
1 627.2778565 791.355854660339
1 627.467905000001 757.661221791746
1 629.4258 655.711375680568
1 629.619454250001 633.707951008443
1 631.420701250001 659.648505830014
1 632.506925250002 682.556750350428
1 634.926625000001 676.961777535484
1 637.528645 637.949116677581
1 638.857825 707.996830582024
1 641.78476625 646.946163934904
1 643.3845185 647.936104110053
1 643.91478125 677.25997256497
1 646.571022499999 676.238139200141
1 647.6508125 653.527984333606
1 647.948672499997 673.721898611782
1 651.90104125 682.45144681396
1 652.519330249999 683.118530392885
1 653.59179425 658.903700441745
1 653.999876500001 742.406131035733
1 654.725446249998 697.686943061111
1 655.491140999996 689.376495813471
1 655.757492 695.7960272405
1 659.187546249998 713.150817246875
1 659.658188500005 659.915712201591
1 662.453658250003 665.442551826506
1 662.675413249997 666.885124949903
1 663.003993249999 710.295854061341
1 663.848790500002 669.141993745826
1 664.016390500003 691.239760146438
1 667.547202500001 672.560081899242
1 668.394904250002 749.073021275187
1 675.223525000004 675.929219650909
1 675.436416249999 684.020851918506
1 692.9189485 897.217547870707
1 694.670713249999 701.855702654559
1 701.467897249999 727.796067384721
1 702.215044249996 703.532966192239
1 704.928842499999 742.686130447753
1 708.48640625 711.164477811038
1 716.1319225 724.790448706305
1 723.301110249996 827.54485728277
1 725.368121000001 745.294876383033
1 759.14398925 789.823338340943
1 764.506194500005 847.119638939163
1 764.926936999998 839.043264614685
1 783.822739999999 821.619694651063
1 790.1102285 811.055310281822
1 790.879435249999 1231.92478116342
1 798.197194250004 802.051080661877
1 819.855250000004 824.847886946742
1 823.654164999999 941.986446484123
1 835.119156500003 843.216426112926
1 841.143896500001 862.141133835735
1 849.736285000003 858.014759459677
1 863.623976000001 863.658320910449
1 875.584885250001 905.654610045062
1 881.113570000001 903.839084296696
1 994.996648000002 999.407800783313
1 1014.0641705 1015.06914049071
1 1139.21175325 1139.25432217897
