0 0 Inf
0 0 325.621657000001
0 0 484.321702499998
0 0 411.680677249998
0 0 376.461679250001
0 0 257.410165
0 0 343.121178500002
0 0 382.732836250002
0 0 527.347876250001
0 0 442.175920250001
0 0 334.576449
0 0 372.453493000001
0 0 441.881936499998
0 0 411.97899125
0 0 418.019040500002
0 0 358.011781249998
0 0 395.653294249996
0 0 422.07877225
0 0 449.243222499999
0 0 452.182812499999
0 0 413.686569250003
0 0 342.823563249997
0 0 431.281768249997
0 0 322.475107999999
0 0 346.369561249998
0 0 360.91225525
0 0 433.01402125
0 0 436.1568965
0 0 412.659040249999
0 0 319.777092500001
0 0 428.000929250001
0 0 394.103011999998
0 0 342.243480500001
0 0 345.907442499999
0 0 377.875227250001
0 0 404.437331249999
0 0 341.464177
0 0 185.789672499999
0 0 376.788882499999
0 0 452.364780499998
0 0 363.3644005
0 0 419.219772499997
0 0 470.153377250003
0 0 424.448052499997
0 0 359.961472250001
0 0 413.765585000004
0 0 409.4883425
0 0 385.458192250001
0 0 314.39258825
0 0 207.879477249999
0 0 315.110217249998
0 0 514.791536500002
0 0 227.794924999999
0 0 223.11142025
0 0 283.96848325
0 0 367.135531249999
0 0 358.018144249997
0 0 359.829011250003
0 0 357.581281000001
0 0 474.754746500001
0 0 395.296274499999
0 0 383.00440225
0 0 435.306961
0 0 420.018258249999
0 0 381.392500249999
0 0 371.90415025
0 0 496.383531250001
0 0 292.06095025
0 0 504.675303249996
0 0 229.246497249999
0 0 343.77040825
0 0 490.163777000002
0 0 384.7263625
0 0 297.258401250003
0 0 385.691505999999
0 0 404.376231250002
0 0 326.673150249999
0 0 383.344094249998
0 0 259.462581249996
0 0 191.743796000002
0 0 312.929850500001
0 0 265.651202000001
0 0 385.246537
0 0 376.027769
0 0 354.329408250001
0 0 499.304429
0 0 414.989471250001
0 0 241.446025999996
0 0 494.007859999997
0 0 354.085502500001
0 0 427.24191025
0 0 376.447790499998
0 0 479.601796249996
0 0 325.48935325
0 0 240.4974505
0 0 413.757522000001
0 0 237.626552499999
0 0 413.588239999999
0 0 424.605794000002
0 0 473.403546249996
0 0 323.875068249999
0 0 469.753375250003
0 0 342.665088999999
0 0 410.195304999997
0 0 438.492222500003
0 0 411.551416250001
0 0 410.061406249996
0 0 351.32364425
0 0 339.205226
0 0 230.531985
0 0 598.249381
0 0 533.1069805
0 0 324.763629250001
0 0 522.314397250002
0 0 344.151291250001
0 0 522.65880425
0 0 350.86305125
0 0 471.426708249998
0 0 408.123554
0 0 338.653245250001
0 0 414.254743249999
0 0 466.118209250001
0 0 348.761464250003
0 0 383.716999250002
0 0 385.594262500001
0 0 179.922052
0 0 596.7339425
0 0 325.3025185
0 0 497.708479249999
0 0 345.65144125
0 0 327.581040999999
0 0 360.561325
0 0 397.205360499999
0 0 496.717839250001
0 0 431.60848225
0 0 321.868462500001
0 0 296.32579425
0 0 356.571558249998
0 0 249.61323725
0 0 503.406114249999
0 0 304.73797625
0 0 465.78431525
0 0 664.423978250001
0 0 336.650320000001
0 0 262.099425250001
0 0 376.408661000001
0 0 330.2092285
0 0 441.688543250001
0 0 352.135456999999
0 0 394.588445
0 0 337.449814250004
0 0 549.927751249999
0 0 459.485943249999
0 0 337.941540250001
0 0 524.143842499997
0 0 241.34270425
0 0 426.05904125
0 0 313.149492499999
0 0 277.9310045
0 0 330.968392000002
0 0 295.996322499999
0 0 417.102046249994
0 0 413.893131250004
0 0 316.781061249999
0 0 518.754004000002
0 0 443.93661325
0 0 495.397771250003
0 0 276.3505845
0 0 234.361000249999
0 0 266.989385
0 0 86.3241512499994
0 0 315.228981249999
0 0 257.48378125
0 0 154.488682
0 0 334.27567025
0 0 717.749682500003
0 0 388.044453250001
0 0 359.699746250002
0 0 419.580099249999
0 0 369.350828999999
0 0 440.78080925
0 0 122.11186825
0 0 316.101540249998
0 0 369.264492249997
0 0 397.30662625
0 0 258.84546025
0 0 311.764456249998
0 0 397.858261250002
0 0 377.419072500005
0 0 429.965721250001
0 0 280.012182499998
0 0 421.930510250003
0 0 481.000000000001
0 0 385.261849999999
0 0 287.35919825
0 0 335.900042000001
0 0 403.532301249995
0 0 402.460258250001
0 0 430.069900250002
0 0 134.329885
0 0 260.97687425
0 0 487.455376249998
0 0 337.2082625
0 0 436.757394250001
0 0 335.18753425
0 0 295.11466625
0 0 463.597072250001
0 0 200.155399249999
0 0 347.170754249997
0 0 297.06379925
0 0 413.300330000001
0 0 259.53913625
0 0 315.541396250002
0 0 269.14723425
0 0 357.632021
0 0 297.724819999998
0 0 314.435914249999
0 0 350.892720250001
0 0 309.777458000001
0 0 372.75389125
0 0 545.284435250002
0 0 230.926614249997
0 0 342.74535625
0 0 335.128936250001
0 0 254.73317125
0 0 550.882845249999
0 0 513.339892000001
0 0 386.93258
0 0 324.5129325
0 0 356.189649999998
0 0 241.9499945
0 0 229.596226250002
0 0 282.249219250002
0 0 540.318561249999
0 0 415.034056000002
0 0 269.529724249999
0 0 218.771264000001
0 0 291.1207165
0 0 338.116464999997
0 0 368.176218500002
0 0 249.198209000001
0 0 332.652518499996
0 0 186.091174249999
0 0 302.415088500002
0 0 464.98821925
0 0 444.064196000003
0 0 346.16443625
0 0 476.292156249998
0 0 217.27974925
0 0 223.22250625
0 0 199.074038500001
0 0 390.09817925
0 0 365.138397
0 0 276.506128
0 0 289.3735205
0 0 384.147374499999
0 0 477.662506250001
0 0 385.5351785
0 0 225.535306250001
0 0 423.7210625
0 0 317.736175250002
0 0 158.95752625
0 0 274.182376
0 0 361.418916249997
0 0 286.884801999999
0 0 491.606966250001
0 0 398.228028250001
0 0 287.272498000001
0 0 179.993806249998
0 0 341.181990499998
0 0 549.708342250005
0 0 436.234381250001
0 0 397.666812500001
0 0 406.63795325
0 0 472.828116500004
0 0 636.111312499995
0 0 269.713457000001
0 0 426.441667999996
0 0 280.500093000001
0 0 212.0547425
0 0 259.29918625
0 0 417.003824250002
0 0 350.42446525
0 0 345.178277
0 0 277.431906249998
0 0 388.336767250002
0 0 285.082802500003
0 0 177.1225625
0 0 492.75375525
0 0 477.238266000003
0 0 301.281657999999
0 0 444.809551249996
0 0 237.791256999999
0 0 316.063311999999
0 0 166.47786025
0 0 332.002308249999
0 0 224.66631325
0 0 456.507754249999
0 0 487.352650000001
0 0 379.272730499999
0 0 271.014928999998
0 0 232.555365249999
0 0 245.137556
0 0 384.876384250003
0 0 427.431251250002
0 0 421.253030500001
0 0 372.734116250002
0 0 229.304984500001
0 0 153.744131249999
0 0 448.382618000001
0 0 604.185570250002
0 0 406.181701250003
0 0 369.63353925
0 0 237.1516965
0 0 381.54082625
0 0 469.600810000001
0 0 373.821434499999
0 0 353.9959705
0 0 363.8826945
0 0 274.363880499998
0 0 228.77627425
0 0 317.636832249999
0 0 371.990394
0 0 332.382637249997
0 0 323.314936249998
0 0 563.924060499999
0 0 190.515488000001
0 0 359.421139999999
0 0 185.984556249999
0 0 296.62756625
0 0 233.8873825
0 0 166.980123249998
0 0 329.56875725
0 0 513.473921000003
0 0 409.607252500001
0 0 332.545849250001
0 0 438.974748500001
0 0 356.43649625
0 0 247.538485
0 0 297.440179999998
0 0 450.997249999999
0 0 462.97242025
0 0 490.789467249998
0 0 278.18319625
0 0 106.66363825
0 0 294.846992000001
0 0 431.682436250003
0 0 297.71912025
0 0 308.37114425
0 0 402.8436185
0 0 236.629071999999
0 0 610.873791250008
0 0 285.654720500001
0 0 226.5260625
0 0 269.424202499997
0 0 194.981700499999
0 0 317.18275025
0 0 250.9167005
0 0 296.666384000002
0 0 177.847327250002
0 0 261.128665249999
0 0 376.449446249998
0 0 511.483122
0 0 411.529900999998
0 0 486.05354125
0 0 605.186186499996
0 0 350.312901249999
0 0 230.859031249999
0 0 294.809427249999
0 0 231.32647625
0 0 204.926081000001
0 0 289.498243249999
0 0 292.89362
0 0 437.01006025
0 0 223.56143125
0 0 287.1651425
0 0 518.544421249996
0 0 361.25697425
0 0 198.017858
0 0 657.81804625
0 0 272.006746250001
0 0 192.167137
0 0 307.843290000001
0 0 229.373344999999
0 0 255.16169325
0 0 255.948850000001
0 0 249.906000999998
0 0 243.2823025
0 0 274.415474
0 0 657.096986500001
0 0 300.377841250001
0 0 394.586506
0 0 517.553862500003
0 0 287.607801999998
0 0 579.676130500001
0 0 360.265022499999
0 0 375.443044
0 0 232.95805625
0 0 607.86123625
0 0 223.33784225
0 0 459.606560252503
0 0 284.95591925
1 260.1047305 269.622597594161
1 265.674482 280.992129124152
1 277.44198425 361.6392003952
1 288.53116825 614.739989248781
1 290.21652725 559.629327803257
1 291.628624249999 396.120889527081
1 292.37065625 359.326297732741
1 299.08762 518.225853237647
1 299.58506 418.730302082948
1 302.709226499999 416.26686371715
1 302.90751725 462.991839112938
1 303.8710725 383.985073098902
1 304.36232125 415.80208966478
1 304.505079249999 359.281850418967
1 304.8260485 426.848622806737
1 305.408199999999 387.077086048932
1 308.65457925 374.966538855014
1 309.58074025 336.30859030325
1 314.747604 491.351764880103
1 318.249125 371.584876425922
1 323.360611250001 418.971120287113
1 323.694477 379.528872175165
1 334.536385 351.488480822836
1 335.29441725 388.823776571348
1 342.574312499999 374.58022853409
1 344.405035250001 405.318275219157
1 344.53915625 393.433726141944
1 345.26113225 392.805352088575
1 349.55130625 491.437648608636
1 352.20154925 417.910942785366
1 352.319062500002 405.862290936271
1 357.93224 412.671252871399
1 358.75892125 581.093695036505
1 360.554597000001 413.876618244759
1 363.027771249999 457.12394745253
1 363.371052499999 567.688244899014
1 365.3856025 584.066249682216
1 366.052562 494.353096840525
1 367.305480000001 608.433655150113
1 367.654731249997 937.965595423372
1 371.060612500001 773.434344971091
1 372.3694325 549.287177754373
1 376.266220999999 666.176566093111
1 376.704341 578.453687960725
1 377.78935525 467.078325670009
1 379.798431999996 445.34479266985
1 380.205956499998 386.000828235503
1 381.16513625 394.861070143904
1 381.332536249998 494.835073962759
1 381.617402499999 548.42961322714
1 383.642881250001 604.698498277968
1 384.371769999999 791.764898222532
1 384.968618499999 849.679689608627
1 385.515704249999 701.730613848499
1 386.29260925 468.05400599812
1 387.11626225 435.936798881948
1 387.552758499998 437.922627566675
1 388.40072125 532.590059891264
1 390.509073999999 650.449824977186
1 393.38228 425.920082105849
1 394.071792500003 423.686639752206
1 394.52125625 424.562297946011
1 395.210962250001 538.854387100675
1 396.035485000001 776.379070524928
1 397.314463250003 776.03033435853
1 399.199627249998 445.859908028082
1 399.66629725 471.488155519456
1 399.749847250001 818.131720687694
1 402.58909125 511.900219791066
1 403.17284725 434.402170526187
1 403.408008249999 509.408149868452
1 408.153381249999 511.11283114823
1 408.436565000001 620.381294936012
1 408.735876249998 469.371973363886
1 408.896252499998 853.483278708292
1 410.375511249997 546.947681365034
1 410.964021000002 472.981720169353
1 411.19281425 434.19045345964
1 415.308679999999 435.336202543757
1 415.684722500001 653.436216816889
1 420.259468500001 890.932757105449
1 420.45324725 449.502559710472
1 422.568178249999 558.322699187718
1 424.1350125 489.267614850906
1 424.293671249997 940.320830583843
1 424.777410000001 744.728931071646
1 425.458462500002 643.525280681345
1 425.978269250001 465.33358428143
1 426.65829925 477.919270508553
1 426.8332445 509.516876954001
1 426.949056250001 463.64008484099
1 427.69702125 745.619269348676
1 427.98442725 711.964137247192
1 428.8047125 741.509479720525
1 428.865156249999 507.672011668348
1 429.342318249999 557.63901978907
1 430.505896500002 533.016773639192
1 430.640302500002 715.488112900408
1 430.665804999999 486.448620204639
1 430.903235250001 1080.84438431192
1 431.73506225 675.224355167358
1 434.568352000001 665.306632955795
1 434.849962500001 623.260438967415
1 435.593344250003 563.814631705125
1 438.216037250003 689.414167121169
1 438.31397125 465.700072589244
1 438.361299999999 475.636450718793
1 438.787381000003 595.186807686276
1 440.471836249999 706.504281804893
1 441.519596999999 520.622130795022
1 443.653216249998 443.858823412431
1 443.89692125 516.506339231925
1 445.626960500001 566.797380942
1 445.673864249999 744.393006772215
1 445.823312499999 472.408422190465
1 446.191258499999 522.324221037477
1 446.509450000003 637.50884110177
1 446.767094499998 554.520345218834
1 448.464036250001 519.0689478053
1 449.7737905 454.842636929636
1 450.94622425 479.003997357082
1 451.452262499999 726.032490309968
1 453.1448125 494.358501680772
1 454.266722499998 552.160134114252
1 454.31184625 591.496293557667
1 454.6327825 465.001681691874
1 454.64556625 483.414370772186
1 455.69629225 456.665027608041
1 458.211952249999 651.266591849584
1 458.495612499998 526.74815962898
1 460.592068250003 472.44576087278
1 461.321406250003 852.693123600335
1 463.015424500002 509.076778131618
1 463.60058625 857.219767505597
1 464.84067125 540.268913808969
1 468.128473249999 556.161053502234
1 469.033131249998 733.891691211567
1 469.438152500001 713.784962846239
1 469.709362249999 494.642267153742
1 469.80111125 827.390356113585
1 472.14590625 729.596938111085
1 472.782748002499 782.006837913502
1 472.80649225 537.816151301216
1 476.461888250001 610.072477063798
1 477.12842125 700.427131304269
1 477.374591250002 562.598832534094
1 479.013785000002 961.002173875404
1 479.706548000003 530.525230196986
1 480.109169250001 559.056782534287
1 480.300456250003 551.650639527796
1 480.340144250001 602.849681217842
1 480.81430225 555.792262088656
1 481.076025249997 809.750714111339
1 481.699819249998 660.816649029419
1 482.588658249999 493.925255478075
1 483.2429425 545.778852549544
1 483.871476249999 539.809248925088
1 484.148862500001 1053.70775762912
1 486.224781250001 514.954095067439
1 486.379981000001 524.291184790875
1 486.755989000001 757.717523392597
1 487.105088499999 823.792798125335
1 487.311087249998 680.319583502007
1 488.100834 630.94664843747
1 488.23090325 1006.28270128994
1 488.6378545 983.879383972449
1 488.673844249998 949.732035589267
1 489.315466250003 619.531415964039
1 489.816720000001 549.566781128148
1 491.100740500001 605.123419442061
1 491.776493000001 526.719837635627
1 491.869291249997 948.04328051397
1 491.87794 881.054679055877
1 492.009842000002 549.518348398794
1 492.295677249999 616.05846101859
1 492.474241249997 543.37368505903
1 492.91458025 534.559251966028
1 493.869025000001 930.607965267963
1 493.904791250004 563.385130574515
1 494.733842499998 805.505787401689
1 495.12376325 641.599552864184
1 495.199302250002 543.494275651263
1 496.908704499999 549.715580194163
1 498.637479250001 948.768065924549
1 499.403356250003 785.891601029445
1 499.4244425 844.044861777207
1 500.238505000003 809.456134710277
1 500.547960250001 521.806202796185
1 501.916850499999 845.017976688115
1 502.043347250001 541.731845485018
1 502.636890500001 605.524436288979
1 503.298268249999 551.749909450358
1 503.576312500002 684.424053653847
1 505.011904999995 580.013403995835
1 508.489719249997 808.407275243877
1 510.714821000002 851.233601932896
1 511.07833925 1083.32340320329
1 511.1501525 1249.19405467906
1 511.155836500002 706.418791292935
1 512.143700499999 535.422207875811
1 512.263901249997 799.81017197741
1 512.506501 672.241156881415
1 513.631749249998 619.99171079553
1 515.26095925 780.961544195454
1 515.563416250001 1177.53207991283
1 515.906758250001 613.702017662232
1 517.392282499999 630.531204679761
1 518.0280125 749.138415478218
1 518.105249000001 618.908322766896
1 519.504067999999 524.067907678857
1 519.577318249997 561.038345590646
1 520.383642500001 548.957900828201
1 520.742952999999 712.442987205866
1 520.9236805 526.117324437341
1 520.968770499999 874.345556293731
1 521.1500585 533.404140026732
1 521.269121250003 661.529063311752
1 521.314491250001 693.118688149263
1 522.12564125 632.296674171088
1 524.187688000002 827.783472936259
1 526.224049000001 1169.01898272709
1 526.494998249999 1037.39606392972
1 527.312502250001 567.060243096495
1 528.907263249999 689.226550321458
1 531.01307925 555.735470967957
1 531.683181250002 790.024890780736
1 531.93891625 628.934137521046
1 532.362305 900.076874768352
1 532.495028000003 549.972173910119
1 532.568986 534.982444607593
1 532.893043249999 578.287051476723
1 533.142899999999 850.611344792098
1 533.318905999999 970.49611927888
1 533.354432499999 585.002257424366
1 533.639808 805.39822130518
1 535.135156249999 1106.14924575007
1 535.21137625 540.244375225516
1 536.857094249999 634.137122326478
1 538.505226500002 1229.11217598555
1 539.444486500004 805.688261642739
1 540.248941250001 885.967749435166
1 540.571754500001 615.722640761381
1 540.637049250007 877.964503877682
1 541.085132249999 573.157527638345
1 541.393281250001 588.085752138401
1 543.133191250003 547.730502285035
1 544.542201250001 604.208699433042
1 544.842286250001 583.09765523151
1 544.956001250001 724.631569108966
1 545.083821000001 620.870177727037
1 545.968453000001 668.499718864648
1 546.957409999999 599.144397378888
1 547.695304999997 732.32439832167
1 548.253841 905.726125436571
1 549.229008249998 936.469870955508
1 550.080200000004 808.664594036038
1 551.345293000006 1075.41384782931
1 552.828357250004 591.182957429484
1 553.232691250002 561.114338662404
1 554.266372250001 641.433719095111
1 554.634238250002 816.595518741821
1 555.226282250001 613.094515004984
1 555.561636999999 564.997481220118
1 556.001820249999 1022.70656345583
1 556.363932500001 557.863058627658
1 557.021264500001 701.550758021008
1 557.1798325 682.871606746694
1 557.2523645 615.031352415973
1 557.271641250001 747.957108967373
1 557.47897225 682.670788298329
1 557.551133000001 619.2474141722
1 557.73311525 778.264829481878
1 558.351306500002 643.597959533385
1 558.532496 1225.51423605293
1 559.692808999998 674.887020849708
1 560.179946250001 589.254106535419
1 560.86110425 568.067434479679
1 562.707408250001 585.457766035682
1 562.913457250002 605.786887155872
1 564.452192499999 637.431076655391
1 564.460193250002 584.883928839349
1 564.718906249996 683.300971137237
1 564.948385 574.270186534211
1 564.995688499999 579.083372375268
1 565.485817249999 682.673303268247
1 566.052410250001 701.674363672115
1 566.336538000002 668.773138938881
1 566.558768249999 598.261396057937
1 566.68916225 571.172414087011
1 568.57348125 679.135515444921
1 570.08125325 573.778794902809
1 570.637962249998 652.337635157643
1 571.00328825 621.0876687876
1 571.522863250003 934.978635412196
1 571.579532499998 938.469143227872
1 571.59808 798.852402229507
1 572.217196999999 733.203855172577
1 572.275501250002 728.830262388
1 572.726626000001 831.661297693151
1 573.152485 770.989082462841
1 574.31597725 589.287949193003
1 574.385466500001 668.245813267908
1 574.4096425 733.361052418724
1 574.855269250001 574.890925112012
1 575.235637000001 948.380235847109
1 575.496246250003 650.166745331669
1 575.820112500002 634.132047392323
1 576.786578000001 578.301517756555
1 578.084284999998 755.588421085273
1 578.938642250002 637.078551503969
1 579.939583249998 708.933073108113
1 580.184250499999 755.315016006604
1 580.938616250003 648.743395791362
1 580.985409249999 1083.15654387477
1 581.114517250001 1164.41459051911
1 581.540678499997 791.17115596818
1 581.850096250003 608.383472830671
1 581.924762499996 1076.45972334299
1 582.044002250001 630.997086901254
1 582.279064249999 631.584344484901
1 583.202424999999 680.041294690261
1 583.696024249999 614.125901216564
1 583.9210505 765.349088700891
1 585.479722250001 780.390368218825
1 585.602028499999 733.919078684208
1 585.739563249998 759.125710400268
1 586.467297000002 665.399240344725
1 586.66445125 652.176448660128
1 587.394619249999 623.134706086656
1 587.62663825 832.765265583888
1 587.768305 650.911407515468
1 587.9388245 747.989618029953
1 587.97199625 610.032904956714
1 588.977065 635.769163123723
1 591.938530250001 594.950797121366
1 592.204177999998 674.349103994133
1 592.209958249999 742.38389000957
1 592.675136999998 676.554317060475
1 592.736489999999 1035.32293732312
1 593.386705000003 1147.95574872006
1 593.9606105 772.765535817236
1 595.295012499999 618.248182276869
1 595.401605 952.075722431588
1 596.9219125 694.036390194485
1 599.38495025 678.542152139035
1 599.682177999998 695.343152017179
1 599.926112999999 661.796204223928
1 600.367755249998 787.51741546589
1 600.575582500001 965.270228866919
1 604.129920250001 653.857035169584
1 604.385104999998 909.239191163891
1 604.432303249998 651.282818281222
1 605.217796999999 741.882595670721
1 606.656362000001 984.723203210746
1 606.82199125 609.553906618127
1 606.921005000001 779.082873304923
1 607.320406249999 1176.2163018175
1 607.366519250001 644.121984580698
1 607.49049325 709.824049500226
1 607.822578249996 672.865916104884
1 608.113993249999 676.166789339959
1 608.431370499998 609.730378634185
1 609.153574250001 662.873566039581
1 610.142636500001 717.769962482261
1 611.035188999999 653.969835925074
1 611.775263249997 732.526728583304
1 612.238597249996 658.67875269526
1 613.578615249999 759.364951929141
1 614.120084500001 641.059099200695
1 614.562636999997 796.971578222361
1 614.6940568525 675.021546266579
1 614.741581249998 658.715034900209
1 614.871240249999 624.929749500903
1 614.99105825 692.418055088915
1 615.470561000002 741.193246676629
1 616.006012250002 748.535364579966
1 616.342366250002 683.031294911309
1 616.567578249999 687.179806461037
1 617.257369 653.227064591961
1 617.8317325 638.733968352973
1 618.107056249997 1277.3348484164
1 618.435720249999 619.015148891742
1 618.524971250004 924.103824648357
1 619.291919250001 641.080757682487
1 621.609980499998 915.001716260813
1 621.671523249999 916.095094765171
1 621.934996250002 661.813950815563
1 622.028191249998 799.261414036382
1 622.40551825 797.516064935234
1 623.629241000003 684.077920053738
1 624.464649000002 673.330459075608
1 624.635680249999 908.696409200246
1 625.782006250002 793.026892452934
1 627.972496999998 702.327624724243
1 628.694065250002 673.947892762284
1 629.614070500002 788.440748238652
1 630.902100250001 810.775915650476
1 632.136402249996 721.759138360503
1 634.800354499999 831.743159307181
1 635.911782249997 899.658086612034
1 636.755045 645.048727148019
1 636.831528499998 1101.02291198373
1 638.373388999998 763.013270532989
1 640.562668249998 662.881429685791
1 641.992711999999 691.365915307902
1 642.441166250001 696.488952418859
1 643.481800000003 734.191390005395
1 643.870350249999 710.02097865239
1 644.070212000001 658.34394725337
1 644.087856249998 783.770704035071
1 644.3969365 836.979300139495
1 645.431942499997 762.610079915961
1 645.433662500003 664.022705980787
1 646.242196000004 1142.30353353523
1 646.251425000003 739.472058910579
1 648.488593250002 771.465828045479
1 649.408620499998 675.767129835883
1 649.884364999999 764.947921736765
1 652.196521249995 754.407175973597
1 653.92558425 653.932713698139
1 654.227668 754.156393205586
1 654.626359250003 1072.35893301963
1 655.107016999997 700.941285358063
1 655.324112250003 748.41305851871
1 655.406082500003 1005.08909372042
1 656.08561525 690.719359785992
1 656.984972500001 778.280217477608
1 657.363600500001 962.940083230624
1 657.753489250001 947.302736101172
1 658.98054625 725.073696737194
1 659.379449000003 1147.70057977555
1 659.765406250001 699.460082510828
1 660.637866250001 717.209318278141
1 660.815183249999 701.47853855919
1 661.757511999998 788.468156991235
1 663.917288000003 705.513296019447
1 664.289042499998 770.25298854541
1 665.573530000001 750.422688019556
1 665.73818825 724.792870873392
1 666.341825 676.564593767543
1 667.642113 1018.9169575299
1 671.920255249999 755.726456075598
1 673.671953249998 731.399053914657
1 674.445605000001 694.702586199906
1 677.888033 814.299850694277
1 678.762565 741.66896168697
1 679.33981825 778.547659562716
1 681.860796250001 725.173409386766
1 681.8831465 696.53073040483
1 682.459150500003 690.002181416049
1 682.499821250002 743.375125021382
1 684.524858 685.580983785107
1 685.784810000001 692.763988919932
1 688.945754250002 751.462130251687
1 688.985104250002 1081.31354868787
1 690.054336250001 879.665753063376
1 690.140246500001 832.656193700327
1 690.1774405 783.593446265602
1 690.787762250001 708.892029928872
1 690.789309249999 737.613015329767
1 691.869849250003 949.575906808257
1 691.950863249999 923.955371208304
1 692.101117250003 740.731415117173
1 692.38581925 696.719527022817
1 692.849976999998 749.867464424838
1 693.733609 701.708256010524
1 695.22221 771.379195830717
1 695.525056249997 715.558712817452
1 696.950180000002 715.973375558144
1 697.74056325 711.764745049876
1 699.144784000003 699.749941283848
1 699.366121000001 710.251726399568
1 699.634920500004 699.757823557186
1 700.559161250002 992.002225091195
1 700.788544249998 777.393764141241
1 701.249272250001 825.919008308929
1 702.124179249999 764.785287521687
1 702.384921249999 982.098527342739
1 702.647828500003 917.591948826756
1 702.736242499999 719.908801191713
1 705.229654249999 740.446762623584
1 705.991652499997 1361.8141659515
1 706.56253625 764.40769577102
1 706.710442499997 706.986095837545
1 707.769435249999 731.542999082601
1 708.459806499999 736.047347662628
1 709.72386525 710.137801131525
1 712.243325000005 868.694915744707
1 713.818584250001 778.639379157837
1 713.878374500002 738.242816065205
1 714.332472249999 723.455462409572
1 714.422557250003 715.518534825166
1 714.7858185 744.839925647329
1 715.392346500001 718.283994595588
1 717.01636025 753.429386435771
1 717.73656125 719.422138647717
1 717.934129999998 898.515683304334
1 719.65668625 771.470885842578
1 726.28905925 776.938967568786
1 726.790707249998 731.480445577334
1 728.223988000004 774.750067917003
1 728.395506249998 783.696945832033
1 730.30081725 743.970743974589
1 730.789957250001 937.540591202876
1 733.213489000005 972.208306223471
1 733.499334250001 1034.26005393475
1 736.071786500002 769.151834040986
1 737.00021125 771.645169365832
1 737.230792249997 870.635211228674
1 738.09700025 840.457081510836
1 738.658449000001 864.693659455234
1 739.197091999996 808.971551871082
1 739.942092499999 821.4567893688
1 743.067954499998 766.193366732617
1 744.466970000001 965.610944134041
1 744.693688249997 758.736767085534
1 745.612182499996 890.182146264467
1 745.668696500001 854.446197634602
1 746.132680000002 806.913448580357
1 746.861688499995 747.048594201815
1 747.648406249997 1032.65192006443
1 747.953834499996 784.993943675823
1 748.702357 755.14101486636
1 749.8226745 761.303928902898
1 754.902106250003 831.456538049559
1 755.341471250006 856.160443186779
1 756.303416499993 761.437321123725
1 756.743414499996 932.474984227979
1 758.224399250001 758.37722310958
1 759.88750825 768.545178495974
1 761.319157249998 830.325341630558
1 762.59414725 841.251497809592
1 765.256446249997 772.445642249863
1 766.561284000003 1043.0305894673
1 774.275130250001 1049.23675396742
1 775.2835765 1022.53516242133
1 776.18053025 1070.50881692087
1 776.437168500002 847.042869826753
1 783.837525250003 800.059451838029
1 784.427044000001 834.719357162558
1 786.22662025 896.392050288073
1 788.729234500001 823.225112806346
1 789.768529249998 1370.9206706169
1 789.772791249999 801.190439830147
1 791.285940000003 854.573607782047
1 791.948115999997 819.127819958775
1 794.480341250002 837.066505491418
1 794.647024249997 870.986785547936
1 799.207577999994 1027.71291821599
1 802.141424499998 810.475262146264
1 802.259058249999 839.023877134783
1 802.547269000001 846.532947271459
1 802.914435250002 1206.98911364774
1 804.458258499997 851.74742975802
1 808.903741000003 897.124208933281
1 812.069280249998 827.412626604633
1 812.757042 861.730442717288
1 813.45647125 970.431690048669
1 816.401254250002 1084.8829580012
1 816.658082500002 875.843580997721
1 816.907276249996 910.175240556124
1 817.982640250001 957.346285046713
1 821.173194500001 876.202210989814
1 824.347168999999 1018.40094553086
1 824.99748325 881.842939742643
1 826.53266525 829.988554237257
1 829.182157 873.475480636214
1 831.189001249996 831.680490635392
1 832.17409025 844.565129705789
1 834.564719250003 1210.06890373648
1 840.934177 911.266764004558
1 851.228866000004 1202.11857118031
1 851.455808999993 852.147727881714
1 851.87033825 871.683636609215
1 852.08827625 1053.56926663971
1 855.170185999995 863.369350224279
1 856.638137000002 856.638248739049
1 869.185968500002 929.66398403021
1 871.963539249996 887.648496152863
1 872.943957250002 1176.44625659372
1 876.932716999999 1262.58251030821
1 879.560200249999 959.798958483411
1 887.148541250001 957.092730572606
1 892.899161999999 1023.53110553567
1 896.312635249998 899.720192295859
1 900.707055249999 901.782191625356
1 901.530745000001 909.904832149976
1 902.324650249999 913.362610532095
1 902.38198525 993.19160183697
1 902.63573 955.627533577622
1 903.309711249998 998.664559202988
1 905.371380000002 913.707605850493
1 917.04590825 1714.98078338242
1 919.81889 919.912990855357
1 919.827872499998 922.464313941117
1 925.769956499998 926.754119063773
1 926.208022500003 1223.40191738218
1 927.63530225 929.728786218955
1 929.92821025 1001.76795684981
1 929.971767249999 1090.5805187931
1 931.719567250001 934.487844834499
1 937.768858000004 939.016442638821
1 944.752008500002 946.662971039914
1 946.741392249999 947.183356743888
1 947.295505249997 950.43042916825
1 950.2821925 950.923344945181
1 951.048254249998 1002.65121091685
1 951.927554499997 964.499330115865
1 955.00507525 976.130678916882
1 966.6096625 998.249169156721
1 973.383468250004 973.702977388514
1 974.267706249999 1357.20379193181
1 975.19466125 1009.15284281083
1 977.018944500003 1010.38445987548
1 980.027752500007 980.03484968494
1 984.175332500001 1066.88995615382
1 985.489528249998 1013.63093288417
1 997.122547250003 999.092746664436
1 997.4224985 1399.03598106553
1 1003.54329725 1030.96019420081
1 1003.7285 1126.11854387959
1 1009.8584065 1011.08419143652
1 1011.4723985 1094.60405621642
1 1021.74056225 1033.77176351674
1 1027.90607225 1035.64170255578
1 1028.8672705 1029.98297644326
1 1032.759325 1034.69960874136
1 1032.94198925 1073.340364148
1 1067.34993625 1074.45492443387
1 1114.10795225 1141.23797494063
1 1139.86864225 1159.12958919676
1 1143.42453425001 1172.05177797193
1 1152.98945 1164.09919130672
1 1160.42910925 1160.53677891994
1 1161.8573 1161.85735064569
1 1200.3100525 1202.91230683152
1 1207.881865 1294.25407827092
1 1221.76817425 1232.53301869735
1 1223.43456325 1223.59313747743
1 1289.77363125 1289.77540549708
1 1292.5577345 1335.31171073195
1 1306.44756424999 1306.87533208275
1 1357.67484725 1357.77755955667
1 1384.1054485 1390.18461455002
1 1512.25548625001 1512.57508533163
1 1675.17813125 1676.02137607071
