0 0 Inf
0 0 279.7608465
0 0 271.657295999999
0 0 357.19016
0 0 214.01821025
0 0 148.191558500001
0 0 278.87346125
0 0 315.148200249998
0 0 282.212254250001
0 0 230.3002685
0 0 378.898074000001
0 0 299.120019249998
0 0 339.400156249999
0 0 317.679409999999
0 0 328.67799025
0 0 369.579267249998
0 0 314.236716250001
0 0 279.229009000001
0 0 231.05496125
0 0 350.457466250001
0 0 370.766205249999
0 0 291.867629000002
0 0 228.52861925
0 0 186.113637000001
0 0 403.95987425
0 0 408.155457999998
0 0 354.162229250001
0 0 277.158027250001
0 0 241.456243249999
0 0 309.8197225
0 0 165.507826500001
0 0 264.405224500001
0 0 227.95224625
0 0 263.384356000002
0 0 447.241457
0 0 419.923200250001
0 0 400.16758225
0 0 228.366807249999
0 0 321.639668999999
0 0 372.661240250001
0 0 307.407684999997
0 0 267.693798499999
0 0 221.372950499998
0 0 133.269139999999
0 0 367.025101249998
0 0 395.681006250001
0 0 377.205091250002
0 0 440.037305000002
0 0 306.57822325
0 0 298.455801249999
0 0 419.134540499999
0 0 300.878449250002
0 0 247.521277249998
0 0 308.665138500003
0 0 290.887815249999
0 0 291.288293
0 0 274.478452000001
0 0 144.817579250001
0 0 231.34148525
0 0 207.931684249998
0 0 437.584176249998
0 0 390.874076500002
0 0 168.176336000001
0 0 215.6098925
0 0 283.884072499997
0 0 221.381831249999
0 0 349.665858250002
0 0 127.4542625
0 0 383.35463825
0 0 353.592015999999
0 0 215.529661
0 0 257.800187250001
0 0 336.704805000002
0 0 370.826176499999
0 0 181.537831250001
0 0 392.974386249999
0 0 165.3293
0 0 345.5594
0 0 307.903801250002
0 0 302.871828499998
0 0 183.43712
0 0 235.31461425
0 0 426.125510500001
0 0 308.79085925
0 0 192.20976125
0 0 250.196467999999
0 0 345.025540000001
0 0 149.330161
0 0 364.17325625
0 0 354.951560500001
0 0 150.755252499999
0 0 280.4882
0 0 292.967796250001
0 0 263.828272999998
0 0 297.9402485
0 0 227.163902499999
0 0 328.957016499999
0 0 267.607137249999
0 0 133.097745250001
0 0 277.052592499999
0 0 178.142652250001
0 0 197.725950500001
0 0 392.2711285
0 0 153.530285
0 0 354.757690249998
0 0 241.531112500001
0 0 146.249029000001
0 0 425.926087250001
0 0 132.062472500001
0 0 373.423828000001
0 0 210.656306250002
0 0 231.843585999999
0 0 146.11634325
0 0 354.374213000001
0 0 337.446530500001
0 0 290.132326250001
0 0 386.887081250001
0 0 329.976488249999
0 0 304.89780425
0 0 397.612032500001
0 0 148.72365625
0 0 362.707042000001
0 0 382.225716499998
0 0 291.29167125
0 0 323.234248250001
0 0 302.315522000002
0 0 459.628198250001
0 0 204.831073000001
0 0 417.766471250001
0 0 204.691782499999
0 0 298.7677125
0 0 203.3861645
0 0 202.753795249998
0 0 308.485642000001
0 0 252.394822250001
0 0 227.143281250003
0 0 237.5255005
0 0 157.693942249999
0 0 318.330990500001
0 0 316.177743999999
0 0 308.032264250003
0 0 270.51936925
0 0 233.085522500001
0 0 315.437367250001
0 0 221.523556500001
0 0 355.413053
0 0 442.742280499998
0 0 224.91368525
0 0 265.920991250003
0 0 188.308343250002
0 0 340.308889999997
0 0 326.311755249999
0 0 276.116065249997
0 0 222.0199965
0 0 339.202851250001
0 0 257.6165965
0 0 296.174222499999
0 0 478.18228025
0 0 314.568932500001
0 0 283.085933000001
0 0 270.704820999999
0 0 327.298484500001
0 0 437.576444499999
0 0 296.425826000002
0 0 277.821474250001
0 0 445.6147505
0 0 267.713212499999
0 0 182.308417
0 0 249.239105000002
0 0 180.121612500001
0 0 239.462202499999
0 0 155.473789249999
0 0 414.93030325
0 0 248.146705250001
0 0 213.8084665
0 0 543.691782499999
0 0 290.14243825
0 0 178.525480250001
0 0 368.098008500001
0 0 278.7240825
0 0 221.496769249998
0 0 222.747387250001
0 0 268.729486250001
0 0 365.632662249999
0 0 217.830208250002
0 0 401.55947725
0 0 208.447059249996
0 0 351.3828685
0 0 292.83308125
0 0 267.980318500003
0 0 288.611432500001
0 0 474.96576125
0 0 193.909989250002
0 0 343.791906249999
0 0 218.604489999997
0 0 471.75918325
0 0 163.980349000002
0 0 353.9743565
0 0 474.079326250001
0 0 177.00821125
0 0 275.912259999999
0 0 281.697126499999
0 0 292.931291250001
0 0 286.5446645
0 0 323.297281
0 0 303.1365725
0 0 337.173447999999
0 0 376.881050000001
0 0 164.485529000001
0 0 418.1497585
0 0 187.79273825
0 0 255.236327999998
0 0 196.899886250002
0 0 268.3201925
0 0 199.2051205
0 0 227.659266250003
0 0 464.41178125
0 0 384.0105725
0 0 377.060297000001
0 0 505.74828725
0 0 240.980297
0 0 295.832368250001
0 0 257.515858000004
0 0 223.5809605
0 0 407.71152425
0 0 336.173540000001
0 0 380.380597249998
0 0 174.751603249999
0 0 258.424908250001
0 0 372.859423999999
0 0 320.783217249998
0 0 178.87007125
0 0 287.769566250001
0 0 186.52036
0 0 439.926082250002
0 0 282.058956499996
0 0 282.362036500002
0 0 487.43409425
0 0 248.057138249999
0 0 211.647570500001
0 0 137.26018825
0 0 255.504133
0 0 227.84332325
0 0 246.446676000001
0 0 330.099849249999
0 0 353.855709249999
0 0 188.9341805
0 0 160.867190500001
0 0 352.768610500001
0 0 432.29284325
0 0 280.580388249999
0 0 181.16652325
0 0 289.871089249999
0 0 390.91236325
0 0 320.444940249999
0 0 148.53367825
0 0 329.561788250001
0 0 301.180410249999
0 0 396.796857250001
0 0 266.756717
0 0 387.579882499999
0 0 358.500125000002
0 0 151.982778250001
0 0 377.9996645
0 0 337.416762249999
0 0 161.047502500002
0 0 267.923302250002
0 0 330.46282925
0 0 432.796513
0 0 437.2582645
0 0 200.942520250001
0 0 337.563288500002
0 0 523.696165000001
0 0 235.390191250003
0 0 284.335131249999
0 0 194.757821
0 0 320.02434925
0 0 187.352841249997
0 0 293.215773249998
0 0 153.337864
0 0 207.617287249998
0 0 271.455928249999
0 0 376.46295325
0 0 205.959552500001
0 0 294.273361250001
0 0 229.853484999997
0 0 328.368687250002
0 0 416.792788250003
0 0 308.672853249999
0 0 331.083721249999
0 0 425.059425249999
0 0 476.6929165
0 0 354.362952250001
0 0 320.246272000003
0 0 164.629082249998
0 0 265.509183249997
0 0 366.3130085
0 0 331.01488825
0 0 444.911085000003
0 0 408.593794250001
0 0 152.38342825
0 0 295.914856249998
0 0 379.30702625
0 0 264.776104000002
0 0 234.2487625
0 0 415.94402825
0 0 206.41136825
0 0 306.832696250003
0 0 161.841423249997
0 0 260.357365
0 0 254.657621000003
0 0 270.39280825
0 0 304.302936999999
0 0 396.398481249999
0 0 304.794484000001
0 0 345.638664999999
0 0 350.4145825
0 0 354.43213625
0 0 323.462464249999
0 0 240.795584999999
0 0 178.760706500001
0 0 126.88440525
0 0 182.1077245
0 0 243.8404165
0 0 197.547180999999
0 0 289.78491925
0 0 273.427963250003
0 0 167.10970625
0 0 305.24709125
0 0 281.474185
0 0 412.528256000001
0 0 261.7200625
0 0 219.2868505
0 0 236.91584725
0 0 321.86272225
0 0 220.440276249999
0 0 201.92088325
0 0 294.400876249998
0 0 392.763921249999
0 0 168.718594250001
0 0 471.079562499999
0 0 404.9240225
0 0 218.5600925
0 0 256.202196500002
0 0 244.906385000001
0 0 277.91602625
0 0 195.12601925
0 0 228.064906250003
0 0 259.701318499999
0 0 373.921129
0 0 141.832811249996
0 0 140.613491250001
0 0 137.49342125
0 0 462.789358250002
0 0 374.561301250002
0 0 361.958752999997
0 0 433.083008500002
0 0 317.665171999999
0 0 176.309628499999
0 0 330.70810625
0 0 291.432861250001
0 0 420.493824250001
0 0 220.278080500003
0 0 446.014622249999
0 0 97.1973162499997
0 0 231.388881249999
0 0 331.615836250002
0 0 151.974883999999
0 0 213.51957525
0 0 252.8237205
0 0 251.843312500001
0 0 131.198208999999
0 0 394.899666499999
0 0 348.225761000004
0 0 315.592553249998
0 0 380.466733249997
0 0 203.64402425
0 0 210.43372225
0 0 579.5933845
0 0 206.238152499998
0 0 470.953520500001
0 0 172.123140499998
0 0 370.222614500002
0 0 229.622705
0 0 286.476212
0 0 177.37790625
0 0 271.017403250002
0 0 218.010253249998
0 0 191.013766249999
0 0 138.861197
0 0 301.771865
0 0 391.013664500002
0 0 306.541052499998
0 0 185.3138125
0 0 490.520227249998
0 0 191.20249825
0 0 572.881478500001
0 0 248.21434325
0 0 194.938713
0 0 271.499293000002
0 0 201.063000499999
1 184.743715999998 295.950371886959
1 193.625776999998 321.715021617006
1 212.422521250001 332.774139331583
1 219.503626249998 285.289960966128
1 223.403811250001 285.403442973732
1 224.095812250001 278.265193831012
1 224.492695250002 275.169388635619
1 240.36942425 507.437691984438
1 240.628693 282.068973432039
1 248.874100000001 305.492191804184
1 249.329223999999 412.303449638548
1 250.987422499999 260.977322903963
1 252.869285000003 266.536702117515
1 255.69129125 311.239018444492
1 255.81703225 348.934911492954
1 257.769511250001 369.823309543821
1 263.811450249999 298.45660282927
1 264.939256249999 344.970221256533
1 267.806981000003 276.921325451299
1 269.718546249998 437.402946972995
1 270.70600625 334.781178285078
1 270.714769000003 351.286760408693
1 272.54764925 524.135452345724
1 274.041182500002 563.097959783216
1 280.546958499999 531.854400625576
1 282.07202 290.103550072459
1 283.593321250002 372.115930856632
1 285.871914499996 357.217426042328
1 286.253073 408.466410300279
1 289.267670249999 478.608269096192
1 290.90781425 329.094847090532
1 296.047896249998 345.743677408003
1 296.438456250002 307.931567030724
1 297.8295965 355.808063624238
1 298.092358250001 324.849265020923
1 300.816433999996 331.933244794079
1 300.899466250002 458.134642999707
1 303.216125000001 425.091844200784
1 306.992260249999 326.818684373196
1 307.849274499997 492.120500356111
1 308.513309 547.588740266922
1 310.140939249999 414.963676737695
1 310.225130499999 338.682732081186
1 310.443344999999 720.785196414544
1 311.011184249999 605.592963311202
1 313.17349725 421.671193237947
1 313.265582499996 329.766297073913
1 313.716542499999 314.391039736177
1 316.179862249999 410.206823258496
1 316.9830625 335.562217012517
1 317.660088499999 463.872640386582
1 317.95465 377.071838959221
1 319.22230925 353.030527973756
1 321.292324250003 334.379943994936
1 322.2950365 449.722887162612
1 322.33264025 324.281607510085
1 324.118109249999 571.220409190806
1 325.664938000002 325.6899830683
1 325.821486250002 568.901500933432
1 326.077444999999 327.425473637478
1 326.163533000004 347.76251065522
1 326.367079999998 352.070034079589
1 326.561181250001 522.961862624732
1 327.803058500002 646.601546137884
1 329.21835125 753.501568285124
1 330.162455249999 533.763524343075
1 330.486216250003 516.872524428883
1 331.928208250002 705.625806220702
1 333.117505250002 372.994595017933
1 333.209932249999 337.354549817795
1 333.219930499998 340.474381994111
1 333.364265000002 399.056540303644
1 334.747006250001 515.039800206113
1 335.07333325 397.564499223358
1 335.439306500001 354.077384621656
1 335.996040249998 339.489404819848
1 338.290562 435.677637721209
1 339.217922499999 434.291575189
1 341.140849250001 358.369708579746
1 341.424441999996 402.49336207061
1 342.563553250003 583.59740639876
1 342.780031249998 671.996670991533
1 342.9429445 492.512442332941
1 343.21648525 433.958281290349
1 344.492968250002 459.566113505708
1 344.728468249998 401.185073896778
1 345.032256999999 403.321704009776
1 345.86725625 352.006142910485
1 349.163164999999 456.39925420983
1 350.440000999998 384.791952857699
1 350.908747249998 401.439467700916
1 352.251738250002 528.8627105284
1 352.743446500001 413.272462319462
1 352.800812500001 561.324753091749
1 354.170129000002 534.149493400919
1 354.475306250002 397.248620958614
1 356.283629 400.06962789776
1 356.460941249999 392.510172916112
1 357.380407250001 554.785543946457
1 357.896204499998 852.605375561739
1 357.905812500002 963.494214121087
1 362.601268250001 366.703071313117
1 365.51103125 513.387014633652
1 367.124186250002 458.546757871352
1 367.450428500004 485.748809684989
1 369.403617250002 468.948106180086
1 369.957042499999 532.801435955664
1 371.385277250001 393.965524051432
1 372.005713000001 415.997850303103
1 373.064740249997 446.464392486626
1 373.276386500002 426.40209127348
1 373.325185000001 434.211955464588
1 375.7700165 401.304760327654
1 377.738491250002 890.75290472934
1 378.733321000002 1023.1548921177
1 379.385412249998 688.385933257223
1 380.088729000002 381.023178517942
1 380.503288250001 479.957186139417
1 380.50413725 434.92871473939
1 380.537329249998 398.093361883655
1 381.078434250002 404.672090728957
1 381.51593125 407.256645627343
1 382.117014249999 680.154216451905
1 383.579336500001 493.70289031699
1 383.916973250001 466.446063508193
1 385.368642500001 502.018236804696
1 385.81348 558.256117155511
1 388.927707250001 1034.42706227856
1 390.481897999996 654.22675273397
1 391.30184825 428.810794125205
1 392.204804500002 1005.73682171983
1 392.675476499999 605.439011016618
1 393.48884825 606.146763047045
1 394.036292499995 421.934491938749
1 395.372491250001 461.5053438288
1 395.56779525 437.440822416697
1 395.809538500001 677.06875476752
1 397.648566249999 407.102462723384
1 399.465444499999 555.168166357648
1 399.586902499999 681.4473987621
1 400.269180249999 405.062943075405
1 400.304892499999 481.489933537343
1 400.560867250001 403.299498125232
1 401.297112500001 437.187005780701
1 402.0242165 453.562287054208
1 402.839352499996 601.455080658524
1 403.09028125 409.166096517458
1 404.240292250003 657.494278837461
1 404.431369 430.960688097062
1 405.515656999999 573.422058534351
1 407.079577249999 821.051137521881
1 407.438799999995 659.368535339768
1 407.566592500003 410.536667336106
1 407.889916249998 422.507447880852
1 409.269700250001 449.673056881356
1 409.869487250001 792.103943290885
1 410.12844325 628.265432741064
1 411.543831249996 921.976982691659
1 411.804205 900.73344771361
1 416.570248 654.954796976491
1 417.278504250001 834.744490289933
1 417.481308250003 681.164604628663
1 418.239277250001 862.528490123136
1 418.681237250001 542.989764180472
1 420.211681250001 617.414338040945
1 421.516052499999 445.062054773522
1 422.599621249999 831.926431860725
1 423.544538500001 604.438178939724
1 424.812972249998 442.877081330224
1 425.035703250001 805.660450482982
1 425.187516500002 427.69633394789
1 425.8669585 451.816374491777
1 427.138262499997 490.037958806012
1 427.507580499999 835.902835180183
1 427.919113249996 513.342571138816
1 428.382812499998 444.397752206965
1 428.720497250003 794.159589356081
1 429.81891325 650.478158204332
1 430.854705250001 629.813351970928
1 431.005531250002 468.497732656807
1 432.45831925 754.904833512655
1 436.728490249998 645.449990417637
1 440.000010249999 497.320201421351
1 440.081668 473.156967860437
1 440.338320500002 461.316996481667
1 440.9330845 441.052004467463
1 441.567678499999 489.231665650186
1 441.876262499999 457.939087318472
1 441.942506000001 827.798243237036
1 442.967151249999 445.017345081705
1 444.8108165 1154.70394302088
1 446.44643125 461.949601763374
1 446.589956249998 450.222510086798
1 446.858594500001 591.929801852965
1 448.390348249995 469.502358228701
1 448.731019250001 712.576098854601
1 449.6307785 489.981442949624
1 449.688994 623.985538449419
1 450.282433249999 466.116628680722
1 450.306286249999 451.713650416983
1 450.86897 452.014763750022
1 450.894322250001 1066.00261959439
1 452.467022499998 1030.10806097726
1 454.373266500004 480.924787611434
1 456.96989925 909.84446157667
1 457.729678250003 950.229660513134
1 458.662252499995 699.258092050817
1 459.815007249998 501.151941698097
1 461.44869625 511.574291999033
1 462.103281999998 486.791494842422
1 462.996501250001 1065.11838184829
1 464.524948 566.036550434901
1 466.670812250002 486.611307089612
1 467.06027125 780.022693257823
1 469.488400000006 820.394411906017
1 469.56115225 925.202637873113
1 469.674890000002 537.001854696549
1 470.474056000001 471.595034303802
1 470.516506 486.309709707235
1 471.715566500001 509.906051532645
1 471.955914249997 609.210138142326
1 472.514881249999 801.779978126046
1 473.77642525 947.064328766487
1 473.971151249999 728.422131149493
1 474.919846250001 1027.77778108811
1 475.078026249999 546.122718139847
1 475.114225 852.676251428825
1 475.482964500003 482.999719278087
1 476.88797025 667.445321752273
1 476.977624250002 669.776314088654
1 477.16265925 1022.99810132361
1 477.891705250002 498.143628258389
1 479.278306249999 507.29741809526
1 479.327225000002 560.126076506185
1 479.421649999999 571.095023589705
1 479.81688625 843.016240604204
1 480.453640000002 580.619789171815
1 481.285824999999 1059.37310976678
1 481.375946499998 482.08105143783
1 482.460077250001 977.481169899876
1 482.624811250001 988.173127245069
1 483.284457000003 651.533406330454
1 483.310876500001 753.534626047221
1 484.836417249999 754.971799117113
1 485.975614500001 823.781739356144
1 486.14140625 1105.96141368924
1 486.363231249997 700.514341956421
1 488.640289250003 772.960749967448
1 489.326727250001 680.899110085337
1 490.933258249999 935.474482387754
1 491.206312249997 878.777554063764
1 491.539264250002 788.941423188203
1 492.646358499998 498.620734321836
1 493.4026945 809.073594463683
1 493.566332500002 647.90868839188
1 494.38722625 644.284802740116
1 494.846599999999 499.930323189119
1 496.560692499997 685.556375212168
1 496.739079999998 758.541623429947
1 497.275741249999 656.278934444098
1 497.288846499998 568.940626551433
1 498.684411250002 535.222074851391
1 498.790257250002 561.901717632539
1 499.478089999998 501.550344786884
1 499.720632499998 850.139846598196
1 500.240719250004 525.447645479813
1 500.76152125 797.688592806306
1 501.089202499998 819.604595828033
1 501.512306000001 551.721750116463
1 501.767706250006 805.183060014803
1 501.824481250002 1231.46065502887
1 502.055744500001 514.803457568913
1 502.708788249999 1002.20079749511
1 503.507772499999 647.169760086978
1 504.67849925 1031.72677989001
1 504.817861000001 602.110702605911
1 505.014975250001 534.949095202113
1 505.075411249997 803.762148240753
1 506.007252499998 655.123236226924
1 506.84260625 556.587848395438
1 507.04366025 551.703342094597
1 507.758818250001 617.35940022845
1 508.254458000001 719.583568864916
1 508.744131250002 584.176944581524
1 512.030285000002 559.968454023145
1 512.1376345 589.06839067621
1 512.351921250002 533.899268762622
1 513.834322249996 610.070805121011
1 513.973826500003 544.596906372243
1 515.492115999999 1141.06500884546
1 515.63761225 874.01013978129
1 517.818746250002 623.281016598751
1 519.269907250001 664.83155982533
1 519.458198500003 572.002506725408
1 519.556657249998 743.566738301717
1 522.532181 637.713677608058
1 522.698514499997 560.646611595334
1 522.863086249998 673.580363485349
1 523.561946499996 794.043233586206
1 523.914409000002 559.042647704047
1 527.465689999999 941.129851685994
1 528.548892999999 635.518840630604
1 528.70282425 932.943200913661
1 529.03812125 541.889707506112
1 530.268713000001 681.223746445712
1 530.321125 671.834336734355
1 531.376830500001 531.442905709714
1 533.120331249996 609.576944245672
1 533.348336250001 664.548157717937
1 533.380812500003 788.499313766919
1 536.479267999998 554.118479925109
1 537.252052249998 659.446085401928
1 538.603105 659.549938162726
1 540.72045125 893.814873219571
1 541.150190500001 682.466777123171
1 542.31938 567.492051063644
1 542.498592249997 542.577108731493
1 542.8695005 619.342024394415
1 543.251281249999 645.619479953053
1 544.394170000002 601.447877521475
1 544.404944500001 555.55109123732
1 545.222434250003 621.306143021778
1 547.079809249999 922.738620917075
1 547.5385445 759.030969880082
1 549.637414250002 632.371937343551
1 551.143690249999 561.508723253902
1 554.230719250002 585.029969429661
1 557.744256249995 591.360793993024
1 557.912290000001 969.203333027459
1 558.118130000001 587.335450589352
1 558.482536000003 787.195812095668
1 558.911763250001 570.422312687317
1 559.154227249995 599.577951113623
1 560.314781000002 600.828509128988
1 560.723266 627.572631627057
1 561.438018000001 1223.59083006948
1 561.695478499997 619.988861334702
1 562.793858499995 596.472631832059
1 562.825102499998 799.781084107788
1 563.331001249999 599.516123628405
1 563.401056500002 842.321696535617
1 563.610692000002 600.7896087266
1 564.43274 642.452649774387
1 565.767889249999 566.515017159226
1 565.99925425 679.193875817804
1 566.893164500002 570.625359701442
1 567.017113 737.733027047503
1 567.189504499999 752.177494565145
1 568.343911249999 809.735808807137
1 568.663036249996 602.707841713724
1 568.992745249998 851.997875800126
1 569.244663249997 572.888552318919
1 570.771016999999 663.412887191983
1 572.104416500001 580.955784953068
1 572.177040500001 801.888844843319
1 572.506478500001 622.626927472075
1 573.400467250002 584.728615182627
1 574.623812250003 752.056950502694
1 577.04550025 580.359405968457
1 577.900456249999 681.289268625387
1 578.350194500002 647.900837391084
1 579.420781249999 752.493565241697
1 581.0225485 601.763210952666
1 581.083258000001 582.29752840477
1 582.183840999997 622.016852988814
1 582.419414250001 582.460069774682
1 582.8779125 603.841324195593
1 583.118010500001 619.389101474621
1 583.421943250001 754.40697729386
1 584.21831625 681.891517834795
1 584.296222499998 618.368579525793
1 585.582745250004 800.793813958941
1 585.935989000002 586.066750131413
1 585.957825 634.285947806169
1 586.755856000001 665.598371435285
1 587.549823999999 1050.12029932263
1 588.04221125 649.031053573801
1 589.310901250004 629.982520569674
1 589.791674250001 592.319536048631
1 589.94042825 685.232656620812
1 590.577507250001 668.374353606457
1 590.963612500001 610.962681326766
1 591.442666249999 1021.45113319136
1 592.537504249998 611.967816832779
1 593.538148999999 594.140774721917
1 594.20829625 596.653044678653
1 594.323266249999 1087.68776820456
1 594.560981249999 596.821505152811
1 594.694450249997 604.408026025621
1 595.950714000002 596.996038410519
1 596.654092250001 616.643657884012
1 596.763572499999 746.903062523873
1 598.238449 752.11468109306
1 598.630925000001 603.275761317068
1 599.445589249996 606.304518298714
1 602.255601249999 736.475696191148
1 603.676320249999 760.874281646329
1 605.640020499997 605.656916388782
1 605.907106249999 625.403938473367
1 606.71511225 762.64212841401
1 607.541053 763.58493563381
1 607.837656499998 619.179845569188
1 609.092200249999 620.248692485333
1 611.022181250001 650.322923768234
1 611.13466125 1150.14111166204
1 611.869941249998 645.929582645135
1 614.313882000002 717.969381902263
1 614.458665999997 620.403486312078
1 614.837853250004 630.55025753622
1 616.35498525 619.320079114387
1 617.082186250002 623.459575789326
1 617.816530000001 768.199247170186
1 618.107214250001 819.431263913667
1 618.840650250001 735.616364102655
1 619.125328250001 664.822636544949
1 620.093446250001 633.459293353934
1 620.304697 870.474703321417
1 622.059801249999 764.50028285081
1 623.946864999998 623.961478117331
1 624.809536250001 624.936982554304
1 625.479943999998 720.432564485701
1 626.290565 808.449602366203
1 627.057222249999 646.459313560723
1 628.949282 677.163353369599
1 629.836050499999 849.337844953233
1 630.849555250003 636.54957760994
1 632.31044225 943.449563769461
1 632.682452 672.745264257873
1 633.960944500001 649.163565172794
1 633.966826250001 701.120901702706
1 634.1044645 658.228195749129
1 634.657513250001 691.00050869478
1 636.951658249997 981.730514446285
1 637.060321999998 1130.71338837043
1 638.730394 730.242811757539
1 638.79764125 661.782452321576
1 640.035713 677.893630661387
1 643.27952 704.75792201126
1 643.500212499998 818.620283459218
1 644.049956249999 676.933155173068
1 644.27859625 820.06506391313
1 644.419450000002 726.271531433558
1 646.530553 652.81240369808
1 647.482201250001 822.975202980915
1 650.219898250002 728.476606323235
1 653.415293250001 692.529426264685
1 655.430080499999 702.211398804191
1 657.352249 657.642609520568
1 660.251904999999 1079.11656907691
1 660.317023250001 746.829945447143
1 661.266178000002 661.537349690944
1 661.643125000003 669.220128806039
1 664.940098249996 1023.0381035047
1 666.906685 677.138656175281
1 669.04511825 1048.03244345283
1 671.085781000001 777.291852858392
1 671.127153999997 859.572550415208
1 672.261648249999 680.761727117216
1 673.6966065 681.18920199965
1 673.776039250002 811.341908714043
1 675.654311250001 718.626163373444
1 677.0790205 679.947391105742
1 678.779666000001 736.394117621319
1 679.34930425 761.730988101307
1 679.44429425 765.869911538538
1 680.842705250004 681.141876909418
1 682.781357249997 723.272298915687
1 683.0292925 748.246586965796
1 684.086005249999 844.282521332854
1 684.901422500001 693.565444765911
1 685.071511249998 694.457488851225
1 690.349095250002 734.261652810902
1 692.2767625 702.118277226699
1 694.073602000002 705.110016209396
1 694.997845000002 1018.80899451541
1 697.40662725 708.338689419795
1 700.226226500001 703.486774504918
1 705.904597 746.138009273319
1 706.2070525 708.69727138395
1 706.313881000002 1188.42179004622
1 706.66998625 769.480591881143
1 707.177234249996 888.887773563019
1 708.96126925 733.421859084116
1 712.972493 734.679822752598
1 713.1913 735.151025883855
1 713.9265425 766.813205885608
1 715.086125 718.071478038407
1 717.801913000001 747.598105578875
1 718.088815250001 745.464380430139
1 718.781193249997 946.187126289453
1 719.035029249998 762.403299143044
1 719.059034249999 797.626847401413
1 719.951642500001 750.283502010884
1 720.161012499997 722.910566106855
1 725.147424250001 731.166426528921
1 726.7534625 731.163346452782
1 726.824529249997 787.719009654019
1 727.442595999998 737.498984637914
1 728.905939250002 799.54984590146
1 729.153985249999 924.532267546221
1 731.429666499999 740.761264568288
1 735.619353250001 735.625789222285
1 737.058053 745.003001195881
1 737.288912499999 737.574046077357
1 737.972424999999 740.613657532015
1 740.814231250002 764.886015123227
1 742.448756250002 771.393143743525
1 742.460176249998 829.306085114083
1 743.92025625 1010.38881982058
1 746.889782500003 750.378563580778
1 747.720780249998 767.658562886024
1 748.323085249998 788.141598607556
1 748.49673625 944.876893728601
1 748.986672500001 755.054658732097
1 751.143046249995 758.594077909123
1 752.407516250003 933.783961609353
1 752.475679250001 752.475750427208
1 753.543828000003 761.621177453696
1 755.063710249996 763.046256858054
1 756.3128345 756.314742228232
1 756.493866249999 795.189347166025
1 756.87623125 799.976133833573
1 760.709856249999 844.104764119763
1 765.338256499995 778.720285623148
1 767.054126250003 883.480966421802
1 768.040933249999 768.126308372176
1 770.02725925 777.824931527223
1 771.115380500001 779.19937296541
1 771.3143225 821.416364052629
1 772.512113000001 772.751853909784
1 772.903214500002 985.205877852619
1 774.366788 793.701618659616
1 775.541986 855.923406700712
1 775.659457249999 778.453235791216
1 778.138205000001 788.113079201601
1 779.778396499999 818.702813010055
1 780.386530500001 935.21034692102
1 780.848931250001 911.752570397076
1 784.4289525 786.010837952754
1 786.034836 805.558973994137
1 787.87525925 788.627077570501
1 795.745106000007 797.608681276309
1 797.922772249996 813.391788604298
1 798.469912249998 801.077794545927
1 798.698599249998 810.313429626773
1 801.13177625 912.518061593003
1 803.207779249999 803.272180933253
1 804.870338499999 1061.16606531589
1 808.550799250001 833.064386220595
1 815.297964999994 882.170753058785
1 816.587836250004 820.166734889614
1 819.342026499998 924.951307007399
1 820.036893250004 851.611172266468
1 821.579826249999 891.644044407422
1 823.152577000002 824.04030787787
1 829.042166249998 838.468706594023
1 832.0190425 870.822245630288
1 834.766657 835.716000412495
1 840.119163249997 854.188909515522
1 841.276424499999 927.526754411585
1 849.21396625 877.669434574066
1 850.72381225 915.837872998782
1 855.418879250001 878.422861136168
1 857.428521999999 932.160827241792
1 859.250717000001 859.260139854419
1 861.059131249998 869.164271097264
1 863.187728500003 898.86563521684
1 865.14462025 1042.85084596184
1 873.035757250002 908.809727714556
1 877.776104500001 922.955355025034
1 881.338564999999 893.445953035307
1 890.444773000001 900.275336672538
1 892.138977250001 895.535527580471
1 897.097082499998 975.304608805141
1 908.890512500004 909.229444546951
1 920.053288250001 920.286869978005
1 922.838556250002 930.56557793413
1 930.348721250003 1039.70854148442
1 933.308964250002 970.444016739524
1 947.509713000001 961.197150172354
1 953.4502325 963.262097867573
1 953.739156250002 955.992050381387
1 962.020156249999 970.058074127083
1 963.238695249998 966.134709308563
1 984.382155249998 1036.20111634239
1 987.933098500002 1021.11508253257
1 1000.18630325 1017.70782906815
1 1002.752077 1006.28717425369
1 1005.76702025 1009.14751744111
1 1009.358536 1049.76280180803
1 1018.85998625 1284.7408251056
1 1027.76679850001 1029.133284213
1 1031.866468 1032.32727883793
1 1071.1077605 1118.76806533533
1 1084.256953 1139.77369384318
1 1094.52177 1094.6357073935
1 1145.1608965 1152.84157123371
1 1167.6103265 1232.78973026525
1 1171.99390225 1187.08280358942
1 1186.05635200001 1205.83983168763
