0 0 Inf
0 0 514.978622499999
0 0 258.356729000001
0 0 282.459100999999
0 0 346.273289000002
0 0 287.69366825
0 0 458.823778249997
0 0 274.620817000001
0 0 413.946711250005
0 0 491.245464999997
0 0 446.1536225
0 0 466.45936625
0 0 291.020773
0 0 173.995705999999
0 0 360.98779625
0 0 416.807342499999
0 0 341.857805
0 0 386.968904499999
0 0 509.476880249999
0 0 408.8660465
0 0 429.594531249999
0 0 361.027234000001
0 0 348.650442500001
0 0 257.827925000001
0 0 412.2810185
0 0 326.283574250001
0 0 377.490266000001
0 0 350.269981
0 0 234.616817000001
0 0 469.017260499999
0 0 501.779650499998
0 0 255.693826
0 0 345.059331249998
0 0 597.449090249999
0 0 196.774266250001
0 0 411.533938000001
0 0 216.010414250001
0 0 463.862756249999
0 0 321.154656999999
0 0 257.701044500001
0 0 333.253624249998
0 0 621.616092499999
0 0 574.754049999996
0 0 307.869859249999
0 0 371.240330500001
0 0 270.853505
0 0 208.619923250001
0 0 478.614152250002
0 0 407.854006250003
0 0 154.9505305
0 0 479.722625
0 0 304.278186249999
0 0 254.154294249998
0 0 467.176881250001
0 0 271.288592000001
0 0 188.654592999998
0 0 195.290836249999
0 0 174.342021250001
0 0 368.422558250001
0 0 390.070881250002
0 0 528.219795999999
0 0 418.116481250004
0 0 277.62957625
0 0 448.72799525
0 0 262.600902499999
0 0 211.949298250002
0 0 676.399906250001
0 0 248.320287999999
0 0 634.873212500001
0 0 691.6829465
0 0 301.83945325
0 0 318.112218249999
0 0 248.940564499999
0 0 465.651192249999
0 0 329.365680249997
0 0 536.273505
0 0 334.407529999997
0 0 454.91256725
0 0 182.3622165
0 0 396.364711249999
0 0 256.107192499999
0 0 494.823171249999
0 0 276.355030249999
0 0 515.18574025
0 0 348.799428500003
0 0 215.52941525
0 0 397.100812249997
0 0 188.286432500001
0 0 551.069929
0 0 363.2365685
0 0 388.72041325
0 0 444.9591945
0 0 189.560040249998
0 0 462.14793425
0 0 455.3721845
0 0 270.464724999998
0 0 486.975820999999
0 0 415.716354499999
0 0 283.384745999997
0 0 512.134097000003
0 0 382.679562499999
0 0 246.703384250002
0 0 321.464015999999
0 0 492.253905250001
0 0 368.559274500002
0 0 499.99720725
0 0 438.768518500001
0 0 436.867760500001
0 0 326.958042500003
0 0 463.9139425
0 0 250.198906249998
0 0 320.185384000002
0 0 480.460471249999
0 0 376.332994250002
0 0 304.3801325
0 0 551.392962499998
0 0 496.488169
0 0 191.38731925
0 0 328.0252945
0 0 371.107485249999
0 0 572.405379999999
0 0 348.010399999999
0 0 302.920036249999
0 0 415.194674499999
0 0 581.827285000003
0 0 360.831439999998
0 0 313.119277249999
0 0 310.765146250001
0 0 321.146715250004
0 0 407.960528
0 0 420.085804499998
0 0 432.075100499999
0 0 468.055350500001
0 0 409.992421250003
0 0 290.967377000001
0 0 399.108924999999
0 0 265.40522
0 0 290.579796
0 0 312.005876499997
0 0 369.639945
0 0 242.51218925
0 0 426.504902500001
0 0 240.241685
0 0 252.041904999999
0 0 270.036844250002
0 0 304.201771249999
0 0 429.38518625
0 0 427.614030500003
0 0 510.936581249999
0 0 345.532234
0 0 410.850234250001
0 0 248.320225000002
0 0 407.087225000004
0 0 395.361089999998
0 0 563.41240425
0 0 201.166820000002
0 0 570.12289525
0 0 436.852766499997
0 0 690.468985000001
0 0 360.80573125
0 0 477.953477000001
0 0 410.786426249998
0 0 225.836868500002
0 0 183.257154000002
0 0 297.96785325
0 0 367.574456249999
0 0 511.607331999997
0 0 267.93901825
0 0 449.162316249999
0 0 236.812165
0 0 717.135397249999
0 0 220.375056249999
0 0 258.355382499998
0 0 400.86903925
0 0 297.247214499998
0 0 367.401206250003
0 0 287.288686249998
0 0 362.510444500002
0 0 396.898116500003
0 0 247.89541225
0 0 301.85721125
0 0 429.9653405
0 0 376.921021
0 0 243.824913
0 0 200.954339999999
0 0 1083.0721793125
0 0 362.24424
0 0 572.590512999999
0 0 218.156506
0 0 322.0926705
0 0 201.598296250001
0 0 409.397995250003
0 0 121.71539825
0 0 343.36219625
0 0 385.639446249997
0 0 571.813662499999
0 0 443.808812499997
0 0 690.269609250002
0 0 454.431054250002
0 0 427.746766249999
0 0 341.343722500001
0 0 498.7135465
0 0 287.806842249998
0 0 344.073141250002
0 0 404.455330250004
0 0 635.673485000001
0 0 409.5007825
0 0 503.910928250003
0 0 245.094138249998
0 0 333.107341000002
0 0 362.659929249999
0 0 687.0713805
0 0 501.02107625
0 0 414.0795425
0 0 426.174336249998
0 0 254.400282500002
0 0 277.512511249999
0 0 464.7522665
0 0 315.848226500002
0 0 371.472868000001
0 0 358.518762499997
0 0 558.499945249998
0 0 330.404224999999
0 0 289.5989425
0 0 453.423172250002
0 0 438.102731249999
0 0 313.975705
0 0 607.593224499999
0 0 327.325376499999
0 0 384.517071250003
0 0 452.713566499998
0 0 323.262526499999
0 0 479.014649999998
0 0 438.994264999997
0 0 425.85461
0 0 247.827234250002
0 0 303.749012499998
0 0 153.670386249999
0 0 493.062817250002
0 0 222.78226
0 0 202.431753
0 0 158.162005249999
0 0 464.804984499999
0 0 464.480361249998
0 0 229.748264000003
0 0 720.58201025
0 0 550.853845
0 0 457.853760499999
0 0 464.016610000001
0 0 607.969155489999
0 0 424.65645125
0 0 420.845901250002
0 0 322.260409999999
0 0 523.444383250004
0 0 291.010280499999
0 0 389.534850499998
0 0 398.641514000001
0 0 219.22185025
0 0 336.574737999999
0 0 286.076649999999
0 0 537.440201999995
0 0 534.605209999999
0 0 332.011711250002
0 0 236.775253249998
0 0 551.659723250001
0 0 526.95591925
0 0 465.931940500003
0 0 267.5936845
0 0 332.6319505
0 0 407.175966249999
0 0 391.249002499999
0 0 426.8251705
0 0 1273.19746525
0 0 378.048439249997
0 0 465.985051250001
0 0 651.787581249999
0 0 235.781330000002
0 0 521.5575125
0 0 640.818264999999
0 0 266.4168965
0 0 449.08093
0 0 497.173371249996
0 0 409.92505
0 0 437.62878925
0 0 564.147842000001
0 0 680.87171525
0 0 445.970130249997
0 0 193.895482249999
0 0 330.593281250002
0 0 353.670444249997
0 0 414.779157249998
0 0 681.411506499998
0 0 503.259157249994
0 0 407.46953125
0 0 576.96129209
0 0 218.163138250001
0 0 440.7135625
0 0 454.547416249996
0 0 727.097613250003
0 0 285.905766249998
0 0 417.4098065
0 0 469.139661249998
0 0 382.6740825
0 0 386.661469000001
0 0 286.98014225
0 0 476.135684000004
0 0 657.66179329
0 0 368.57540674
0 0 295.396658000001
0 0 309.4978093525
0 0 356.540858500002
0 0 263.390520499999
0 0 317.659736249997
0 0 748.180782250004
0 0 469.789693000002
0 0 477.188100000002
0 0 592.090011250001
0 0 472.145399352499
0 0 413.097288499998
0 0 224.51253761
0 0 563.122996000002
0 0 689.808517690002
0 0 482.41110125
0 0 526.628131999996
0 0 156.170297000001
0 0 416.994993410001
0 0 375.087036249997
0 0 194.933245022501
0 0 528.433557249995
0 0 594.156355999999
0 0 229.107483250001
0 0 671.762448272501
0 0 506.005404500003
0 0 660.758463250003
0 0 164.7693945
0 0 382.518912500003
0 0 782.187379772497
0 0 558.44143325
0 0 445.894756249998
0 0 243.151435472501
0 0 514.76657125
0 0 464.83112425
0 0 572.507910872502
0 0 509.99142925
0 0 499.148509000001
0 0 436.923498250002
0 0 520.10366425
0 0 532.240942250004
0 0 446.864209999999
0 0 517.257431060003
0 0 342.014682499999
0 0 493.348412960002
0 0 373.959587250003
0 0 308.129916249996
0 0 349.6685065
0 0 330.30360404
0 0 145.560408609999
0 0 1026.1137942725
0 0 363.4721725
0 0 406.869004562501
0 0 981.2317346725
0 0 583.596640039998
0 0 403.777002249995
0 0 532.905506499999
0 0 376.9391143125
0 0 435.068539090002
0 0 729.50812964
0 0 432.23898625
0 0 509.67016325
0 0 306.56667925
0 0 338.90811525
0 0 521.917356500003
0 0 337.043556250003
0 0 511.218865250003
0 0 250.5051041725
0 0 346.69073764
0 0 468.483565000001
0 0 532.057553000002
0 0 531.962874499998
0 0 660.412037502501
0 0 177.07486036
0 0 270.806950249999
0 0 207.35917925
0 0 848.379183609995
0 0 388.458831249996
0 0 289.079521250001
0 0 438.775054249999
0 0 602.419599560001
0 0 324.241952000001
0 0 665.781300499993
0 0 522.728332250003
0 0 1363.83668066
0 0 456.491165000004
0 0 369.85599304
0 0 485.487693000002
0 0 347.100988250001
0 0 442.63816
0 0 429.838851249998
0 0 617.81157125
0 0 351.85887425
1 229.76240825 300.47660936861
1 327.099942250004 360.437376907673
1 333.369752499999 383.757312157964
1 334.108506500001 418.033790296923
1 378.643719249999 636.261892105884
1 417.498626249999 452.357583294832
1 423.507006500001 510.43409132208
1 427.120922000001 475.936934947312
1 433.567273249999 1160.87052123211
1 442.355908249997 907.376759817342
1 442.835542249999 461.221132777396
1 450.622545249999 710.889670704511
1 452.405234000003 767.664672718171
1 460.424077249999 577.892606487181
1 465.1489565 554.283405912761
1 474.562416249997 1209.82881802279
1 478.709163250001 480.195696654467
1 478.896867250001 703.589290739274
1 480.154216250003 533.557737871093
1 485.144377000003 595.435443583338
1 485.981104249996 603.766397117887
1 487.743325 502.09771556425
1 491.6447354725 492.517322510315
1 492.248608999999 1211.25699853714
1 492.456125000004 497.977757967723
1 493.588009999997 569.818243863513
1 494.70086825 527.992181271091
1 494.711139249993 1136.61175352028
1 494.816217999998 1238.9415449848
1 495.647620000004 1508.51657759407
1 495.876880249996 948.835290100834
1 501.774631249999 1141.52038380717
1 501.882333250001 1190.14238539691
1 502.796400999994 607.919026114853
1 502.800271999999 1186.94646562986
1 504.254718249999 863.746609755097
1 504.887244999998 1078.07206035708
1 508.029797250001 933.050272567101
1 508.197827249998 973.667425896107
1 510.121131249999 1011.41548194523
1 513.326953250001 833.776770328801
1 514.496426000001 1014.5376399901
1 515.770002499996 706.347484553631
1 515.793022249999 1007.87536666782
1 517.464425000001 610.207293988927
1 518.391084999998 683.847085040824
1 518.541336249997 576.538192245375
1 519.440103249997 654.901861748431
1 521.4523225 745.827389857199
1 522.256902499999 693.480688696221
1 529.774325000002 589.408393474691
1 534.890238500002 620.077162801635
1 535.152436250001 574.543072407614
1 535.214211249999 1380.55068283979
1 536.426040249998 649.398760409336
1 536.562122 861.165098720033
1 537.294337 923.269250819213
1 541.1878565 800.931809388483
1 542.902102250004 1203.34277049325
1 543.595466 937.033926450446
1 544.113637000001 587.281026962621
1 544.521124000001 554.97258286894
1 547.316254249995 628.685478277322
1 547.443523250004 700.538712329002
1 547.889302250002 585.624707044058
1 554.857396249999 783.59550111514
1 557.626154000002 786.860360762479
1 558.3163345 567.572137310892
1 559.214745999998 636.113074575778
1 562.326862499998 964.512541589961
1 562.894249999999 1523.33917461135
1 565.740646249998 777.914766713445
1 566.62167125 743.986086159964
1 567.299817250003 568.439199087042
1 568.838496250002 817.212298675859
1 569.639331999999 737.678379191279
1 570.732201249998 699.109107230677
1 572.28563225 915.04071236146
1 572.382394250001 764.872919459204
1 573.94108125 705.973479050831
1 575.775457999998 942.291906188822
1 576.204012499996 627.222996865118
1 577.0826525 681.323457480505
1 579.503656250003 698.978278593352
1 582.1879625 869.571998647913
1 583.5423505 920.739029481346
1 585.493798500002 697.390672747912
1 587.40985625 1591.83757302725
1 588.470238249999 1093.69900711438
1 588.49468225 910.813751510807
1 589.308841249999 642.026590337856
1 590.010625 654.379834183355
1 590.277936500003 689.936365247702
1 592.618781249998 595.135323297303
1 593.059201249999 1682.04439822869
1 599.76479225 2066.58321651365
1 601.857452499999 731.691227574723
1 602.155430499999 647.397629071627
1 602.208538 666.127947222888
1 603.572704249995 1016.80912022194
1 604.790346500001 826.668170707745
1 605.867478499998 613.141856377144
1 606.084324500007 770.543891804971
1 606.841529000002 930.961736171643
1 607.425152500001 698.967112814195
1 608.225524249998 958.996450426206
1 608.976735249999 726.785501432051
1 609.679442500001 655.268014943941
1 611.068188249999 979.980320498311
1 611.33604625 1187.70334178584
1 612.15037325 762.226956027435
1 612.611866249998 822.270860909942
1 616.450176250004 691.677944012402
1 616.868842500003 1142.4315011565
1 619.559181 857.13504265218
1 621.436242249997 621.514277101485
1 621.483081249999 914.246279683989
1 623.092585250003 683.370357406694
1 623.389627249995 623.39109687547
1 623.598781249999 696.497581114497
1 623.83259825 653.458101405423
1 623.958373000002 719.292380554588
1 624.4000145 636.111098818762
1 624.777469 669.184013962276
1 625.417012999996 839.201528083938
1 625.605234500003 1022.85466642939
1 626.965095250002 632.033963888452
1 627.461556500003 722.037108079593
1 628.361622249999 678.506248006303
1 629.268754250001 1783.04246644012
1 632.204786250001 655.895097162152
1 632.552405000004 817.098762980202
1 632.637501249998 905.913051557867
1 633.243183249998 870.742819390157
1 633.3347025 792.279704999799
1 633.888839250003 751.863211997586
1 633.969126250003 906.870205691184
1 635.442588499998 671.950110037743
1 636.130265 1043.3017192553
1 638.64654625 1383.83901324283
1 639.209099249998 1223.19242746977
1 640.845481250003 1542.00863621018
1 643.297790499998 1432.06444187157
1 644.382238249998 668.753689624564
1 644.436531249998 684.145248133069
1 644.81434225 743.378085574052
1 644.919661000002 708.633752092127
1 645.273609249997 725.550979608716
1 645.95987425 1780.93733950685
1 646.23987125 893.272186165559
1 646.8148825 775.991920930802
1 648.668794640001 833.327662140671
1 649.504241000002 816.046881867524
1 650.244342250002 674.577075208059
1 652.525023249999 886.011965845328
1 656.319722499996 913.357473546904
1 657.794946249998 680.501572136908
1 658.044694250001 1317.74735087507
1 658.171458250001 727.004662717696
1 658.377531250006 658.443963289458
1 658.390573249997 800.230583060189
1 658.462050000005 731.358451659042
1 659.339380250001 1453.08491189262
1 660.567086499998 1162.94829308457
1 661.743837249999 1446.95699643044
1 662.170518500002 909.649266931249
1 662.367113999998 1459.26004715816
1 663.347409999996 1145.45005608017
1 667.486756 735.520433636538
1 668.353162499997 1019.44100359979
1 669.097008500003 743.378839016429
1 669.689582500001 1270.40971044809
1 673.807048250004 1075.25954140728
1 675.656246249999 708.267442018197
1 676.116116999998 700.216029274854
1 676.735179250003 765.731505991605
1 676.966242250002 763.056898678283
1 677.336563249999 681.270284100371
1 677.776078250001 756.284981332988
1 678.19694125 767.617641663856
1 678.19838125 815.514041533767
1 679.753449000001 694.710293026953
1 682.729636500001 881.096417431747
1 685.668645 889.668039964994
1 686.828002499994 691.051575284569
1 688.534158499998 769.316493764552
1 688.587984499998 708.69426839443
1 688.91166469 798.841490543361
1 689.734944999994 767.880568609151
1 690.972612999994 744.572484167897
1 693.252982250002 1002.04319753802
1 695.107898000002 749.990267112748
1 695.450186499999 754.086669226336
1 695.624404 965.904318468203
1 696.693848500004 755.625332671478
1 699.672534499998 700.136069193099
1 701.695862499999 1301.95164598207
1 702.313014249998 847.283082274527
1 703.820350249999 900.060071157342
1 706.13001425 733.834565190405
1 706.598084249999 716.097342701973
1 706.779004499998 1514.87880253137
1 708.184908249999 1342.35736972394
1 709.137562500006 1085.63704161151
1 711.068978500001 1119.61080368714
1 711.286341250002 742.172756090011
1 711.927845000002 1027.16371533509
1 712.805412500006 916.41616383279
1 714.372168250004 802.28134730957
1 715.427246500004 744.463465450289
1 715.473037250002 898.234278469461
1 717.668716499998 754.974071523169
1 718.0890265 903.592184373244
1 723.892556249999 774.157306779767
1 724.573527250004 724.63846825112
1 725.65591325 1292.40212286921
1 726.278829249998 860.936259417624
1 727.2073225 809.298777377481
1 728.29211625 1652.62388831138
1 728.519508250002 908.679886435309
1 730.162062500001 1660.20519688837
1 733.821231250004 803.919315575028
1 734.946217000004 760.354437246016
1 736.665375999999 739.010439310529
1 737.054567999999 1147.02200375048
1 737.09118025 1275.55898735359
1 737.147801000003 1046.72838296028
1 738.573907999998 1526.04072003156
1 738.621867250004 904.600753081436
1 739.1080385 770.959333302872
1 739.3746725 824.325845125506
1 740.093600500001 889.582079922129
1 742.749127249996 835.834109529357
1 743.465546 1530.62815652583
1 743.6515945 1146.82178191501
1 746.612526250001 815.124103543874
1 747.5256985 852.605187449961
1 748.101192499997 754.103996316075
1 748.332731249999 1597.29182347815
1 750.95477125 960.126344159932
1 751.586139250005 895.312024801432
1 751.898826499997 774.90317675961
1 752.085681999998 757.758793624176
1 752.175344500004 752.601198654026
1 752.258226249997 782.319741278272
1 758.495437249999 1045.02296710829
1 758.933341000003 769.893568062742
1 760.273139210002 1949.70961533448
1 760.443029 899.627648313895
1 761.537344500001 917.360706011966
1 761.61671425 970.507875179959
1 762.768323999997 821.679940067973
1 763.186652499997 799.881756185101
1 765.951781000003 1010.48252962707
1 766.192623249992 856.650770587097
1 766.815723249996 768.616473077144
1 767.040927249998 1003.61970731961
1 768.112335249997 770.313525032999
1 768.1646565 791.260002443428
1 768.53319425 771.329191893615
1 769.372384360001 1867.54536498746
1 770.480337250003 889.989445641513
1 770.610331249995 816.789552513861
1 772.030746500001 825.035777512258
1 775.658194322496 1131.94889185094
1 776.506539249998 816.078625937853
1 776.654580499997 948.113241494091
1 776.913632009999 777.032910756477
1 778.088653000001 782.73426274269
1 778.80490525 788.327349187247
1 780.177567759998 918.732026154607
1 780.594662250002 902.691919657969
1 786.45432325 2087.10008934205
1 787.390906250001 944.616339234877
1 787.885501249996 837.93337491183
1 788.96417125 1305.49836981177
1 791.022912250003 911.919544066735
1 791.103784250001 838.752728735233
1 791.421510500002 804.947610340943
1 791.758753999997 793.46655927614
1 792.102629000005 853.198979439516
1 793.927892499996 1013.95712027687
1 795.319520500004 854.404710878585
1 795.88813925 863.25177622275
1 797.263026499999 1378.07783113745
1 798.736612249999 804.365993815592
1 798.954682000002 805.766301546012
1 799.025886250002 854.019402412684
1 799.572751249999 805.52306427331
1 802.788526250003 898.729767968212
1 803.490540249996 840.35697424546
1 803.687451250004 1034.22427689406
1 804.14307625 865.861303418076
1 805.126606250001 885.489946535966
1 805.630990249997 871.932399969899
1 806.27151625 1065.38487400174
1 806.741224249998 1816.41615141712
1 808.898222499999 1094.45383810829
1 809.310415249999 814.916932044043
1 809.686043089994 827.075428357517
1 810.914978249998 1486.43211256857
1 818.034372500002 912.168918360118
1 818.6765085 1111.12167466446
1 818.720153 855.060447068903
1 820.375909 1351.18442758797
1 821.139533 829.023757546054
1 821.880999999998 949.799586295673
1 823.122508499999 920.129783642928
1 825.685624249999 846.271917706773
1 826.428362500002 893.873906504066
1 827.769531250001 1003.74551960474
1 828.061050499999 950.592326295765
1 830.41037 1023.64789720282
1 831.07315525 1219.78497268676
1 833.139301249999 1295.939093141
1 834.700725000006 917.381730251895
1 836.253392 1484.54161141733
1 838.493105000001 947.810425828013
1 838.583713999997 861.143304961169
1 838.760735772501 849.526600300952
1 840.732010000001 878.949995975613
1 844.233962500002 901.135457793749
1 844.236141250004 847.576969434649
1 846.792036250003 1065.10629149183
1 846.804598249998 935.651488504562
1 847.029220249998 882.493763712474
1 847.6332005 848.038211665376
1 848.60582125 999.380546118512
1 850.025884249996 905.48724417239
1 850.517950250001 858.52503049675
1 852.399071240003 969.709034602436
1 853.365914 1064.0421289905
1 855.642487249999 860.117407868562
1 858.05008 924.210185481505
1 858.206925249998 1144.4077938576
1 858.424480249999 912.669870259989
1 858.675962 909.434463222826
1 859.43160425 934.973013264815
1 859.7394445 915.769803815342
1 861.345978522499 1064.97698892359
1 863.676589250004 910.463458331285
1 863.890510250001 864.054818833165
1 866.978124999997 890.120465929194
1 869.228056250002 2752.03377438618
1 869.513912499997 884.141065598178
1 870.635691250001 1276.95111476864
1 871.504623250002 892.939514816284
1 871.571166249998 876.731496726138
1 872.516881 1073.53659535617
1 872.751286250002 961.911753162274
1 874.088129000005 874.425211644801
1 874.2838985 1093.60329955844
1 879.539939999996 1160.46864076796
1 880.003144000005 915.613044075086
1 880.4947925 989.336173304894
1 880.94988925 1314.86742305117
1 881.889811249997 991.978525880255
1 882.270649999998 1069.37368996006
1 882.398978500001 1549.49955634493
1 883.785849999996 1769.16304926369
1 883.81144025 984.08134843289
1 886.927065249999 901.108360629519
1 887.221399250002 1193.26405949898
1 889.513659250003 898.474427662393
1 892.335392500001 918.793964316631
1 895.577565250004 1024.54104686263
1 896.215602500004 902.449632771545
1 897.788206249999 901.498770350074
1 898.3850625 940.667450859033
1 900.084152499999 906.205129819182
1 901.728588250003 939.04699329759
1 902.768209250007 960.303969683854
1 902.922236500002 928.125574845477
1 906.918613249998 952.924044485736
1 907.168900500001 1032.21889605653
1 907.20064025 907.34377389978
1 907.374930249998 1040.27117602641
1 908.188075249997 908.29925539411
1 909.343200499997 910.054572434711
1 909.765461249999 910.358072461888
1 912.769169000002 1026.72136311074
1 914.284758499999 1121.47894764541
1 917.486404000001 1022.29245499536
1 918.579224249994 1013.65870194551
1 920.125251249999 964.054314708873
1 922.104565000002 925.964977372986
1 922.540921250001 1327.3123134246
1 923.059324999999 1022.77942014233
1 924.3096525 989.500267022106
1 928.390332500002 1197.2010499783
1 929.531653000002 954.812473165386
1 930.753633999999 1362.18436047393
1 932.498226250002 1114.7984333015
1 934.735671250001 1047.94403357739
1 936.449506250002 1063.71353056642
1 937.817916250001 1202.02764327463
1 938.462898250002 987.637522905374
1 940.977444250001 1120.52500036821
1 941.821953999999 943.752749469223
1 942.749148999999 994.578029981264
1 945.953942499998 1182.2854678452
1 946.659780249998 1023.22325482878
1 946.838341250002 1019.12795197368
1 947.87280125 1000.24004951369
1 949.789730000002 966.521019273594
1 952.889106249998 1115.10626914004
1 952.93413725 1060.68784626482
1 954.504165249996 1014.84672498349
1 957.415623250006 966.888157345727
1 964.032262250002 1035.86412367341
1 964.998362250004 967.965247245905
1 967.317523249999 1010.9451053423
1 973.95850625 980.763039967888
1 977.031102249997 1016.68069276185
1 980.842450250004 985.031381829198
1 982.274010249998 1029.91854899751
1 987.332591250006 1022.07426512761
1 990.11093425 990.840707085594
1 992.638262500001 1014.55931861184
1 1006.86453625 1006.9344882359
1 1008.21198925 1024.67012130341
1 1009.74997825 1011.23244180899
1 1009.860745 1009.86122936773
1 1010.2279400225 1079.57348287887
1 1016.27043050001 1021.4434959049
1 1019.49210725 1022.54369616882
1 1021.87228225 1029.45801102928
1 1026.0343825 1057.34587482348
1 1031.860745 1032.10298611549
1 1032.95308225 1036.82894005921
1 1043.32893125 1060.03659866881
1 1044.65415101 1565.13969048177
1 1047.0619265 1119.76209809198
1 1047.08713509 1066.81542439619
1 1049.33865125 1080.66834659732
1 1060.4704528525 1308.85319221992
1 1063.92197025 1190.18416470221
1 1065.21172921 1170.2038289218
1 1065.5380205 1096.21795177028
1 1065.550106 1075.26852224492
1 1070.13034125 1295.09845957357
1 1071.0669905 1197.96375533829
1 1073.26701261 1474.55905034284
1 1079.44026569 1245.69524394476
1 1082.05479625 1138.22756069496
1 1083.07293125 1101.63840537918
1 1084.330629 1306.42125414794
1 1088.6704685 2748.34163229271
1 1089.9503055625 1208.19017245087
1 1090.8856525 1129.45681664883
1 1097.2841765 1178.45231593496
1 1098.73436724999 1301.18024037196
1 1102.27630225 1130.48468427205
1 1102.90538 1103.06112149028
1 1105.99999525 1106.73714736083
1 1106.60117594 1137.04892985986
1 1107.09600841 1229.82970597322
1 1111.5358885 1116.25537233152
1 1114.6548627025 1118.2612044903
1 1115.328365 1115.35814926292
1 1115.65254125 1122.50459663156
1 1116.4535585 1245.59966031987
1 1134.8583590725 1164.49808590542
1 1136.70558125 1137.01993482457
1 1145.09259125 1278.53173990643
1 1147.00632325 1147.11750113128
1 1148.69970625 1158.2698201541
1 1153.3447125 1159.3771083842
1 1154.82812825 1351.22642876879
1 1160.96518325 1162.62409761767
1 1164.7681685 1166.03592137408
1 1170.50339844 1282.61954521874
1 1172.90975650001 1212.97423276622
1 1174.14171269 1243.97901375834
1 1174.78128149 1185.80119924032
1 1180.79225225 1214.74155712584
1 1181.310773 1831.24201036075
1 1187.5762084525 1220.3917466291
1 1196.02672225 1240.48533241181
1 1198.3215665 1238.95633421453
1 1198.390132 1203.10899014737
1 1202.44135489 1230.12407952444
1 1203.1794003125 1466.85049245872
1 1217.05085125 1249.37296423278
1 1219.48637625 1333.14778773461
1 1226.01993625 1263.2896142543
1 1231.84589725 1261.2492811192
1 1238.4642435625 1239.2194564653
1 1243.2028265 1348.4195317817
1 1244.40613754 1551.38044124122
1 1246.49079266 1327.8772097632
1 1248.86099125 1260.48175587916
1 1250.33422725 1455.60581960885
1 1255.735325 1855.74811317976
1 1267.61210325 1415.46100836446
1 1273.0647505 1375.57223688998
1 1274.71513525 1417.30655829245
1 1280.68168 1448.11851915066
1 1282.1969953125 1441.54845615977
1 1284.19534325 1293.02519865556
1 1290.8404105 1310.96670059194
1 1293.8155225 1397.82946334441
1 1296.94852125 1453.12923061504
1 1300.4768029025 1578.96400582242
1 1302.70392625 1319.35000712056
1 1303.4942185 1322.47951290943
1 1307.6893484525 1445.27415891212
1 1310.2045992725 1322.23943071009
1 1312.279994 1428.97489955274
1 1313.67429125 1386.82356744326
1 1316.40331625 1384.14504312334
1 1316.43388025 1609.70355077196
1 1320.17681525 1376.80286929786
1 1323.04798125 1773.57548302432
1 1323.14882625 1333.54407166773
1 1327.4196185 1327.42696259626
1 1341.19466 1389.52744560766
1 1349.5752422225 2557.84371462168
1 1350.95588801 1451.57146981167
1 1361.76913325 1511.07821433389
1 1363.28862800001 1370.90037120415
1 1366.56362825 1437.66965417897
1 1380.80741 1446.45522857518
1 1381.95531399999 1400.9887587239
1 1382.42185625 1398.21632410395
1 1405.60360525 1511.9934012034
1 1409.45040925 1854.33350713254
1 1411.449898 1443.60004445936
1 1414.2006170725 1417.72926409046
1 1414.93914500001 1417.87002017324
1 1419.44858681 1639.2007279372
1 1423.30853125 1423.40796968733
1 1455.58332925 1460.12676380339
1 1457.48271554 1514.75795146553
1 1466.63371125 1488.22010343425
1 1470.3870893225 1725.2022454736
1 1495.2875405 1499.75661983702
1 1530.48354499999 1530.48949295892
1 1534.91081725 1616.17594387176
1 1563.48571625 1749.07259593381
1 1575.253252 1582.71570501846
1 1577.14623725 1581.05866837201
1 1589.64004625 1618.2204176788
1 1592.8100505 1748.68957404291
1 1612.48163225 1617.48618653988
1 1631.06186449999 1638.31533642775
1 1642.06300025 1642.17673215412
1 1678.01408 1798.23627281991
1 1692.48935425 1715.97450101151
1 1693.325608 1989.26385518614
1 1697.33965025 1703.66842834099
1 1706.1570767025 1909.64094061076
1 1715.4756104225 1722.75949073724
1 1739.4838985 1762.89409372314
1 1754.014496 1839.19559019804
1 1754.0377585 1754.4860829211
1 1802.92928936 1831.1576598908
1 1803.67164125 1804.08386440791
1 1865.333113685 1906.43423245192
1 1867.13968825 1886.84308021165
1 1895.403848 1926.31061296631
1 1905.55078925 1932.23916999043
1 1911.7285303525 1916.65309569445
1 2379.03356241 2414.03935581791
1 2738.9681665 2742.5858343148
