0 0 Inf
0 0 410.740185250002
0 0 426.270559249998
0 0 429.116424499999
0 0 283.598149249999
0 0 345.489522500002
0 0 398.852940999996
0 0 238.376572250001
0 0 428.318601250001
0 0 415.117080499999
0 0 327.135726249999
0 0 412.23001025
0 0 239.079752499999
0 0 318.420776500001
0 0 323.106511249999
0 0 356.259272499999
0 0 502.63221425
0 0 252.865892499998
0 0 394.821292499999
0 0 372.013506249996
0 0 453.992366249998
0 0 374.21957725
0 0 377.834728500002
0 0 313.471260500001
0 0 602.722701249997
0 0 529.578881000004
0 0 291.582834499999
0 0 372.39174025
0 0 347.201826249999
0 0 428.221644999997
0 0 248.549053000001
0 0 284.086124499999
0 0 503.44494125
0 0 469.0743445
0 0 316.820706500001
0 0 127.87956325
0 0 423.9023825
0 0 366.116916250004
0 0 411.564442500001
0 0 249.426120500003
0 0 291.1581025
0 0 333.934776249999
0 0 217.014418
0 0 399.787987250002
0 0 289.6176925
0 0 158.062736250003
0 0 360.683417000002
0 0 360.281884999999
0 0 192.967998500001
0 0 197.563262499999
0 0 824.1469525
0 0 209.655496249999
0 0 252.698789250002
0 0 324.562293250001
0 0 417.841578250001
0 0 343.119845
0 0 164.918412500001
0 0 277.1989805
0 0 258.252916999999
0 0 295.292000249999
0 0 364.428056499998
0 0 511.827796249999
0 0 153.015289249999
0 0 323.093322500001
0 0 317.10033125
0 0 488.905346000002
0 0 382.914237250001
0 0 325.011381250003
0 0 488.177919999997
0 0 319.812304499999
0 0 260.58867325
0 0 278.660670499999
0 0 434.937420249998
0 0 277.147730000001
0 0 292.935252499999
0 0 276.515521
0 0 387.8645905
0 0 181.53962125
0 0 438.828416999999
0 0 395.697924
0 0 474.451049249998
0 0 436.177699250001
0 0 303.0075185
0 0 673.66788025
0 0 318.346109000001
0 0 353.393527250001
0 0 361.120528250001
0 0 336.965586250001
0 0 899.006671249995
0 0 358.424840000001
0 0 360.4284205
0 0 326.562925
0 0 257.345323250001
0 0 553.822562499998
0 0 275.339028500001
0 0 490.753106000001
0 0 284.750116250002
0 0 431.250570250002
0 0 291.693085
0 0 202.546376500002
0 0 299.176695249997
0 0 248.742784999999
0 0 549.154332499999
0 0 343.578901250001
0 0 616.343119250002
0 0 371.88293125
0 0 709.987021249997
0 0 344.597343249999
0 0 532.822624999999
0 0 327.287449
0 0 438.256620500001
0 0 350.29620225
0 0 238.56396525
0 0 220.231279250002
0 0 336.581641249999
0 0 320.87466625
0 0 253.5582985
0 0 323.039041249999
0 0 458.816931250003
0 0 306.67934725
0 0 556.837923249997
0 0 514.521254249997
0 0 809.4336805
0 0 341.937781250003
0 0 727.9390925
0 0 551.1520625
0 0 236.6063365
0 0 446.540906250001
0 0 440.343055999999
0 0 525.215049250001
0 0 464.551131250002
0 0 338.975442499998
0 0 602.378734499997
0 0 496.657380250001
0 0 440.473842499998
0 0 244.58555025
0 0 353.90637125
0 0 438.219237249999
0 0 283.855110249998
0 0 323.7017285
0 0 599.339825
0 0 249.86422925
0 0 334.315618249997
0 0 535.357940000001
0 0 176.75269025
0 0 787.511313000002
0 0 458.022265999999
0 0 381.525948250001
0 0 500.341864999998
0 0 821.697052500004
0 0 409.605808249999
0 0 263.850644250001
0 0 500.96409025
0 0 480.644102500004
0 0 174.343213
0 0 276.34402325
0 0 393.7393525
0 0 510.2985065
0 0 274.554227250001
0 0 300.60707625
0 0 446.995028249998
0 0 270.182952499999
0 0 516.419606249999
0 0 269.72270725
0 0 458.609836250001
0 0 766.352136249997
0 0 456.4840085
0 0 335.60424725
0 0 273.041420500001
0 0 300.181378250002
0 0 542.521438250002
0 0 327.479569249999
0 0 270.16620625
0 0 264.726730250001
0 0 427.751610500001
0 0 366.913292500002
0 0 592.86279725
0 0 351.350876249998
0 0 386.910541249999
0 0 212.018885000001
0 0 275.517144249999
0 0 485.70847625
0 0 326.1006425
0 0 645.970466250005
0 0 323.390466249999
0 0 417.480777250003
0 0 255.86189125
0 0 317.821494249999
0 0 643.475234000003
0 0 538.339237
0 0 234.942614500001
0 0 423.486389
0 0 417.82736825
0 0 293.458496500001
0 0 621.933838250004
0 0 270.9936385
0 0 700.342113249999
0 0 325.746652249999
0 0 665.616562250004
0 0 480.281825000001
0 0 227.813489999999
0 0 411.602425249998
0 0 706.36843325
0 0 193.537608499999
0 0 272.058034249999
0 0 269.32188625
0 0 533.6649025
0 0 236.50115625
0 0 307.086056499999
0 0 449.811781000001
0 0 415.11635125
0 0 563.095784000001
0 0 509.206043249998
0 0 205.79460425
0 0 387.295926499999
0 0 325.98840325
0 0 389.930912499997
0 0 619.928037
0 0 507.763636249998
0 0 490.34705625
0 0 178.571441
0 0 243.439999249999
0 0 310.565256250001
0 0 310.9831325
0 0 207.9710585
0 0 551.810961999996
0 0 390.208612250001
0 0 602.210520499997
0 0 535.69172
0 0 171.3671705
0 0 404.25896125
0 0 316.817561000004
0 0 218.98908725
0 0 997.181698250004
0 0 450.16262825
0 0 335.706337
0 0 424.946815250003
0 0 552.336992999999
0 0 280.865419249999
0 0 528.770529250001
0 0 304.2363745
0 0 217.8764605
0 0 353.473793999997
0 0 357.429828500005
0 0 557.568981250001
0 0 342.127349
0 0 149.877278499999
0 0 259.371511249999
0 0 434.189842000001
0 0 631.554850000001
0 0 634.25735225
0 0 329.27302525
0 0 335.834557250001
0 0 255.0033785
0 0 272.5488025
0 0 248.576136250001
0 0 364.20017625
0 0 427.716835249999
0 0 557.220953250001
0 0 385.693306
0 0 345.27372325
0 0 404.68735625
0 0 415.717273999999
0 0 120.385062250001
0 0 369.2438905
0 0 379.693314249999
0 0 402.776070499999
0 0 506.951489250002
0 0 597.864252500002
0 0 277.220226250001
0 0 190.296100000002
0 0 494.772005249998
0 0 536.623949000002
0 0 428.535044500004
0 0 555.304861000004
0 0 545.148060499999
0 0 533.663035249999
0 0 397.07297225
0 0 275.88065
0 0 566.253362409999
0 0 402.31220525
0 0 395.517928499999
0 0 410.010201249999
0 0 398.728832500001
0 0 899.126847250001
0 0 273.627554000002
0 0 255.8532205
0 0 477.621117
0 0 590.935978000001
0 0 344.537473000002
0 0 384.303187250002
0 0 466.649598500001
0 0 325.620614499996
0 0 398.032164499999
0 0 382.71615125
0 0 210.547066249999
0 0 403.505581250001
0 0 355.104372500001
0 0 319.135194250001
0 0 527.489341250001
0 0 383.59714625
0 0 206.383858
0 0 157.922537
0 0 342.092754812501
0 0 274.322262249998
0 0 295.678762
0 0 194.255777
0 0 447.2437385
0 0 388.16900125
0 0 357.1904425
0 0 202.580921
0 0 407.0451285
0 0 244.943687249999
0 0 570.5009485
0 0 444.461768499999
0 0 269.4012525
0 0 519.02708125
0 0 596.500842499998
0 0 339.681366250003
0 0 631.829568500003
0 0 625.822649000003
0 0 329.885395999997
0 0 292.27067425
0 0 556.954446249999
0 0 285.234181249998
0 0 238.692391999998
0 0 218.783530000003
0 0 467.64473225
0 0 396.083524999999
0 0 341.17793125
0 0 483.707081250001
0 0 389.711748249998
0 0 276.08377
0 0 328.424341250002
0 0 328.977626
0 0 412.356550249999
0 0 424.1679605
0 0 250.46751949
0 0 410.794324249998
0 0 237.696273
0 0 400.60866625
0 0 596.263061249995
0 0 440.74330625
0 0 612.212129360002
0 0 441.909733809998
0 0 339.371784
0 0 426.411726250002
0 0 555.12551125
0 0 487.884272500003
0 0 483.461791250001
0 0 535.521608000002
0 0 206.202509
0 0 447.282066499998
0 0 425.108657272502
0 0 237.34981625
0 0 344.170493000001
0 0 534.238977459998
0 0 572.629331860001
0 0 454.26781781
0 0 293.30299925
0 0 662.69054861
0 0 395.174596160001
0 0 527.746980499999
0 0 353.452157
0 0 334.60053425
0 0 356.584516249999
0 0 300.45035225
0 0 522.089548250002
0 0 364.710954249999
0 0 357.630334209999
0 0 380.6918278225
0 0 420.107636
0 0 248.15855125
0 0 415.803202000001
0 0 388.675394499998
0 0 469.52780425
0 0 376.597182249999
0 0 481.758422500002
0 0 479.648588472503
0 0 384.623099772497
0 0 300.1508845625
0 0 294.231298249998
0 0 269.342429000001
0 0 370.222011250003
0 0 350.541857249997
0 0 238.4797
0 0 332.494248999999
0 0 340.60009525
0 0 391.469876312501
0 0 337.286795222499
0 0 285.05871225
0 0 476.303256499999
0 0 481.27875625
0 0 154.59959969
0 0 263.3342680625
0 0 277.584662499998
0 0 526.866207250001
0 0 348.154187410001
0 0 153.181583290001
0 0 278.045315559999
0 0 444.896464999998
1 252.767206249999 312.483059054051
1 276.9707025 426.703187353611
1 280.468491250001 429.051964294943
1 288.369077000001 465.308567137286
1 301.89567625 332.479722096562
1 306.194406250001 315.885392030383
1 306.340621249999 311.400934927254
1 308.0119445 603.419418195157
1 314.391698 332.016277666086
1 322.7635225 361.151471643303
1 328.515914 635.257749127423
1 333.13467829 502.721390227401
1 336.753154000001 393.90806844491
1 337.70814925 523.153962777044
1 338.744912499999 662.67207495882
1 344.001388249999 423.256814494661
1 344.870050659998 852.68953932678
1 347.713769 615.530790364077
1 352.356879250001 694.095576354918
1 355.177486249999 440.590770876523
1 358.42584925 476.584891970693
1 361.52514225 786.561814783626
1 367.06691825 433.504589295507
1 368.43699925 410.744270637011
1 368.469223249999 688.131469002825
1 368.613801250002 413.093636818622
1 368.656862499999 439.788016991567
1 369.850944500003 546.529870877042
1 371.2022845 592.008399920632
1 371.5587005 438.502917950269
1 371.993085000003 514.273341617121
1 373.062810499999 408.384714533184
1 378.32255225 567.381606508045
1 378.64467625 573.604877329789
1 381.099901 784.967811497801
1 381.19173925 458.32054144044
1 382.242445000001 417.691787513672
1 382.34681525 706.203583576436
1 382.887366250001 482.274515148457
1 383.060308999999 568.528645787026
1 384.052573 728.685123981497
1 384.439616500003 769.592538744546
1 386.385318249998 423.868858376049
1 387.16322125 621.653608462165
1 387.5082725 748.042785682742
1 390.22534449 449.448384248324
1 391.230835249999 543.761482234793
1 391.59259625 591.021203121761
1 392.953156000002 427.032295842079
1 396.9976825 537.562833894609
1 397.182863250001 746.338186038006
1 398.43648325 525.747328248023
1 398.583873999999 493.126935221147
1 398.698706500003 454.365131708921
1 398.71511725 668.755868726718
1 399.1751725 653.050712759854
1 399.922566249998 415.597870698429
1 402.9571705 441.206034264093
1 405.97780925 504.259571196196
1 406.7024545 477.921633968546
1 407.456553999998 459.561647388454
1 409.012129250001 737.381003693668
1 409.874141000001 540.171880063267
1 411.7793065 503.990583061662
1 413.859634249999 478.280889358579
1 414.540831999999 545.618091941979
1 415.381941249999 419.114532330815
1 415.732873 670.871620047199
1 415.877748499999 458.382013164708
1 417.961989000001 735.441344200369
1 419.234 427.935478495456
1 421.177588 454.162508288402
1 421.696916999999 464.075391697747
1 422.324814250001 450.505380118386
1 425.541684499999 546.99331264851
1 425.636786000003 432.799360709183
1 425.857412500001 514.610937431499
1 426.395810000001 466.733429596283
1 428.499845 500.223670964027
1 428.6405245 804.874192114914
1 429.878944999999 474.60311441681
1 430.186898500002 677.786610409644
1 433.699825 490.835904092577
1 434.365276499999 699.307255588652
1 434.71640914 602.021845409075
1 434.871055250002 445.460716516089
1 435.341446249999 538.702981347352
1 436.390744250001 458.802895787859
1 439.239676500001 559.734983696822
1 439.43923925 653.933167033637
1 440.89703125 887.521954136998
1 441.403180999999 600.008964267112
1 441.622144999999 1041.4457689379
1 442.061622500002 699.848952242383
1 442.235560500001 484.635000366574
1 442.525350250001 565.924661206465
1 442.53715725 776.964136698604
1 443.13909125 591.834525319174
1 443.643426250002 704.059852557397
1 443.683596249999 457.35775162293
1 444.8034125 461.272512627457
1 446.5912025 931.149099626323
1 447.902718249999 1101.04920112558
1 448.960426 492.858267921442
1 449.488670500003 874.014974988519
1 452.69896825 589.623315554083
1 456.173048500002 581.79235373815
1 458.547217000001 525.763604416698
1 458.953230249999 578.688923563782
1 460.280704250001 487.833062993082
1 464.677024999997 1116.25890341103
1 465.949045000001 644.478338824129
1 466.019112500001 566.10068076757
1 466.079344999999 587.327171785265
1 468.097576249999 503.15072220744
1 469.264128249999 988.610561241143
1 473.780306500001 790.178016258343
1 474.025845249999 716.451641160397
1 474.57691425 534.991288499128
1 475.047673250002 498.567285227315
1 475.4637585 566.424087732195
1 475.96721825 740.824571621329
1 476.512621249999 519.737128883207
1 476.962693 535.364146605455
1 479.273707249998 494.911114178805
1 479.658948249999 609.231167850098
1 479.959605 518.879635889661
1 480.12484 488.303256043306
1 480.602692250001 500.852797519646
1 481.199684500003 489.395512684121
1 481.424138000001 786.757027491709
1 484.048552499999 559.420298092502
1 484.216417 485.592814821018
1 487.011779999999 715.247833846513
1 487.6389325 563.64655967488
1 488.418404499998 668.003764910679
1 488.604881 538.716747648499
1 490.840181000002 713.253267167569
1 491.60987825 527.344508997705
1 492.4539745 562.011701818018
1 492.732492499998 561.084219334486
1 493.457122000001 567.310245857268
1 494.29767125 649.406787884818
1 494.772506500002 615.994838821708
1 494.883325 587.152610322879
1 495.0749245 566.400164120878
1 495.23083625 638.062087507031
1 495.363165250002 551.157101958694
1 498.190156249999 563.839417443171
1 498.533806250001 534.54882000021
1 499.03049925 818.704332761038
1 499.229389249998 539.453715536906
1 499.630401999999 627.273534145004
1 500.893322499998 544.673400075387
1 501.215185 587.786477899863
1 501.397362 775.66128144684
1 502.781712500001 550.587104957953
1 503.388875249999 926.918118939516
1 504.5994325 665.341117080556
1 505.144495250001 534.977504432718
1 505.743060500002 547.722525932875
1 506.6675888125 600.176811192887
1 506.672505000003 506.675901537296
1 506.984822499997 1071.32417194043
1 507.403532500001 619.189202842084
1 507.921901250001 522.432559785342
1 508.772998822501 927.202313800255
1 509.07925825 713.810992322111
1 509.459127249999 548.92992344196
1 510.767600500001 519.959077612808
1 511.4735585 592.411330118306
1 513.569904249999 981.32078958727
1 514.134484 816.114513336658
1 515.193276500001 793.000334086657
1 516.406422250001 733.131050198148
1 516.62016125 893.542713307862
1 516.640810250002 623.582652254639
1 517.21620725 714.318115019324
1 518.56935325 678.935466568596
1 518.752384999998 710.226897826859
1 519.724129 610.515711370497
1 520.11268 614.819891774645
1 520.959396249999 1040.97724776523
1 522.316045249998 771.022811579181
1 524.656418499999 553.564254695928
1 524.911398499999 920.897586431936
1 526.156753249999 558.533358312463
1 526.194098000001 580.046007672209
1 526.91937425 586.283987579819
1 527.873465249998 639.068498029938
1 528.5760625 622.696207355662
1 529.053631250001 536.298401828871
1 530.83203725 578.136721686157
1 534.82664825 563.320132440766
1 534.846365 535.180322552734
1 535.406941250001 828.566487955433
1 535.614732500002 549.883332082881
1 535.919518250001 613.544617131852
1 536.31792125 590.871616555083
1 536.3402945 600.696302493348
1 536.970902500005 601.30787322697
1 537.251479250001 622.427353407592
1 538.30832625 801.15432561485
1 539.451138500001 743.954522680221
1 540.913567999996 1133.66409707639
1 541.590793 786.8290802889
1 543.631616562499 856.278245474457
1 543.981628249999 685.920742016496
1 544.217106500001 567.029208503634
1 545.011098249997 587.054386505316
1 545.01585525 843.275504499663
1 546.190150499995 1082.88706165448
1 546.385522500002 609.392958319204
1 547.245680500003 663.508899446537
1 548.043681249998 579.927633790645
1 548.656486249998 689.823578761247
1 549.307002499998 1098.86615707886
1 549.569135249998 577.743378339023
1 551.987705249999 640.754550718668
1 552.985150250001 609.924292042433
1 554.242968250001 604.449933493256
1 554.966158500001 732.578000855868
1 556.06711625 599.354541217552
1 556.128521000002 729.518174236772
1 556.90709381 655.449746093246
1 557.41405 650.497811079571
1 557.637909249999 566.381626766096
1 558.068239249998 595.782890499753
1 559.378821249999 941.232109094048
1 559.709419249999 578.204179842779
1 560.970377999999 1081.70666837115
1 563.970757250001 884.74853561088
1 564.000252999999 1077.80246442334
1 564.071628499999 981.188218562207
1 564.285098000001 567.738356309353
1 564.496884250001 721.247508692065
1 565.190181249999 1305.86351335487
1 565.857688500001 753.777696650044
1 568.562545 693.68975239453
1 569.539263289999 797.81065641916
1 570.081206500001 822.670183821444
1 571.2786505 631.935049009619
1 571.747086250002 799.091859179089
1 574.41173525 657.183315834604
1 574.771648999999 1021.52381930645
1 574.935855249999 1162.7666981776
1 575.391368499999 775.268290485093
1 577.361002 577.581725277409
1 578.007732249999 651.479638270469
1 579.690782289999 735.790616750172
1 580.652988499998 906.003648291204
1 581.01675525 644.076684169455
1 581.482520999999 802.239792186542
1 583.181622160001 925.048430455768
1 583.788984410001 750.349857923354
1 585.2820190625 655.559575961121
1 585.649897999999 918.726936134358
1 587.68547125 588.063762008285
1 589.227336999999 616.160487408862
1 590.947812500003 599.266884915325
1 591.656649999996 689.631991036958
1 592.410033 642.159298702196
1 592.445198249995 682.667836785522
1 592.817825000001 748.979849185676
1 594.52596125 825.70338097474
1 598.694320999999 685.169572272846
1 599.22859025 641.111442209638
1 599.503828490001 684.226887600149
1 599.665054499997 603.680561181038
1 600.57513025 706.315972028279
1 601.079500250002 918.533362038989
1 603.863172249998 606.4877629703
1 607.562605 969.286772940281
1 608.044562500006 1243.85199414566
1 609.096617000001 841.960042675857
1 609.175656999993 1213.58087408589
1 609.338011249999 703.806970541425
1 609.864169999999 960.797290448043
1 609.94590925 751.951944647869
1 610.14294125 626.013791619696
1 610.691101249998 882.21956455322
1 611.617906250001 631.410691195514
1 614.095144 889.303072547507
1 616.69659025 799.615939222197
1 616.789681249998 725.916534836044
1 617.25141425 892.620546019703
1 617.683882500003 718.275738360267
1 619.327793250002 659.638538484009
1 620.73782725 634.835501700913
1 621.560730250002 1162.13471290056
1 622.251921250001 638.751839741348
1 623.4194525 684.469179780738
1 624.854731250002 1124.56206647177
1 624.87590625 757.12142921715
1 626.1830425 1142.48318962817
1 626.440228000001 726.063687677004
1 629.935656249999 640.715882565975
1 629.956100000001 642.962124638015
1 631.7540325 825.796924141241
1 633.849112250001 1174.18495892262
1 634.820710500003 639.967147271608
1 637.767547249998 637.768293859127
1 638.186336499999 667.589255537924
1 638.374322499999 1092.98788083374
1 639.922516250001 654.961621037496
1 641.103453250001 647.243768866345
1 641.347762250003 1096.85229325439
1 643.151293 908.382708099477
1 643.283317000001 1199.4703640855
1 644.389837000001 1058.01545835076
1 645.938202499998 743.465173279233
1 646.949972249999 650.48217390328
1 647.799463249998 679.265164339697
1 648.772195072502 1183.1566917193
1 649.12684525 944.18156575876
1 649.171849999995 649.61139578709
1 650.735169999994 701.117244357957
1 652.055446249998 1077.8007589348
1 654.336228499999 685.394095419813
1 655.0687765 752.936840783659
1 655.63444125 960.04748367785
1 656.746013249999 657.753994190193
1 656.902408499999 876.010908107129
1 657.40867625 748.425587450162
1 657.810499249999 681.727568997807
1 659.275814499999 834.339831059423
1 661.16157925 731.945873836171
1 661.265605722499 710.259976243047
1 661.311003249997 681.375502855486
1 662.105236249998 970.135030551686
1 662.135421372501 708.098473537339
1 662.14951101 744.574105370727
1 662.228312500002 678.036977672643
1 662.76081425 746.955258155043
1 663.232364500001 692.373793555688
1 663.450726500001 733.922000248087
1 663.891784250001 686.617403099418
1 665.526725 687.986089721781
1 665.580052999999 963.709971802764
1 666.322960250003 697.068153303543
1 667.927610500003 797.618084700125
1 668.259706250002 777.229545372438
1 668.636285 689.08071112114
1 671.372426249999 1001.88930725346
1 672.643361 1455.15191573294
1 673.959130000001 785.074740645433
1 676.905474499999 677.658605134413
1 679.737408249996 708.583964031484
1 681.3543125 748.014288340568
1 681.3604625 825.30313079646
1 682.007736500001 682.269353812408
1 682.910966499999 783.494679766582
1 683.149924999997 1299.11141560998
1 683.22627925 755.216153585473
1 684.479376249998 684.482448313633
1 685.125606250001 995.773479559674
1 685.340406250001 702.905956545611
1 686.276621 741.02258461001
1 687.376015999999 703.932138014312
1 687.937201250001 801.43125060991
1 687.992267250003 1137.20240577711
1 688.30157425 792.327321011144
1 688.456958500002 788.739688277829
1 688.9182625 1127.90394774575
1 689.088546249996 2017.8274662541
1 690.532056249997 1006.28625255679
1 690.902131250004 822.397383530956
1 691.843506500001 756.569717060269
1 692.285848999996 855.776619214014
1 692.806036 714.29625001425
1 694.747909000002 1154.32502225705
1 694.891145000002 876.863884438234
1 696.964986249999 732.125486887199
1 698.523799249999 726.359071925591
1 701.756010249999 875.164507618399
1 702.312249249998 719.032929058452
1 703.720872000006 984.114985854194
1 704.834174250002 917.240823193038
1 705.015802 730.526742101516
1 705.476316499999 1178.54685041573
1 707.97043225 760.999956107692
1 708.113683250002 786.425270652136
1 709.23787025 1269.6681283373
1 709.754646249998 810.009855312897
1 712.608641 721.095061749328
1 712.688755999999 715.29724299977
1 712.756396249995 1062.30601463361
1 713.437995249996 779.370967350301
1 713.630178499997 713.658583688022
1 715.0603045 811.841760139565
1 716.177962 798.843914225557
1 716.877801249999 869.183563814088
1 717.243409999998 935.573792112296
1 720.366242499999 737.037279346543
1 720.466281249999 757.062129338246
1 721.220681250004 982.234670255934
1 721.344787122503 736.246015477404
1 722.508196250003 939.865888027356
1 722.738281249999 793.478967169515
1 724.24779844 761.86665792422
1 729.759265250001 774.297025523238
1 733.697334499995 873.603492234794
1 734.093320499999 852.302030819557
1 734.256925000002 757.747754562478
1 736.083108 826.341322288661
1 736.249392500005 742.116738682755
1 737.019168499998 1445.65848215785
1 737.209570249997 1198.7971034588
1 738.148625000001 987.592068419756
1 738.847125249998 818.737770035103
1 738.962323249999 1479.94570045308
1 740.199293000001 931.424245633317
1 742.065064249999 1351.38873636335
1 742.116412249999 800.474037324713
1 742.296962500002 1233.28012771887
1 743.126250500001 748.629185015989
1 744.814644500003 937.906496711349
1 745.680679999998 813.029669465899
1 746.006626 797.295358872276
1 747.706147249999 824.570554765824
1 748.348861249996 1126.89531027202
1 748.513461250001 827.46765034648
1 749.959137999998 770.223214112988
1 750.22383725 750.228256037037
1 752.743566250003 998.305721046183
1 755.805065000001 763.713383717591
1 755.918766250002 801.230409486531
1 759.467242249999 989.308549677597
1 760.1079724225 1116.0584941616
1 760.970448250003 1353.53691609408
1 762.143353999999 1013.16626605113
1 764.14707821 1099.25240959884
1 764.562312500001 835.139154392897
1 765.078859250001 860.585072624
1 766.629936999994 998.739520637939
1 766.780202499999 793.755935247535
1 767.90200325 874.164802109218
1 768.32780125 804.232281988224
1 770.096772000002 853.168272084407
1 770.192552000001 771.258818755058
1 770.321725459999 942.466019298126
1 770.45789225 772.338262206671
1 772.780167999999 779.545395612264
1 773.077547250001 815.978344414757
1 773.6968 950.021244680122
1 777.834710499999 821.368727057926
1 779.023952 892.523106268882
1 779.57221 873.677196087671
1 780.645860000004 931.086169064577
1 781.959231250001 795.289177422255
1 782.702815250001 1098.4331274925
1 783.489028000001 793.842495086079
1 784.506372500003 838.080544394513
1 789.837430499999 882.04572367597
1 790.265018250002 822.311560227617
1 790.53229 917.824246202068
1 792.068403999998 896.452675928606
1 793.92024125 964.710608673631
1 794.398517 1115.27760668301
1 799.353666250002 1119.94377524236
1 801.490882249997 807.925536778155
1 803.6900145 806.084132304679
1 805.0485425 831.806715156297
1 805.719091250001 825.151340729509
1 806.892003249997 838.296008513274
1 809.644252499996 960.11241265098
1 811.258942499996 845.256065254711
1 811.778505249998 1053.44300466751
1 811.78710925 930.066201516505
1 813.33120625 813.479101390888
1 813.543646500003 814.052807995029
1 813.576656249997 931.667850165137
1 813.983966499998 897.585655641096
1 815.029621250001 878.639142137132
1 815.555400250001 958.925752397321
1 817.761793000003 830.343957831139
1 819.9974825 831.843465304106
1 820.3877105 1043.31091336225
1 820.628790500002 866.357582246303
1 821.363645000002 835.937458602898
1 822.367575250004 904.832960199803
1 822.905522499999 906.212426542626
1 823.904017249999 981.513199608733
1 824.247193999995 1038.77537979337
1 824.729194250004 836.43186018556
1 826.282849999997 847.867011708462
1 827.864481249998 849.913893819225
1 830.71828825 869.52294324054
1 831.148244000006 951.649956774359
1 832.000412499997 835.008447045211
1 834.963210249999 887.391718074093
1 836.180986250007 1113.06487320279
1 836.888006250001 836.948959877165
1 838.27658696 856.658517358782
1 839.103325249994 878.793531505498
1 841.838708249998 987.596076485925
1 843.566862500003 887.38269141898
1 844.806801249997 852.997263047993
1 845.119993249999 874.867235694665
1 845.462809999999 874.523744661004
1 846.530959249991 1009.75017528332
1 847.3887865 860.153899770538
1 847.499300499998 1224.7909082227
1 849.622424499999 928.202541908197
1 850.076894499999 948.903950731133
1 850.481507250003 854.622129240361
1 853.770601000002 994.758091951998
1 856.12141525 1330.93059698267
1 858.728801249997 1130.81720813251
1 861.443878250001 983.204395061158
1 861.522814250001 876.060011908065
1 865.96288425 879.437154454186
1 867.17001625 871.039953011808
1 868.245570250006 1432.64023699768
1 870.158757250002 993.313156673933
1 870.763973000001 976.738222735313
1 874.562349249999 874.720075217027
1 875.153756250003 921.077999472466
1 875.961109249998 902.297144556176
1 877.56990625 889.853684941299
1 884.160328000002 1273.02418667919
1 886.144256500001 991.783125714823
1 887.000374249997 925.218284522334
1 887.236102250001 890.874568448516
1 887.686962499999 964.977406821988
1 887.90650525 900.526261880333
1 891.91454525 981.844363075779
1 893.231136250001 916.770500246338
1 893.611145249998 1063.50084619826
1 897.697476000001 901.915977699794
1 897.768498499993 948.871893365426
1 899.854098250005 967.08101508575
1 900.430104250006 962.159304735184
1 905.305729250004 957.176833531571
1 905.69984125 907.426554613171
1 906.173011249999 936.399907453036
1 906.338803249999 923.018887705654
1 907.420248500002 935.388483452506
1 908.572128999999 908.890674443173
1 909.073385999998 934.131250777519
1 911.352514000001 1001.58405618602
1 913.610262499999 945.775466690601
1 915.087982249999 959.652045004894
1 916.23325925 952.260638519257
1 920.900682249999 963.315325587761
1 925.671361249998 926.31224945699
1 928.681364 1300.94121349801
1 929.564454250007 1105.16692347969
1 930.869989249999 1690.71946260795
1 931.354544249999 1014.52445279687
1 935.022364999995 956.969655149156
1 935.685951999998 938.341289960846
1 935.708061249996 1004.45713537319
1 937.180397249999 983.952929542835
1 938.315349250001 1032.76629898355
1 940.666457000001 973.535248040455
1 944.520192499997 948.916498336801
1 944.801160499998 967.605236628204
1 946.193031249999 973.584636874449
1 950.078116250001 981.798529841896
1 952.05097325 973.596772060844
1 952.686341000004 1112.23244056278
1 957.03355729 1005.10648462525
1 957.402786250001 1141.09059350994
1 972.391026499999 990.706170696445
1 973.860654500002 974.411865057419
1 975.074411249997 1080.56904914024
1 985.183302500001 993.117848520302
1 987.342938499999 987.951823035909
1 990.054372499999 1087.41799629782
1 995.915116250002 1212.85925661185
1 1001.71300999999 1022.72773483007
1 1002.28379225 1042.87748713344
1 1002.37165025 1151.11402281577
1 1002.392114 1066.88197758865
1 1002.615809 1639.89912305513
1 1017.387397 1214.73456476914
1 1017.88138824999 1025.58990852877
1 1022.419472 1091.29816496985
1 1024.85251124999 1161.50713276681
1 1027.24423825 1033.37762997655
1 1027.8248065 1283.92820177198
1 1036.67184725 1049.66362094729
1 1039.65397325 1129.44180497726
1 1042.73474825 1130.27810633993
1 1046.545981 1073.0835071245
1 1049.626649 1067.73372404996
1 1051.0139945 1082.19627334292
1 1052.775557 1062.13066527889
1 1055.86572325 1095.15628328418
1 1058.6650825 1067.3802409875
1 1064.15806825 1087.14443677421
1 1065.232213 1065.94193761334
1 1066.3848805 1229.78947275753
1 1067.90073925 1167.46039067643
1 1072.469605 1807.2131187988
1 1073.37539125 1952.87897986385
1 1076.95067525 1724.71424075141
1 1080.101776 1084.11692879709
1 1081.41214025 1084.01430418511
1 1081.8254725 1102.551843181
1 1093.49930425 1108.10511693215
1 1102.68440425 1280.49542083153
1 1106.21615525 1159.15645812807
1 1115.44102124999 1359.05869854443
1 1122.93731225 1214.16186027287
1 1129.16682125 1381.31393495285
1 1129.53628625 1166.57469006914
1 1140.69501325 1143.78459596705
1 1141.1393545 1141.70713844513
1 1142.8529845 1288.54627672224
1 1159.94116625 1230.94005652955
1 1160.512865 1489.92687415317
1 1160.917684 1184.38098977242
1 1165.71885889 1166.06182899989
1 1170.801341 1171.12936960411
1 1173.59058125 1173.67066746046
1 1179.02678725 1182.01391322814
1 1180.80576 1543.02012515856
1 1187.7699145 1291.6697119113
1 1206.49827625 1269.16498221535
1 1213.36298224999 1371.67514170555
1 1236.22446125 1950.42930759552
1 1236.623629 1238.74947676852
1 1241.682097 1338.85229458145
1 1248.85691125 1457.02470235952
1 1250.4891425 1412.68834627757
1 1251.2836205 1270.36300531088
1 1263.05313125 1294.44913139079
1 1263.42457825 1403.78917843133
1 1267.2788525 1309.1608784814
1 1275.03569525 1282.78996894496
1 1296.638152 1298.36279633373
1 1327.33778125 1330.76097174003
1 1332.376261 1349.38225774717
1 1378.34486225 1459.34906950493
1 1390.65583625 1394.35892700906
1 1487.544293 1548.6533865565
1 1519.471112 1527.84499327822
1 1533.69085825 1638.96426355005
1 1881.49395925 1931.23582171078
