"dimension" "Birth" "Death"
"1" 0 0 Inf
"2" 0 0 359.203849000001
"3" 0 0 280.773213249997
"4" 0 0 309.377058499997
"5" 0 0 782.6091985
"6" 0 0 318.272525000001
"7" 0 0 265.377297250001
"8" 0 0 328.3760845
"9" 0 0 364.444358499999
"10" 0 0 195.71184025
"11" 0 0 306.544536499998
"12" 0 0 200.27432725
"13" 0 0 144.741636999999
"14" 0 0 414.49554
"15" 0 0 315.796422250001
"16" 0 0 305.025123250003
"17" 0 0 359.394025999999
"18" 0 0 518.119101250001
"19" 0 0 301.424548499999
"20" 0 0 388.172415999998
"21" 0 0 275.0420465
"22" 0 0 195.43307625
"23" 0 0 255.989808500001
"24" 0 0 465.29844425
"25" 0 0 317.414332250002
"26" 0 0 254.513432500002
"27" 0 0 192.740042499999
"28" 0 0 312.928027249998
"29" 0 0 230.432310250001
"30" 0 0 400.626249999999
"31" 0 0 114.664036
"32" 0 0 192.943102500001
"33" 0 0 164.99790225
"34" 0 0 459.527331249996
"35" 0 0 720.750410499999
"36" 0 0 233.1236405
"37" 0 0 608.579889999998
"38" 0 0 105.69522025
"39" 0 0 514.42783925
"40" 0 0 263.035573249998
"41" 0 0 331.85770225
"42" 0 0 60.3485262500005
"43" 0 0 304.35742025
"44" 0 0 251.851984
"45" 0 0 284.3481085
"46" 0 0 369.701635250003
"47" 0 0 434.903511250001
"48" 0 0 430.374013000001
"49" 0 0 488.109456500002
"50" 0 0 203.3316625
"51" 0 0 390.577249000001
"52" 0 0 349.218672499997
"53" 0 0 492.044312499999
"54" 0 0 312.302725249999
"55" 0 0 366.834777249999
"56" 0 0 171.830134250001
"57" 0 0 215.475256250002
"58" 0 0 190.555206249997
"59" 0 0 254.280044499999
"60" 0 0 112.842272
"61" 0 0 56.4212404999997
"62" 0 0 93.7470942499999
"63" 0 0 228.980577999999
"64" 0 0 392.51207725
"65" 0 0 150.18020225
"66" 0 0 300.036288500001
"67" 0 0 106.08072425
"68" 0 0 436.125477250004
"69" 0 0 652.738281250002
"70" 0 0 133.628170000001
"71" 0 0 652.0270725
"72" 0 0 602.502406250001
"73" 0 0 471.9333785
"74" 0 0 489.798960249995
"75" 0 0 138.292510499998
"76" 0 0 39.7654962500002
"77" 0 0 175.127731250001
"78" 0 0 400.427021249999
"79" 0 0 338.93472125
"80" 0 0 167.121492249999
"81" 1 151.032366250001 185.319961809185
"82" 1 237.6637885 241.242255772042
"83" 1 269.813449249999 322.289754267824
"84" 1 278.9272225 331.844535420434
"85" 1 301.066872250001 306.692349166128
"86" 1 313.61931925 315.586172352596
"87" 1 317.881622499999 517.401756394573
"88" 1 319.257513249998 450.782210766431
"89" 1 332.481747249999 350.993732976373
"90" 1 345.685101249999 405.949712137024
"91" 1 348.300417999999 379.431404965802
"92" 1 356.290161999997 601.064676640164
"93" 1 356.774263249999 619.941168954782
"94" 1 363.844861249997 411.718578698299
"95" 1 371.230674250001 730.450724108647
"96" 1 385.774717250001 844.273885265948
"97" 1 388.679988250004 488.153721284329
"98" 1 391.150906249999 794.711218399025
"99" 1 395.805962499998 969.069266829457
"100" 1 406.693728499999 660.6914268146
"101" 1 412.214445249999 517.575707915419
"102" 1 419.783553250001 714.296198929712
"103" 1 428.134266250001 433.190041998205
"104" 1 432.9847325 579.908546612045
"105" 1 433.310116999999 433.472443702776
"106" 1 446.09079325 563.149289247278
"107" 1 447.688580000003 667.25411908364
"108" 1 461.075731999999 541.043336642938
"109" 1 472.0201 812.812815423601
"110" 1 473.81752125 877.154369857976
"111" 1 475.880181250001 720.722412131732
"112" 1 483.31191325 646.017023468642
"113" 1 492.941971999999 576.908348078451
"114" 1 509.176470499998 676.468355262867
"115" 1 511.990872500003 540.966475788409
"116" 1 518.944969 594.854230897723
"117" 1 520.264860250003 562.969235583685
"118" 1 523.043196999997 886.334178610657
"119" 1 525.313169999999 572.919859430109
"120" 1 531.305959999997 595.217866708326
"121" 1 535.992674000001 560.529073745099
"122" 1 536.944981250001 557.95864441165
"123" 1 537.068982500003 636.071862022646
"124" 1 546.797790499997 595.900025984949
"125" 1 548.560800000002 664.228589097532
"126" 1 552.129936500004 564.151723246531
"127" 1 559.553730249999 567.275164506749
"128" 1 569.601031249999 795.353268846691
"129" 1 572.699962249996 623.119355203293
"130" 1 572.883730250002 574.445176830175
"131" 1 578.911531249998 902.726338859184
"132" 1 589.819646250003 676.442283255844
"133" 1 602.603165250006 625.795531842611
"134" 1 609.742455250001 609.745346946594
"135" 1 630.71487925 719.449276389915
"136" 1 639.6093665 1042.43505360946
"137" 1 642.362086250003 769.648861568781
"138" 1 644.362888000001 689.190060081421
"139" 1 651.373281250001 776.588577645129
"140" 1 661.686001250004 1276.89502867765
"141" 1 674.031362500002 678.391469987869
"142" 1 675.073492 688.963596342981
"143" 1 680.505160250001 680.762024455244
"144" 1 686.281466000001 793.68096127372
"145" 1 711.01274425 727.273858859457
"146" 1 715.385765 716.573602151471
"147" 1 721.646470250001 746.075106054437
"148" 1 723.868202499998 784.868568431016
"149" 1 729.804251250001 758.642711153266
"150" 1 739.981395250001 752.475186045031
"151" 1 742.991931250001 771.881767205763
"152" 1 744.997116250001 754.549127293927
"153" 1 755.8950445 862.793122831346
"154" 1 768.2658125 783.647033424063
"155" 1 770.464026250001 794.745197429616
"156" 1 796.636889 873.14819614104
"157" 1 827.882016249999 1626.81091897127
"158" 1 832.318628500003 842.128018604954
"159" 1 836.554095250001 850.32553277745
"160" 1 857.401551250003 858.8437254359
"161" 1 879.861362500002 1200.3640678458
"162" 1 911.688418249999 1160.9280036524
"163" 1 929.597656249998 999.09544169695
"164" 1 935.364147249999 1036.35557973201
"165" 1 960.543892249997 1041.98973138227
"166" 1 961.554031249998 1074.64591539143
"167" 1 967.385305999999 1486.1119138834
"168" 1 970.784354000001 1014.50332836748
"169" 1 995.997460249999 1118.63074555657
"170" 1 1042.2183125 1051.90605094588
"171" 1 1066.7248285 1073.78173235239
"172" 1 1067.52524125 1069.50231945119
"173" 1 1101.9785165 1232.79937422175
"174" 1 1231.96414525 1246.76203053742
"175" 1 1237.819193 1611.18940727621
"176" 1 1307.95092025 1328.85338853178
"177" 1 1393.70716324999 1393.73055858355
