"dimension" "Birth" "Death"
"1" 0 0 Inf
"2" 0 0 323.064132499997
"3" 0 0 310.530516249999
"4" 0 0 326.865506500002
"5" 0 0 293.382388999999
"6" 0 0 299.890338250003
"7" 0 0 469.001874500001
"8" 0 0 371.967664999999
"9" 0 0 210.432979250001
"10" 0 0 409.647042499999
"11" 0 0 209.689528249996
"12" 0 0 382.345730000003
"13" 0 0 409.70044625
"14" 0 0 335.227578250001
"15" 0 0 426.517081249998
"16" 0 0 380.791594
"17" 0 0 421.977852249999
"18" 0 0 377.558904999999
"19" 0 0 463.108464999998
"20" 0 0 349.596283249997
"21" 0 0 248.4425905
"22" 0 0 373.896410000001
"23" 0 0 228.49144425
"24" 0 0 244.848974500002
"25" 0 0 293.375956250001
"26" 0 0 295.6392245
"27" 0 0 204.972417249999
"28" 0 0 263.853850000001
"29" 0 0 405.594614500001
"30" 0 0 528.456474000003
"31" 0 0 331.584884499999
"32" 0 0 478.444845250002
"33" 0 0 137.449850000003
"34" 0 0 357.7650305
"35" 0 0 460.510361999996
"36" 0 0 333.1325225
"37" 0 0 212.95534825
"38" 0 0 419.468625
"39" 0 0 523.724841250002
"40" 0 0 299.969497000002
"41" 0 0 270.148986250003
"42" 0 0 251.598822500001
"43" 0 0 281.779656999999
"44" 0 0 550.315756249998
"45" 0 0 289.810128500001
"46" 0 0 344.419719999998
"47" 0 0 418.497082249999
"48" 0 0 199.11414125
"49" 0 0 175.390081250001
"50" 0 0 204.187818249999
"51" 0 0 330.474469
"52" 0 0 260.604442
"53" 0 0 279.0171485
"54" 0 0 260.2060705
"55" 0 0 267.210924499998
"56" 0 0 140.196610250002
"57" 0 0 264.90970025
"58" 0 0 467.105644249997
"59" 0 0 515.504090000001
"60" 0 0 162.033038499999
"61" 0 0 586.954452500004
"62" 0 0 249.140240000001
"63" 0 0 365.388250000001
"64" 0 0 374.32344625
"65" 0 0 757.973706250002
"66" 0 0 329.246722250001
"67" 0 0 371.377466000002
"68" 0 0 131.557666000001
"69" 0 0 517.518852250002
"70" 0 0 98.8446802499994
"71" 0 0 565.439856249997
"72" 0 0 175.582572250001
"73" 0 0 472.452790500002
"74" 0 0 358.982541249998
"75" 0 0 270.77557
"76" 0 0 309.08800025
"77" 0 0 249.393332000001
"78" 0 0 349.906954
"79" 0 0 126.517725
"80" 0 0 456.513700499998
"81" 1 195.642746000002 229.162215791784
"82" 1 252.51343925 269.613071092452
"83" 1 296.053868500001 357.036015915585
"84" 1 327.341974500001 558.499439845775
"85" 1 332.730196250002 543.355615040949
"86" 1 341.2933345 352.827596498411
"87" 1 362.469172999999 362.474889277094
"88" 1 369.901800250001 384.745705061465
"89" 1 378.507422250003 482.128426492319
"90" 1 378.770040999999 386.838186794269
"91" 1 383.072163999999 421.227171356702
"92" 1 394.415688999999 583.788466892448
"93" 1 397.2047705 504.340906399431
"94" 1 401.769960249998 429.154249894157
"95" 1 412.50938125 454.157705651023
"96" 1 413.280114250001 542.198381864019
"97" 1 414.640912500002 472.090071778017
"98" 1 415.726568499998 524.141909989243
"99" 1 426.701859999999 523.133113428334
"100" 1 436.748898499999 621.004662517987
"101" 1 448.491905000002 530.687195665117
"102" 1 458.797606249999 738.896746176702
"103" 1 463.8151105 530.830237288099
"104" 1 464.390704999998 518.428615351676
"105" 1 466.134084999999 921.64750847856
"106" 1 466.944666499997 501.324238014132
"107" 1 473.33172325 750.081003100733
"108" 1 478.082365 525.359777120064
"109" 1 478.442281250002 577.518716669593
"110" 1 479.83306625 482.657126543646
"111" 1 488.559529250005 885.433317770922
"112" 1 490.80650225 584.69878932028
"113" 1 496.913034500001 644.688528641497
"114" 1 501.373246250002 523.912154413036
"115" 1 502.396413249999 571.425937483035
"116" 1 507.295475999997 705.426876939445
"117" 1 511.586962249998 554.860569159544
"118" 1 511.706656249999 850.955086458496
"119" 1 511.945788250001 1105.11479610733
"120" 1 516.857696499998 797.515392255137
"121" 1 518.485332250002 537.32109216004
"122" 1 520.443912500001 534.434346545096
"123" 1 526.2857365 546.08762076434
"124" 1 526.708258249996 1078.60189225601
"125" 1 527.571330500002 603.946680749516
"126" 1 541.620938 832.689019962738
"127" 1 541.883391250001 588.293530565126
"128" 1 542.305539999998 609.695501680648
"129" 1 549.372357 639.889107417193
"130" 1 550.890010250003 671.576698327963
"131" 1 558.903431250002 813.412250973369
"132" 1 559.487402500002 592.30218178701
"133" 1 561.851392999999 1196.46658978421
"134" 1 564.823636250001 881.277033475295
"135" 1 565.16076125 646.737245883131
"136" 1 566.027524249999 732.916235123863
"137" 1 568.156331249998 675.698704366632
"138" 1 570.615172 709.450983510776
"139" 1 580.935702499994 938.625891462491
"140" 1 583.073331250004 676.075549655024
"141" 1 585.754351250005 612.786633613101
"142" 1 594.367726250002 628.422974632712
"143" 1 600.238631250001 715.80770876421
"144" 1 602.940069250003 611.321017661719
"145" 1 603.788098250001 633.279327469402
"146" 1 604.682626250001 645.475724707122
"147" 1 605.831492499999 607.540351345516
"148" 1 606.564932499999 936.650912881013
"149" 1 611.304184249996 995.615412480278
"150" 1 639.314321000001 889.491782619422
"151" 1 640.771488250002 1168.14043543352
"152" 1 641.093844250003 724.683109465597
"153" 1 648.39709325 733.454403094155
"154" 1 653.505232250002 665.266550613644
"155" 1 668.668508500001 762.774996225168
"156" 1 673.849465999999 1081.84724931729
"157" 1 682.792915999997 800.631912340755
"158" 1 691.225729000002 691.565489765102
"159" 1 693.065587999999 712.57258862242
"160" 1 698.946372500004 984.739816307095
"161" 1 704.8230005 705.256633530363
"162" 1 716.892696500003 801.944513979573
"163" 1 738.85105325 782.00514729671
"164" 1 746.4614365 960.333079431754
"165" 1 746.4690745 817.868491779533
"166" 1 755.022922249998 772.050375488276
"167" 1 761.100433249997 832.47372521271
"168" 1 765.425684499999 874.794813348738
"169" 1 770.471972499999 835.391211269644
"170" 1 797.136682000001 917.651021094304
"171" 1 806.254724500002 832.233399012341
"172" 1 829.918325 921.643131021027
"173" 1 831.701042500001 900.736630219064
"174" 1 842.340156500001 887.879893367149
"175" 1 850.831440999996 1087.6059434903
"176" 1 898.904738249996 1111.75095631422
"177" 1 928.116976999998 948.40970873878
"178" 1 993.535348000003 1085.25778361994
"179" 1 1027.9049525 1121.45591691092
"180" 1 1035.87811925 1054.49422019604
