"dimension" "Birth" "Death"
"1" 0 0 Inf
"2" 0 0 381.24866925
"3" 0 0 314.877440250002
"4" 0 0 458.982277
"5" 0 0 353.336104999999
"6" 0 0 257.589636249998
"7" 0 0 355.94248925
"8" 0 0 224.292774500001
"9" 0 0 152.84639225
"10" 0 0 242.245429
"11" 0 0 312.987080250001
"12" 0 0 303.091353
"13" 0 0 306.222774250002
"14" 0 0 275.6644685
"15" 0 0 251.595746000001
"16" 0 0 383.4388265
"17" 0 0 345.528918499999
"18" 0 0 350.713381250001
"19" 0 0 248.532859250002
"20" 0 0 181.380975249999
"21" 0 0 273.527134250001
"22" 0 0 365.9917985
"23" 0 0 336.978438249999
"24" 0 0 328.593529
"25" 0 0 404.690261000002
"26" 0 0 222.95263625
"27" 0 0 286.339781250002
"28" 0 0 374.6991485
"29" 0 0 259.598386000001
"30" 0 0 248.660541
"31" 0 0 178.147125
"32" 0 0 149.461176249999
"33" 0 0 458.353956250003
"34" 0 0 244.488691250001
"35" 0 0 273.09099625
"36" 0 0 270.93860225
"37" 0 0 223.911632500001
"38" 0 0 220.385014249999
"39" 0 0 284.27343625
"40" 0 0 324.151137999997
"41" 0 0 301.430374250001
"42" 0 0 285.48699525
"43" 0 0 322.517194000001
"44" 0 0 290.269258250001
"45" 0 0 270.605859250002
"46" 0 0 367.227594500003
"47" 0 0 312.75123125
"48" 0 0 201.476365249999
"49" 0 0 275.807190499999
"50" 0 0 222.709422250002
"51" 0 0 344.892019250002
"52" 0 0 259.509925000001
"53" 0 0 274.657854250001
"54" 0 0 372.639881000001
"55" 0 0 240.702500000001
"56" 0 0 244.431064999998
"57" 0 0 289.705000999999
"58" 0 0 224.723466249998
"59" 0 0 187.310553999999
"60" 0 0 382.640896999999
"61" 0 0 215.324554000002
"62" 0 0 340.952735249999
"63" 0 0 523.516632500004
"64" 0 0 215.740867250002
"65" 0 0 285.973952500001
"66" 0 0 224.362125
"67" 0 0 212.565301250002
"68" 0 0 239.536626499999
"69" 0 0 147.989797249998
"70" 0 0 153.1784005
"71" 0 0 228.26240125
"72" 0 0 203.311920500002
"73" 0 0 306.318570499999
"74" 0 0 155.403886250001
"75" 0 0 327.643856
"76" 0 0 206.991362500001
"77" 0 0 311.23781125
"78" 0 0 143.17199825
"79" 0 0 190.708838499999
"80" 0 0 296.089940499999
"81" 0 0 102.52571225
"82" 0 0 271.362276249998
"83" 0 0 187.651210000002
"84" 0 0 219.729156499999
"85" 0 0 149.742056250001
"86" 0 0 150.191824
"87" 0 0 425.777393000001
"88" 0 0 222.60673525
"89" 0 0 105.242244999998
"90" 0 0 373.180264999999
"91" 0 0 174.002464
"92" 0 0 346.548756250002
"93" 0 0 335.170209999997
"94" 0 0 363.440666000001
"95" 0 0 295.661900499998
"96" 0 0 440.903333250001
"97" 0 0 152.19391025
"98" 0 0 219.896124499999
"99" 0 0 565.631186
"100" 0 0 290.264001250001
"101" 0 0 278.707506249998
"102" 0 0 190.48105525
"103" 0 0 195.415353249998
"104" 0 0 222.3127265
"105" 0 0 342.148898499998
"106" 0 0 341.3808765
"107" 0 0 309.84190825
"108" 0 0 195.17004725
"109" 0 0 223.214003999998
"110" 0 0 398.446275249998
"111" 0 0 256.5147385
"112" 0 0 464.381104999998
"113" 0 0 187.467826
"114" 0 0 324.652658499998
"115" 0 0 487.280586499998
"116" 0 0 251.841702499998
"117" 0 0 161.20268525
"118" 0 0 299.204532499999
"119" 0 0 351.67864525
"120" 0 0 241.189683250001
"121" 0 0 319.09188125
"122" 0 0 301.319913250003
"123" 0 0 415.917531249999
"124" 0 0 181.861924
"125" 0 0 74.9272662499999
"126" 0 0 210.403776250002
"127" 0 0 275.802378500004
"128" 0 0 181.151120000002
"129" 0 0 437.33481025
"130" 0 0 220.1435405
"131" 0 0 256.7796125
"132" 0 0 390.247651250004
"133" 0 0 367.568823250001
"134" 0 0 332.607495999998
"135" 0 0 277.989498249997
"136" 0 0 225.752890500001
"137" 0 0 71.9647925000005
"138" 0 0 295.66005625
"139" 0 0 117.996385
"140" 0 0 238.557341249998
"141" 0 0 225.0219465
"142" 0 0 218.014465000001
"143" 0 0 276.911281250001
"144" 0 0 241.6983925
"145" 0 0 190.013670249999
"146" 0 0 230.80266
"147" 0 0 411.260569249998
"148" 0 0 286.742820499999
"149" 0 0 312.96715225
"150" 0 0 285.605631250002
"151" 0 0 334.722246500002
"152" 0 0 391.83882025
"153" 0 0 464.190578000001
"154" 0 0 152.389738250002
"155" 0 0 271.656336250001
"156" 0 0 449.859865250002
"157" 0 0 316.752816250001
"158" 0 0 338.581054250003
"159" 0 0 227.037966500003
"160" 0 0 345.185140250001
"161" 0 0 376.060945
"162" 0 0 403.005794000002
"163" 0 0 207.294218500003
"164" 0 0 243.324801250002
"165" 0 0 175.61961425
"166" 0 0 322.921186250001
"167" 0 0 299.893143249999
"168" 0 0 308.05287325
"169" 0 0 380.616888250002
"170" 0 0 298.616411249999
"171" 0 0 295.2050085
"172" 0 0 183.274085000001
"173" 0 0 188.878808500001
"174" 0 0 199.231200250003
"175" 0 0 231.640580249999
"176" 0 0 212.80285525
"177" 0 0 219.724906249999
"178" 0 0 247.03910225
"179" 0 0 153.9461125
"180" 0 0 430.10571325
"181" 0 0 150.875833
"182" 0 0 329.714083250001
"183" 0 0 394.790843249999
"184" 0 0 200.269498249999
"185" 0 0 351.82257025
"186" 0 0 253.961882499999
"187" 0 0 372.394298249999
"188" 0 0 243.629761249999
"189" 0 0 349.0610425
"190" 0 0 229.2998825
"191" 0 0 229.600597249999
"192" 0 0 192.569415999999
"193" 0 0 318.744745249998
"194" 0 0 286.713731250001
"195" 0 0 349.069810000001
"196" 0 0 388.667362000001
"197" 0 0 360.847856500002
"198" 0 0 208.49441125
"199" 0 0 172.498299250004
"200" 0 0 206.9334125
"201" 0 0 466.763635999999
"202" 0 0 292.284110500003
"203" 0 0 294.073336250001
"204" 0 0 305.477761249999
"205" 0 0 224.889447249999
"206" 0 0 265.073344999999
"207" 0 0 181.184942249997
"208" 0 0 411.908074249999
"209" 0 0 269.405722
"210" 0 0 118.594336999999
"211" 0 0 313.822081000001
"212" 0 0 454.3435745
"213" 0 0 312.171451249998
"214" 0 0 250.206001000001
"215" 0 0 260.874725000001
"216" 0 0 482.678030249998
"217" 0 0 395.066116250001
"218" 0 0 114.20685425
"219" 0 0 298.783769
"220" 0 0 210.381041000001
"221" 0 0 318.875480499998
"222" 0 0 509.393504499999
"223" 0 0 147.23819325
"224" 0 0 161.0767885
"225" 0 0 315.653886499999
"226" 0 0 103.269842
"227" 0 0 252.08203225
"228" 0 0 189.540866
"229" 0 0 276.790410000001
"230" 0 0 274.894288
"231" 0 0 426.086074249997
"232" 0 0 193.128041
"233" 0 0 249.449526249996
"234" 0 0 112.31271025
"235" 0 0 213.040101249998
"236" 0 0 449.285056250003
"237" 0 0 443.561028999998
"238" 0 0 330.342690500001
"239" 0 0 277.7675105
"240" 0 0 287.339766499999
"241" 0 0 265.269449250002
"242" 0 0 312.41685825
"243" 0 0 211.384989
"244" 0 0 263.799400500001
"245" 0 0 583.5326445
"246" 0 0 188.743617
"247" 0 0 360.837216499999
"248" 0 0 289.98478125
"249" 0 0 338.029552250001
"250" 0 0 207.224609000001
"251" 0 0 205.055341250001
"252" 0 0 152.320364499999
"253" 0 0 437.411496250001
"254" 0 0 301.295023250001
"255" 0 0 220.93959025
"256" 0 0 478.5228325
"257" 0 0 220.202762
"258" 0 0 303.666462499997
"259" 0 0 216.0026885
"260" 0 0 105.792156500001
"261" 0 0 120.5960125
"262" 0 0 265.127089999998
"263" 0 0 304.31233025
"264" 0 0 201.8451565
"265" 0 0 108.50397125
"266" 0 0 292.047946250002
"267" 0 0 376.589824999999
"268" 0 0 333.181108000001
"269" 0 0 503.753562
"270" 0 0 117.781563250001
"271" 0 0 260.330882500001
"272" 0 0 160.96418125
"273" 0 0 474.462654249999
"274" 0 0 271.990091250002
"275" 0 0 187.42097525
"276" 0 0 349.235340499999
"277" 0 0 312.604388000001
"278" 0 0 343.264826499996
"279" 0 0 274.845460000001
"280" 0 0 307.388446249999
"281" 0 0 287.254981250001
"282" 0 0 151.8335485
"283" 0 0 189.938225
"284" 0 0 272.552496249998
"285" 0 0 262.021064499999
"286" 0 0 392.673508000001
"287" 0 0 245.440624999999
"288" 0 0 225.688104999999
"289" 0 0 538.41184625
"290" 0 0 169.939288999999
"291" 0 0 233.728289999999
"292" 0 0 413.511729999999
"293" 0 0 139.14815625
"294" 0 0 192.737216499999
"295" 0 0 175.929879250001
"296" 0 0 296.565425000001
"297" 0 0 126.082956499999
"298" 0 0 144.71139625
"299" 0 0 327.42161
"300" 0 0 365.166513000001
"301" 0 0 429.055609999997
"302" 0 0 286.13045
"303" 0 0 404.0624965
"304" 0 0 247.89865625
"305" 0 0 472.86631925
"306" 0 0 269.110322
"307" 0 0 189.94759825
"308" 0 0 167.451962499999
"309" 0 0 476.442653000003
"310" 0 0 229.7645825
"311" 0 0 375.456820250001
"312" 0 0 196.707611249999
"313" 0 0 122.993665000001
"314" 0 0 162.165845000002
"315" 0 0 225.159482499999
"316" 0 0 545.942981250001
"317" 0 0 188.694992250004
"318" 0 0 243.747986499999
"319" 0 0 291.62542325
"320" 0 0 351.721058000002
"321" 0 0 554.798346499997
"322" 0 0 354.709807250001
"323" 0 0 272.852857
"324" 0 0 70.7400199999978
"325" 0 0 275.346954000002
"326" 0 0 179.2321325
"327" 0 0 200.912796249999
"328" 0 0 239.574811249999
"329" 0 0 150.304665249999
"330" 0 0 220.684929250001
"331" 0 0 209.994049000001
"332" 0 0 478.155468249998
"333" 0 0 250.604167999998
"334" 0 0 182.910739999997
"335" 0 0 428.814535249999
"336" 0 0 148.317852499997
"337" 0 0 481.503794000001
"338" 0 0 240.926276
"339" 0 0 334.793945000002
"340" 0 0 445.0784425
"341" 1 156.712345 171.810343783654
"342" 1 176.96186325 201.181523190102
"343" 1 197.726570499999 244.796969903797
"344" 1 224.189082000002 266.618800448084
"345" 1 228.421089000002 300.458140070873
"346" 1 240.303556249997 276.457859714411
"347" 1 245.7829145 296.842032767841
"348" 1 251.376664500001 315.004651035283
"349" 1 255.887626249999 303.327974466413
"350" 1 265.662058000001 324.388380842059
"351" 1 277.292528500002 335.78442784792
"352" 1 279.849243250001 383.384263644062
"353" 1 284.02457725 339.845925237493
"354" 1 287.09737425 287.516245811374
"355" 1 289.411774250002 290.802991858254
"356" 1 295.178436499996 333.016717008858
"357" 1 296.475169000001 708.646444022703
"358" 1 297.417112999999 354.341269644384
"359" 1 300.682026250001 323.902129219982
"360" 1 301.294036250003 385.289944576555
"361" 1 303.560022499999 531.519804969772
"362" 1 307.219172 343.859075652685
"363" 1 310.46133325 360.207699808858
"364" 1 310.465392500002 322.649902601134
"365" 1 311.758147999999 571.170903551988
"366" 1 314.331724250004 369.973479912329
"367" 1 315.932016249998 352.660768139524
"368" 1 316.594744249998 500.570624531329
"369" 1 317.06282525 452.923017417911
"370" 1 319.72495725 549.955556634328
"371" 1 320.184044999998 408.241304232337
"372" 1 321.343521250002 471.302711099007
"373" 1 323.586861249998 654.215604389561
"374" 1 323.596182500001 421.86070727598
"375" 1 325.177128999996 380.999921552137
"376" 1 328.28561725 475.629521428075
"377" 1 330.1211585 342.468768443253
"378" 1 332.908726250001 335.340981661692
"379" 1 333.337446500001 906.109260783059
"380" 1 333.795615249999 588.936783220202
"381" 1 334.0486945 348.885783190962
"382" 1 334.589696999999 368.421667621781
"383" 1 335.1440065 454.456331144658
"384" 1 336.486649999999 403.465622254852
"385" 1 338.763463249999 504.724837847826
"386" 1 338.9013325 579.318251619839
"387" 1 339.983029 1067.96602804945
"388" 1 340.819925 340.871980981843
"389" 1 344.223518500001 371.562741273153
"390" 1 344.309984500001 408.227844308156
"391" 1 345.372612250001 370.09870052819
"392" 1 345.535639250002 514.150135038651
"393" 1 349.46469125 895.361023354612
"394" 1 355.65358725 525.52775503598
"395" 1 356.339666249999 696.510389443795
"396" 1 357.399108250001 362.701536081199
"397" 1 358.972352999998 1066.86200145163
"398" 1 359.47561225 367.032251282408
"399" 1 360.714627249999 613.198538201005
"400" 1 361.336290249999 383.909486239524
"401" 1 361.97120525 865.577021197263
"402" 1 362.21377725 591.647980615514
"403" 1 362.63070125 380.44196723201
"404" 1 364.876406499999 382.304697769953
"405" 1 365.167539249998 501.477172166855
"406" 1 365.772431250001 366.117385415754
"407" 1 371.531944249999 482.766811013548
"408" 1 372.113499249999 560.108600223727
"409" 1 372.335969 893.127206121413
"410" 1 372.560046249999 383.391020417094
"411" 1 372.787646499998 835.621257425941
"412" 1 373.204757000003 771.346687522404
"413" 1 373.81169125 702.584989940368
"414" 1 374.629003249999 377.140455939626
"415" 1 374.709780249997 475.698858508284
"416" 1 374.80800625 394.171259198969
"417" 1 376.003483249999 763.434868976821
"418" 1 376.555012 580.673195948317
"419" 1 377.228634500001 378.442937051817
"420" 1 377.75909125 432.618027413825
"421" 1 377.844026500002 396.273461943159
"422" 1 378.957364249997 495.692756748893
"423" 1 379.73018925 529.122498625483
"424" 1 380.42304625 413.605939827411
"425" 1 380.850025000001 381.968221143994
"426" 1 381.477202 422.127013745528
"427" 1 384.620460249999 440.778909270473
"428" 1 384.733088999996 791.872831121411
"429" 1 387.748173250001 491.906740622642
"430" 1 388.588044249999 516.413846663508
"431" 1 390.026826250002 515.516003532318
"432" 1 390.063854500001 476.948010684058
"433" 1 390.4859185 803.451827384571
"434" 1 390.547434500002 402.746913512859
"435" 1 391.856676250001 845.564407950829
"436" 1 393.47275625 510.607038223798
"437" 1 393.984133250001 428.03363576256
"438" 1 394.13394925 1001.50869069292
"439" 1 394.41120325 394.669368495069
"440" 1 395.013192500003 425.425300194163
"441" 1 398.208925249999 407.331774646893
"442" 1 398.729304999998 940.176411124893
"443" 1 399.4161625 468.532807477623
"444" 1 400.532926250001 739.095848754016
"445" 1 402.67442 456.892436447806
"446" 1 404.888022499999 463.213326583161
"447" 1 405.139983249998 535.963429913842
"448" 1 406.696304499998 583.212783905919
"449" 1 407.328394499999 504.690349998005
"450" 1 410.247529249999 737.702920265521
"451" 1 410.714479249997 474.532251918492
"452" 1 412.38723025 653.056477068921
"453" 1 412.456141250002 431.175880865924
"454" 1 412.582202499998 425.58751037802
"455" 1 412.649266250002 473.591626435205
"456" 1 412.695675249999 517.661244035471
"457" 1 413.33961125 595.816426460985
"458" 1 413.467686250002 423.169720384297
"459" 1 413.581660249999 493.009069796223
"460" 1 414.9723645 431.734205861454
"461" 1 415.05639425 431.843478848944
"462" 1 416.04246625 1009.78061829591
"463" 1 420.847448499997 778.147515023854
"464" 1 420.973501250003 438.777047145365
"465" 1 421.159116249999 490.034751188522
"466" 1 422.244674000002 568.654003473481
"467" 1 423.309735999997 423.950750933721
"468" 1 424.505031250002 524.243214751141
"469" 1 424.617961 439.495088791919
"470" 1 425.074104500001 469.08406896228
"471" 1 425.562108250004 979.800323212583
"472" 1 425.600367250001 603.815233759374
"473" 1 425.77206425 569.736513294852
"474" 1 432.077058250001 597.510147606502
"475" 1 432.835321250001 495.655597191894
"476" 1 434.328814250004 439.819312864985
"477" 1 434.944820499998 444.966887192454
"478" 1 435.435254499998 455.3669657947
"479" 1 437.43533125 527.029462582478
"480" 1 438.85994125 485.031100353523
"481" 1 439.341146499998 476.147190599044
"482" 1 442.043046249999 449.100085231945
"483" 1 443.80554725 908.618017037635
"484" 1 444.245127250001 469.005514869367
"485" 1 446.039162500002 699.643264603967
"486" 1 446.5012625 447.260123933248
"487" 1 446.670270250001 617.349536431858
"488" 1 447.780846250001 653.987280834108
"489" 1 447.894336250002 588.941144659911
"490" 1 448.68376625 457.200663750625
"491" 1 449.66896525 708.855301641916
"492" 1 450.432775249999 512.892470469492
"493" 1 450.856024249998 457.609688270405
"494" 1 451.667756250002 506.634264855689
"495" 1 452.393188 919.35045922197
"496" 1 453.15116225 471.93867073884
"497" 1 453.858222500002 478.066241996002
"498" 1 456.695827999998 483.961906514743
"499" 1 457.528555250002 468.929436767358
"500" 1 457.54596425 466.756656008259
"501" 1 457.950260499999 726.907513839647
"502" 1 457.978443249997 533.151201062181
"503" 1 460.064073249998 656.171848927259
"504" 1 461.582848250001 479.511350334659
"505" 1 462.850569249998 462.877919273363
"506" 1 465.723148500001 659.128777741442
"507" 1 466.043965000001 466.215204962117
"508" 1 467.0661125 706.587550584586
"509" 1 467.36060125 519.545291765932
"510" 1 469.735696 528.216283855512
"511" 1 469.915785999998 569.489778672356
"512" 1 470.970918500001 1057.44482467757
"513" 1 471.729805000004 684.675663628208
"514" 1 473.186972249999 709.399910759059
"515" 1 474.857018000002 872.695769151307
"516" 1 475.356393250004 489.777049533614
"517" 1 477.845605000002 495.510554990183
"518" 1 478.067866249998 1119.56099042111
"519" 1 478.800931249999 490.254023065816
"520" 1 479.000371999998 677.07207030039
"521" 1 479.705245000003 1002.08383825553
"522" 1 480.222994 713.425732245751
"523" 1 481.0676065 551.668188036308
"524" 1 481.31793125 492.108096165827
"525" 1 481.879201249997 909.326959580552
"526" 1 482.3275525 503.02773839796
"527" 1 483.136446249995 489.785316859336
"528" 1 483.161345999999 527.848255296339
"529" 1 483.793604999999 552.06916985642
"530" 1 485.557677250001 494.996363246293
"531" 1 488.90454925 586.164046156224
"532" 1 489.043356500001 785.828433495601
"533" 1 489.446212000003 541.169955635509
"534" 1 489.590889249999 506.240516910815
"535" 1 494.3955725 568.206487468941
"536" 1 495.053628249999 755.452492961369
"537" 1 495.181945999999 574.913565347516
"538" 1 495.4925205 748.826871537711
"539" 1 495.580080500003 600.559454184003
"540" 1 496.54587425 598.668658074246
"541" 1 496.94407225 575.954007453525
"542" 1 498.206353000001 526.226272049959
"543" 1 498.538363249996 583.80839452875
"544" 1 499.07845025 645.526335710768
"545" 1 499.319477000002 540.515010605955
"546" 1 500.333934500001 715.541066990402
"547" 1 500.3576045 572.413540260235
"548" 1 501.315938500002 627.463863633495
"549" 1 501.602600499998 501.611548041445
"550" 1 501.967264500005 513.756180308098
"551" 1 501.980184249999 967.595677202023
"552" 1 503.118771999999 587.116150611461
"553" 1 503.203496000001 504.09476294386
"554" 1 503.5740365 778.008284620775
"555" 1 503.644682000001 545.502472476238
"556" 1 504.673285000003 609.140192186629
"557" 1 504.732811249999 557.97260655965
"558" 1 508.718373249997 855.672442179867
"559" 1 509.326168500003 518.305081891305
"560" 1 510.30293625 1018.2266256978
"561" 1 510.645871249997 1137.79102615417
"562" 1 512.667944 839.832106414949
"563" 1 512.782988499999 605.988945685945
"564" 1 513.962283249997 521.105564494628
"565" 1 514.258254249999 546.160838994384
"566" 1 515.299544999999 579.435580281111
"567" 1 516.098475249999 639.694024751974
"568" 1 516.56804825 692.000080745871
"569" 1 518.024397250002 1267.58318318691
"570" 1 518.984174249999 556.666326528994
"571" 1 519.137238249998 523.542884028096
"572" 1 519.863352499999 562.353017768877
"573" 1 521.436540500001 542.271208961211
"574" 1 522.361986249999 522.757905519654
"575" 1 522.719625249996 532.522519489591
"576" 1 522.724959250001 584.031699372822
"577" 1 525.2449 586.885262258146
"578" 1 525.540030499999 551.185013821363
"579" 1 526.842306250001 566.320717372723
"580" 1 527.872546000001 528.017242452235
"581" 1 528.031323250002 532.16239131534
"582" 1 528.038176249999 936.938839691166
"583" 1 528.064537999998 533.615878011755
"584" 1 528.687306250004 665.050788597065
"585" 1 528.77034125 596.723534448593
"586" 1 529.706059249999 906.887529253982
"587" 1 530.233031249999 574.541384578642
"588" 1 530.537623249999 967.519942889478
"589" 1 531.684812249999 559.914296553148
"590" 1 533.592378250001 533.59312145402
"591" 1 533.666316250001 623.040073711936
"592" 1 536.64351425 601.790536473465
"593" 1 536.942748500001 551.928265520286
"594" 1 538.273869250001 1387.49188045303
"595" 1 538.36998125 556.237395588038
"596" 1 538.714474250001 543.688510663644
"597" 1 540.183652999994 826.770483887856
"598" 1 540.282837249999 1655.97008320016
"599" 1 540.6472565 542.755885821584
"600" 1 541.802706250002 680.493819679245
"601" 1 542.115786250004 911.463934013055
"602" 1 542.376464499998 576.594758005733
"603" 1 543.973450000003 785.612972939548
"604" 1 544.451522500002 676.811041573782
"605" 1 545.862125000001 770.78218693837
"606" 1 546.67476725 587.166510614476
"607" 1 546.739341250001 580.464933077822
"608" 1 548.38774125 1147.20252487904
"609" 1 553.328026250001 578.549329920759
"610" 1 554.185382499999 564.179102966638
"611" 1 554.515999999998 1400.46933027113
"612" 1 555.391791250003 722.255292370341
"613" 1 555.397820500001 576.358407711247
"614" 1 555.408682249999 724.232307478049
"615" 1 555.430131249999 1022.25528296258
"616" 1 555.616701 758.976344931024
"617" 1 556.218960250001 559.417621747553
"618" 1 559.901060999997 678.577554367469
"619" 1 560.244872500001 983.924724807738
"620" 1 560.7222625 574.628705205837
"621" 1 562.833601249997 629.587270562088
"622" 1 563.503446500002 678.126031305265
"623" 1 564.700152999998 896.942598269645
"624" 1 565.877385000001 599.661271461421
"625" 1 565.881616249999 600.317271675139
"626" 1 566.128488249999 747.631900461423
"627" 1 567.218562499998 569.987588709157
"628" 1 567.608078499999 614.82311112131
"629" 1 569.388863249998 636.261052088788
"630" 1 574.306502500002 579.654155378769
"631" 1 574.537793000001 605.314863038787
"632" 1 574.768658249999 660.491641024092
"633" 1 574.861673249993 885.398607122868
"634" 1 574.99768225 682.790572396506
"635" 1 578.985188000004 791.899588920477
"636" 1 579.77865125 693.074821488208
"637" 1 579.998236249998 939.887951519628
"638" 1 582.380583999997 737.585283257785
"639" 1 582.518961 858.538833014755
"640" 1 582.634726249999 730.670883255936
"641" 1 587.171024500002 627.769879944632
"642" 1 588.88285825 589.626326920104
"643" 1 591.168386500001 618.931962043376
"644" 1 591.252148249996 591.254945575909
"645" 1 591.714790250001 607.940065738967
"646" 1 591.778903249999 606.621683830048
"647" 1 591.9997225 660.824986425293
"648" 1 594.824916250003 638.164947788926
"649" 1 595.616581249997 614.999248614235
"650" 1 595.722753250003 601.013846929942
"651" 1 597.479509249996 740.408014248651
"652" 1 597.652551249995 676.36348414698
"653" 1 598.400969 793.466921341999
"654" 1 600.212972500002 1076.28350818135
"655" 1 601.19747525 959.65475039146
"656" 1 601.877562500006 646.202287974697
"657" 1 601.953692500002 669.240598779131
"658" 1 602.338169249999 621.165418010127
"659" 1 603.444301 605.628406485566
"660" 1 603.446344999999 604.202719070616
"661" 1 604.135656 692.800898488685
"662" 1 605.00423525 749.288788681171
"663" 1 605.406418250001 1001.79794159608
"664" 1 605.74405725 606.003841463413
"665" 1 605.744228 654.320095012719
"666" 1 606.21241 670.544910186954
"667" 1 606.764274499999 608.548336022208
"668" 1 607.302341 675.300575175488
"669" 1 608.4806445 634.349812228934
"670" 1 608.853649999998 716.248611738849
"671" 1 609.675094250001 825.438671831558
"672" 1 614.416938500002 1015.14407073498
"673" 1 614.992851250001 820.880120438718
"674" 1 615.291468499999 711.859175601479
"675" 1 616.005793999996 617.638922789361
"676" 1 616.324021249998 616.485972869419
"677" 1 616.672933000003 654.903418678448
"678" 1 617.4802625 720.162799495337
"679" 1 622.875949249998 628.356749479724
"680" 1 623.101115250003 641.893513777176
"681" 1 628.776912249996 654.68284284537
"682" 1 630.75917725 646.97790900379
"683" 1 634.7733025 635.469344017801
"684" 1 635.906364499997 907.130904438346
"685" 1 636.147397249997 863.704655225379
"686" 1 636.222101000002 802.607662407039
"687" 1 639.001405000002 640.587897593424
"688" 1 639.116515250001 677.222773423947
"689" 1 640.327750249997 878.324553253869
"690" 1 640.8645325 1097.16456878333
"691" 1 645.614988999998 673.709765642424
"692" 1 647.14363625 1101.76169482376
"693" 1 647.538362500001 712.683698833141
"694" 1 648.337705 699.900159762366
"695" 1 649.915034 651.616530070558
"696" 1 650.01081625 675.270380633964
"697" 1 650.512064500001 788.120212337953
"698" 1 650.763152 677.225436743397
"699" 1 651.059431249999 683.668577719344
"700" 1 651.457641249999 732.419572059597
"701" 1 651.499311250001 714.713797465629
"702" 1 651.9928545 652.848147943957
"703" 1 652.205555999999 702.498920296681
"704" 1 653.334365000003 657.467511391459
"705" 1 655.46059025 655.580396732948
"706" 1 656.459785249999 716.134733546971
"707" 1 657.86857 811.067752317559
"708" 1 658.694586500003 800.38022683157
"709" 1 659.19338125 1212.44735921235
"710" 1 659.46712925 661.866902819937
"711" 1 660.245221000001 663.149115694007
"712" 1 661.755209000001 696.878938569549
"713" 1 661.763829250001 1091.66820182721
"714" 1 661.94751125 953.192782245889
"715" 1 662.628402499997 863.67270549775
"716" 1 663.078627999999 875.0708267818
"717" 1 664.070478249995 668.591008145566
"718" 1 664.8100105 692.743223118365
"719" 1 665.933358500002 1007.15096665457
"720" 1 666.963298250001 699.609473910303
"721" 1 670.135250499999 684.239473691603
"722" 1 672.347970500001 672.55870402926
"723" 1 675.888142249996 928.696883155225
"724" 1 679.781992249999 1024.00996941641
"725" 1 680.803684999997 725.232454907888
"726" 1 683.629352500003 692.712646479545
"727" 1 683.706594499999 720.887005251167
"728" 1 685.792512499999 784.504326502914
"729" 1 691.475738499996 768.486718408582
"730" 1 692.11963125 895.230066561265
"731" 1 692.425105000002 825.192604209411
"732" 1 692.84091025 1012.41132432313
"733" 1 692.84241625 1016.34875269955
"734" 1 693.994132000002 694.364500478275
"735" 1 694.240994250002 709.203063452668
"736" 1 694.2420025 879.74220620918
"737" 1 703.394296249999 729.251729309526
"738" 1 705.487932499999 716.371551280365
"739" 1 712.325242249998 808.6916454443
"740" 1 712.355771250001 764.16964652092
"741" 1 713.118406250002 749.337911919677
"742" 1 713.477031250002 713.616429090363
"743" 1 714.51553825 867.017907818873
"744" 1 715.107105249997 791.275149312133
"745" 1 715.124264 786.700849513745
"746" 1 718.051545249997 851.582050527951
"747" 1 718.22025325 761.741626198212
"748" 1 729.897337000001 787.145894430673
"749" 1 733.9277005 747.573804293955
"750" 1 737.141049000002 759.6511384359
"751" 1 738.509425249998 746.788711573635
"752" 1 739.635649999999 779.283052773769
"753" 1 739.972474249999 756.413218367923
"754" 1 741.495586000001 773.713638403854
"755" 1 746.602527250003 915.367413820049
"756" 1 748.185579250002 813.302839289308
"757" 1 750.35759225 835.067090344445
"758" 1 755.1730225 797.547516278804
"759" 1 755.572432499999 788.964193967212
"760" 1 762.729178499996 763.305847878229
"761" 1 763.226239250001 763.275148088234
"762" 1 764.411812250003 774.032901072198
"763" 1 766.032643999995 885.65071440806
"764" 1 766.371889 796.171666621365
"765" 1 768.35459725 907.016296800364
"766" 1 773.80285625 775.893686617435
"767" 1 774.803724999999 806.550691497663
"768" 1 780.101191999999 853.924703134338
"769" 1 781.5819725 1014.52884015735
"770" 1 783.917204499999 1162.04456009866
"771" 1 793.222516249998 836.400784577969
"772" 1 793.3470205 931.113501003563
"773" 1 795.699892000001 889.077352761309
"774" 1 800.097951249999 955.203105379613
"775" 1 805.03147325 857.62260179574
"776" 1 805.778734500001 945.016378173773
"777" 1 811.784106250001 816.147302459587
"778" 1 821.172228499999 940.524227752901
"779" 1 821.531019250001 821.685027131216
"780" 1 823.145556999997 1142.38701622342
"781" 1 824.215308499999 824.471796958722
"782" 1 824.312076249999 862.54702379191
"783" 1 824.884249249996 845.217832888291
"784" 1 826.947814500002 835.240557501618
"785" 1 827.031001000001 935.461537083611
"786" 1 828.7378325 829.169103731097
"787" 1 833.213182500001 868.781761263389
"788" 1 836.886712499999 843.456181304344
"789" 1 839.44013125 845.404002263129
"790" 1 847.627059250002 958.752371699644
"791" 1 852.539496249999 852.815877877997
"792" 1 857.048331250001 859.508953184903
"793" 1 860.069161249997 865.329975254285
"794" 1 861.621682500001 867.979397444044
"795" 1 865.876278250002 926.856777522334
"796" 1 868.974421250001 988.423990205966
"797" 1 875.789742250006 903.435720242043
"798" 1 884.229667250001 910.462134877231
"799" 1 888.490332250003 919.212018078133
"800" 1 892.554651249999 982.474219847182
"801" 1 894.35208325 898.838545241189
"802" 1 897.239236499998 906.533211687404
"803" 1 897.575825249999 910.692811550461
"804" 1 900.236581250002 903.312781761097
"805" 1 906.3346045 925.315670118943
"806" 1 906.445101250005 906.456736353015
"807" 1 921.3334225 995.867600331579
"808" 1 943.668888500004 974.34882811393
"809" 1 953.108646499999 994.840752358758
"810" 1 955.297232499999 956.406912991464
"811" 1 963.149570000005 964.411003758275
"812" 1 968.090229000004 990.209461906429
"813" 1 969.82663725 1037.44992725661
"814" 1 1014.81263725 1015.05832123107
"815" 1 1021.42294025 1068.11731407247
"816" 1 1057.5729925 1062.08268362193
"817" 1 1057.74792125 1065.89473075348
"818" 1 1071.95882725 1072.2334999165
"819" 1 1204.39644625 1206.70374740617
"820" 1 1213.11076625 1224.03149339708
"821" 1 1230.8018045 1233.22543378414
"822" 1 1522.85708425 1524.65360353212
