"dimension" "Birth" "Death"
"1" 0 0 Inf
"2" 0 0 205.013937250001
"3" 0 0 156.131648
"4" 0 0 147.137539250001
"5" 0 0 140.72637725
"6" 0 0 220.310136249998
"7" 0 0 185.741824999999
"8" 0 0 139.823993000001
"9" 0 0 225.80974225
"10" 0 0 212.435012500002
"11" 0 0 211.076929999998
"12" 0 0 127.878086250001
"13" 0 0 148.544230500001
"14" 0 0 132.233100249999
"15" 0 0 193.308385
"16" 0 0 186.387267249998
"17" 0 0 157.881781
"18" 0 0 353.777356250003
"19" 0 0 73.7271922499989
"20" 0 0 90.6347632500006
"21" 0 0 252.157656250001
"22" 0 0 277.146724000001
"23" 0 0 123.956845
"24" 0 0 162.844136999999
"25" 0 0 322.492591250002
"26" 0 0 225.599545999998
"27" 0 0 218.945367249999
"28" 0 0 231.51103825
"29" 0 0 295.133705000003
"30" 0 0 238.25190925
"31" 0 0 170.771684500002
"32" 0 0 252.35952725
"33" 0 0 217.277921250001
"34" 0 0 223.697492500001
"35" 0 0 188.364751249999
"36" 0 0 269.272340499999
"37" 0 0 109.50387725
"38" 0 0 182.559933249999
"39" 0 0 321.872836500005
"40" 0 0 240.941724500003
"41" 0 0 304.407024999997
"42" 0 0 210.20760625
"43" 0 0 205.991126499999
"44" 0 0 224.39280425
"45" 0 0 215.975220500001
"46" 0 0 260.874462499999
"47" 0 0 169.468435249999
"48" 0 0 229.724962
"49" 0 0 143.838418
"50" 0 0 166.681316000002
"51" 0 0 174.872564499999
"52" 0 0 209.74503625
"53" 0 0 165.1718605
"54" 0 0 219.18774925
"55" 0 0 180.934188499999
"56" 0 0 207.024547249999
"57" 0 0 217.90378125
"58" 0 0 208.288485250001
"59" 0 0 150.05702725
"60" 0 0 219.07961225
"61" 0 0 139.41422725
"62" 0 0 318.916396250005
"63" 0 0 179.4950965
"64" 0 0 266.32745825
"65" 0 0 240.330772249998
"66" 0 0 172.138402249999
"67" 0 0 227.469493
"68" 0 0 209.28339325
"69" 0 0 118.077408499999
"70" 0 0 141.951106250001
"71" 0 0 199.55764925
"72" 0 0 109.3969
"73" 0 0 247.898781250002
"74" 0 0 167.78171125
"75" 0 0 153.594556250001
"76" 0 0 206.286226249999
"77" 0 0 225.385351999999
"78" 0 0 92.2907679999982
"79" 0 0 270.616405
"80" 0 0 198.347470250001
"81" 0 0 110.064925000001
"82" 0 0 268.0155205
"83" 0 0 191.738683250003
"84" 0 0 220.066964999999
"85" 0 0 185.45844025
"86" 0 0 229.712540499997
"87" 0 0 145.07177
"88" 0 0 308.440779250003
"89" 0 0 218.333476999999
"90" 0 0 241.786866500001
"91" 0 0 139.100210000001
"92" 0 0 211.400322499999
"93" 0 0 277.764328
"94" 0 0 182.926445000002
"95" 0 0 177.8744925
"96" 0 0 189.84385625
"97" 0 0 130.91171125
"98" 0 0 168.811975249999
"99" 0 0 131.925690250001
"100" 0 0 122.254145
"101" 0 0 193.594985
"102" 0 0 361.99803625
"103" 0 0 108.607297
"104" 0 0 203.212257250001
"105" 0 0 274.740442250001
"106" 0 0 202.177707250002
"107" 0 0 193.433677000001
"108" 0 0 224.367708500001
"109" 0 0 183.004496
"110" 0 0 182.720820250001
"111" 0 0 115.525816249999
"112" 0 0 184.100260249999
"113" 0 0 217.0863125
"114" 0 0 151.764721
"115" 0 0 164.1042
"116" 0 0 100.34634425
"117" 0 0 253.296900000002
"118" 0 0 234.281612499998
"119" 0 0 239.625725000003
"120" 0 0 96.68665625
"121" 0 0 177.125054499999
"122" 0 0 170.392112499999
"123" 0 0 83.7219999999996
"124" 0 0 142.557235249999
"125" 0 0 231.0846525
"126" 0 0 144.56132325
"127" 0 0 166.7358225
"128" 0 0 218.1952565
"129" 0 0 244.448517250002
"130" 0 0 184.9581005
"131" 0 0 230.6702565
"132" 0 0 112.0689225
"133" 0 0 180.85098625
"134" 0 0 158.107009249998
"135" 0 0 348.916879999998
"136" 0 0 170.33029525
"137" 0 0 103.247185
"138" 0 0 152.673880499999
"139" 0 0 180.214742499997
"140" 0 0 138.987559250001
"141" 0 0 222.372326250001
"142" 0 0 131.367361249999
"143" 0 0 185.995448499999
"144" 0 0 159.222622500001
"145" 0 0 297.978537249999
"146" 0 0 156.44218025
"147" 0 0 187.907716
"148" 0 0 111.47423625
"149" 0 0 117.14411925
"150" 0 0 128.47042325
"151" 0 0 227.606065999999
"152" 0 0 212.4457925
"153" 0 0 257.386945000002
"154" 0 0 123.274544499998
"155" 0 0 179.392198249998
"156" 0 0 179.00795225
"157" 0 0 168.885158500001
"158" 0 0 220.784761249999
"159" 0 0 196.755541
"160" 0 0 267.983180500001
"161" 0 0 119.524232
"162" 0 0 178.792662250001
"163" 0 0 270.837814250001
"164" 0 0 142.086741250001
"165" 0 0 152.405638250002
"166" 0 0 165.182238249999
"167" 0 0 83.8646210000006
"168" 0 0 114.88825325
"169" 0 0 148.95862525
"170" 0 0 259.08712425
"171" 0 0 171.840552249998
"172" 0 0 100.117818
"173" 0 0 138.479428
"174" 0 0 149.1557905
"175" 0 0 160.729504
"176" 0 0 101.731178250001
"177" 0 0 62.7110942500007
"178" 0 0 117.802501
"179" 0 0 200.95748125
"180" 0 0 225.180957250001
"181" 0 0 175.978369999999
"182" 0 0 62.5869512500004
"183" 0 0 175.163958500003
"184" 0 0 258.377580499999
"185" 0 0 152.976791250001
"186" 0 0 140.421856250001
"187" 0 0 238.488308
"188" 0 0 299.264170000002
"189" 0 0 74.8424659999993
"190" 0 0 188.329472999998
"191" 0 0 134.335556499999
"192" 0 0 296.378277250001
"193" 0 0 229.493561
"194" 0 0 160.035560000001
"195" 0 0 246.097867250001
"196" 0 0 97.1857212500002
"197" 0 0 210.7188845
"198" 0 0 182.90960725
"199" 0 0 138.449551999999
"200" 0 0 132.164806249999
"201" 0 0 158.21635725
"202" 0 0 178.18319025
"203" 0 0 143.29618925
"204" 0 0 329.334806250001
"205" 0 0 109.237098500001
"206" 0 0 260.98479625
"207" 0 0 174.147121
"208" 0 0 150.718395249999
"209" 0 0 162.532634500001
"210" 0 0 207.6843145
"211" 0 0 147.943766499999
"212" 0 0 249.976694250002
"213" 0 0 183.000678250001
"214" 0 0 125.240614249999
"215" 0 0 169.799668000001
"216" 0 0 133.13
"217" 0 0 219.163048000001
"218" 0 0 123.993552499997
"219" 0 0 208.859811250001
"220" 0 0 82.2217324999993
"221" 0 0 94.4398202499989
"222" 0 0 401.233371250001
"223" 0 0 156.32781025
"224" 0 0 167.53956525
"225" 0 0 134.0128525
"226" 0 0 114.602860249999
"227" 0 0 49.8534864999996
"228" 0 0 117.138435249999
"229" 0 0 168.57981625
"230" 0 0 176.320072999998
"231" 0 0 182.7154485
"232" 0 0 131.036005000001
"233" 0 0 207.513446500002
"234" 0 0 151.972886500001
"235" 0 0 100.0132325
"236" 0 0 241.068042500001
"237" 0 0 336.219558250001
"238" 0 0 163.35277
"239" 0 0 164.115994499999
"240" 0 0 236.232156249999
"241" 0 0 355.111210249999
"242" 0 0 132.8232545
"243" 0 0 274.857226250001
"244" 0 0 125.334762249999
"245" 0 0 124.456784500001
"246" 0 0 184.895220500001
"247" 0 0 178.319268499999
"248" 0 0 118.830072499999
"249" 0 0 75.4075864999998
"250" 0 0 212.271596499999
"251" 0 0 161.86655225
"252" 0 0 263.707038499999
"253" 0 0 270.478712500001
"254" 0 0 169.745239249999
"255" 0 0 187.333219999999
"256" 0 0 150.580981250002
"257" 0 0 292.257658250001
"258" 0 0 223.741228250001
"259" 0 0 111.911068250001
"260" 0 0 239.657209249999
"261" 0 0 226.778547250002
"262" 0 0 86.3982409999996
"263" 0 0 323.003706250001
"264" 0 0 195.777939999998
"265" 0 0 149.254062250001
"266" 0 0 183.07640425
"267" 0 0 207.086326250001
"268" 0 0 109.14778125
"269" 0 0 186.924121
"270" 0 0 148.78765625
"271" 0 0 135.21615125
"272" 0 0 123.6345785
"273" 0 0 178.568324999999
"274" 0 0 223.191297249999
"275" 0 0 142.48229425
"276" 0 0 298.96911125
"277" 0 0 222.50102525
"278" 0 0 232.439946500002
"279" 0 0 139.887660249999
"280" 0 0 109.26762025
"281" 0 0 175.603853
"282" 0 0 77.2911602499997
"283" 0 0 158.64619325
"284" 0 0 185.856281000001
"285" 0 0 370.168344500001
"286" 0 0 140.743144000001
"287" 0 0 130.32192725
"288" 0 0 298.655882499999
"289" 0 0 199.974471249998
"290" 0 0 277.76490625
"291" 0 0 205.875636250003
"292" 0 0 149.6695005
"293" 0 0 86.1621184999995
"294" 0 0 187.4007925
"295" 0 0 134.518032500001
"296" 0 0 156.244149000001
"297" 0 0 299.762704000002
"298" 0 0 200.412378500002
"299" 0 0 175.779614249999
"300" 0 0 223.944436249996
"301" 0 0 134.893154499999
"302" 0 0 114.426925
"303" 0 0 106.52192525
"304" 0 0 174.431104249999
"305" 0 0 158.50153
"306" 0 0 123.13952125
"307" 0 0 133.8675845
"308" 0 0 262.175365
"309" 0 0 203.020577
"310" 0 0 213.990708250001
"311" 0 0 294.850562500001
"312" 0 0 167.511136249997
"313" 0 0 141.95688125
"314" 0 0 127.703488249999
"315" 0 0 194.85855625
"316" 0 0 141.034311999999
"317" 0 0 386.692416999997
"318" 0 0 88.1077850000004
"319" 0 0 97.3905860000002
"320" 0 0 134.792125
"321" 0 0 221.077657249999
"322" 0 0 90.4284144999991
"323" 0 0 158.855557249999
"324" 0 0 211.672624250001
"325" 0 0 288.21112225
"326" 0 0 111.372920500001
"327" 0 0 418.421916250001
"328" 0 0 513.970865000001
"329" 0 0 90.5571632500014
"330" 0 0 189.78074125
"331" 0 0 145.594521
"332" 0 0 189.195818499998
"333" 0 0 241.143248
"334" 0 0 175.729205
"335" 0 0 110.140562249999
"336" 0 0 263.789224
"337" 0 0 305.260579999998
"338" 0 0 157.89430625
"339" 0 0 402.351474500003
"340" 0 0 217.88327125
"341" 1 131.89051025 148.181550863224
"342" 1 137.23394 203.435477552984
"343" 1 139.700453 171.576283358742
"344" 1 140.0823905 165.8471121198
"345" 1 144.733826 172.64104749236
"346" 1 148.49439125 171.001292804587
"347" 1 149.201861 289.023336232897
"348" 1 157.0544485 183.126977988896
"349" 1 162.56942125 262.437234070861
"350" 1 163.079916249999 230.807137980247
"351" 1 163.638122000001 186.50332726428
"352" 1 172.220105000001 224.549588890163
"353" 1 173.457706249999 350.813079046952
"354" 1 174.64171825 286.606368867723
"355" 1 175.453056999999 222.339435480264
"356" 1 176.374006250001 195.909422267721
"357" 1 180.515091249999 206.999350104334
"358" 1 180.78375125 182.018413523482
"359" 1 181.61505225 198.885530024232
"360" 1 181.890492250001 238.308514026538
"361" 1 182.724556249998 188.477727189803
"362" 1 183.373537000001 280.044323153464
"363" 1 184.70009025 402.703613857854
"364" 1 185.2488565 230.474533153519
"365" 1 185.36486625 365.130051024398
"366" 1 188.63859625 209.003254314478
"367" 1 188.740305 278.574426866392
"368" 1 188.955376250001 199.138082374739
"369" 1 189.314976250001 204.010367726886
"370" 1 190.288925 220.447972914928
"371" 1 191.247205000001 331.7331751538
"372" 1 192.16469425 233.303163954522
"373" 1 192.591780250001 298.749345242263
"374" 1 192.615837250001 203.420699235578
"375" 1 192.726339999999 204.408806740506
"376" 1 192.795750499999 287.791571065756
"377" 1 195.414240249999 295.07001736585
"378" 1 196.262768250001 356.09414666923
"379" 1 196.975304500001 219.381381046848
"380" 1 200.054467999998 218.881524246838
"381" 1 200.208172249999 237.828729082857
"382" 1 200.985124249999 228.509778172195
"383" 1 201.256463250001 242.021887509572
"384" 1 202.104888500001 334.262379021342
"385" 1 204.786632000001 262.954938263246
"386" 1 204.8381585 224.197662543996
"387" 1 205.069922499999 230.911316707553
"388" 1 206.094956499999 267.741816271528
"389" 1 207.156076249999 261.843403985722
"390" 1 208.044314500001 223.359564953904
"391" 1 208.35886725 293.437362229971
"392" 1 208.659424500001 301.534272761452
"393" 1 208.692829 299.790691260064
"394" 1 208.7239625 262.566357618517
"395" 1 211.56384325 287.106131603056
"396" 1 211.5819205 234.362034609054
"397" 1 211.83746625 245.158161693163
"398" 1 211.982761250001 357.92456282275
"399" 1 212.389078499999 290.131199241931
"400" 1 212.460084 262.718561004583
"401" 1 213.478874499998 562.20166641634
"402" 1 214.082527250001 227.297477485888
"403" 1 214.779841250001 230.841588497418
"404" 1 215.013602 265.743485041309
"405" 1 215.09179225 216.286023722861
"406" 1 215.981461249999 493.422628469327
"407" 1 216.549265 388.267213124062
"408" 1 217.811802500002 360.684907959959
"409" 1 218.09609725 311.052548507122
"410" 1 218.44119125 366.105164069612
"411" 1 219.001820499999 413.882776992423
"412" 1 220.704606249999 377.852950824744
"413" 1 221.860692250001 324.270584728841
"414" 1 223.601332499999 253.646448884468
"415" 1 224.006600000001 254.571517675962
"416" 1 224.202420499999 298.981125114643
"417" 1 225.010913000002 407.256339742047
"418" 1 225.217892249999 283.084006661625
"419" 1 225.37838825 269.216750839355
"420" 1 225.586665250001 416.622853650185
"421" 1 226.42451325 283.040421583935
"422" 1 227.683957 357.238941703845
"423" 1 227.972384999999 230.05487039855
"424" 1 228.091833249999 441.815287667649
"425" 1 228.459808250001 254.835735821176
"426" 1 231.044490000001 248.794098152806
"427" 1 231.357682 323.393436106653
"428" 1 232.0609105 515.072373181755
"429" 1 233.190696249999 252.001004790253
"430" 1 233.31740125 238.286835772514
"431" 1 234.4386865 456.753518407425
"432" 1 235.460762000001 282.092732980469
"433" 1 235.95937 262.629498159999
"434" 1 236.7784125 491.311620187402
"435" 1 237.29700425 265.654095515809
"436" 1 237.489218000002 510.777899652577
"437" 1 238.066557250003 396.865250033715
"438" 1 238.83209225 352.397576399491
"439" 1 239.035122500001 338.649440253265
"440" 1 239.74627925 279.51551887997
"441" 1 239.841128499998 322.689782442149
"442" 1 240.803788249999 473.444283742286
"443" 1 241.748496249999 311.939361696086
"444" 1 241.955028999999 321.714439174765
"445" 1 242.262665000001 291.336537712449
"446" 1 242.943689250001 259.114162309243
"447" 1 243.67474025 347.727925265607
"448" 1 243.822135250002 330.362949766278
"449" 1 243.975678500003 396.189688282043
"450" 1 244.657591249999 382.708078605419
"451" 1 245.42217625 401.826883631991
"452" 1 246.071125 273.750164842227
"453" 1 246.29202 286.92763726188
"454" 1 246.883626250001 425.012021662857
"455" 1 247.654842250001 262.03001109039
"456" 1 248.275344500001 386.286950992689
"457" 1 248.660501 290.496974611924
"458" 1 249.104297000001 255.116147624597
"459" 1 249.52338625 318.718791197106
"460" 1 249.871105250001 266.11029665001
"461" 1 250.496652500001 274.122415816645
"462" 1 251.63814825 314.609507578422
"463" 1 251.864146 398.63409675297
"464" 1 252.204780499999 329.569195478083
"465" 1 253.294022250001 295.167265761088
"466" 1 253.402548500002 458.926098085459
"467" 1 253.601967250002 304.576200626478
"468" 1 253.857278249999 556.568929994176
"469" 1 253.8631265 275.862262750317
"470" 1 254.198529 295.396336837725
"471" 1 254.77258 400.645981142826
"472" 1 255.65484425 274.710088658363
"473" 1 255.686862499995 284.824546607726
"474" 1 256.277369 293.424952336512
"475" 1 256.380141249999 350.988280974864
"476" 1 256.537625000001 318.020774668363
"477" 1 256.836700249999 542.675177152114
"478" 1 257.095342250001 259.448621421826
"479" 1 257.32540025 333.424269799443
"480" 1 257.431850000002 572.606020643077
"481" 1 257.4843245 326.419821281315
"482" 1 258.468785 316.850326014019
"483" 1 258.514240000001 310.311858969325
"484" 1 258.804965 287.63597926391
"485" 1 258.828486249998 430.70122392887
"486" 1 258.966318500001 344.29106686385
"487" 1 261.027267250001 501.785779173353
"488" 1 261.604309250001 331.397388690303
"489" 1 261.860510250001 349.095139310708
"490" 1 261.9392625 371.683831542972
"491" 1 262.551269249999 285.823865834992
"492" 1 262.614462500001 395.083867717237
"493" 1 263.27559025 283.302526971004
"494" 1 263.597288 279.420899587967
"495" 1 264.134682500001 553.035654112021
"496" 1 264.44622425 264.810006699057
"497" 1 264.744810499998 403.827101111993
"498" 1 265.014580999999 294.698007413057
"499" 1 265.331182249999 506.035946312784
"500" 1 265.340988250001 291.060837627181
"501" 1 266.397438499999 276.179164868973
"502" 1 267.469256 285.05645269729
"503" 1 267.6781 271.821077125291
"504" 1 268.096793 509.150817974935
"505" 1 268.45170625 277.806811951047
"506" 1 268.771028500001 474.986440491664
"507" 1 269.205786249998 287.449827671115
"508" 1 269.309097250001 549.580430245462
"509" 1 269.77482725 289.993689271427
"510" 1 270.026770249999 291.753379069478
"511" 1 271.413004250001 273.425710648958
"512" 1 271.495780999999 285.644039707306
"513" 1 272.10888725 419.638956464148
"514" 1 272.517965000001 309.254760948503
"515" 1 272.873054250001 304.143506525645
"516" 1 272.912602500001 276.039606243995
"517" 1 272.942410250001 313.126002375048
"518" 1 273.322533249999 476.729079731868
"519" 1 274.161465 443.977087900933
"520" 1 276.505548249999 308.406453377688
"521" 1 276.5324725 424.494107266782
"522" 1 276.770708000002 300.949607267714
"523" 1 276.772176499999 331.501127242886
"524" 1 276.924853249999 360.009668587685
"525" 1 277.071572000002 553.044114837245
"526" 1 277.458809000001 297.350223867831
"527" 1 277.629266000001 486.808531099372
"528" 1 280.00383525 375.242193298828
"529" 1 280.699380250001 313.463545222435
"530" 1 281.514111250001 365.170059613521
"531" 1 282.543158250001 289.329061056555
"532" 1 282.706179999999 335.575205989071
"533" 1 284.304145 286.147447253674
"534" 1 284.80995625 312.832021676238
"535" 1 284.864256500003 330.467587380851
"536" 1 284.884012999999 289.947354446324
"537" 1 285.317648500001 367.901694159576
"538" 1 286.339628500002 411.168310647407
"539" 1 286.593123999998 350.757183129477
"540" 1 287.455642000001 289.136238357747
"541" 1 288.303557000001 304.279540392085
"542" 1 288.4642945 294.408427915012
"543" 1 288.766789000001 481.314029348345
"544" 1 289.306854499999 618.980514132692
"545" 1 290.24849025 369.101398834578
"546" 1 290.44373625 301.555113928489
"547" 1 291.247869249998 321.755511526761
"548" 1 292.290844499999 322.201684374125
"549" 1 292.7787725 303.612771143203
"550" 1 294.167942500001 314.675810268783
"551" 1 294.396610000001 316.545089346106
"552" 1 294.573009250001 333.979610672157
"553" 1 295.164423249999 303.229120465482
"554" 1 295.218762500002 316.841141324875
"555" 1 296.008594249998 584.439466916765
"556" 1 296.191284249999 332.818437863102
"557" 1 297.530976249999 301.453105559725
"558" 1 299.523651250001 306.879126229737
"559" 1 300.286245249999 392.799293469069
"560" 1 300.98635925 329.76233272699
"561" 1 303.222676000001 320.034217675064
"562" 1 303.430114250001 473.763668840594
"563" 1 304.221088999998 563.499179627099
"564" 1 305.241462250002 321.160738894889
"565" 1 306.355543249999 581.742285743588
"566" 1 306.355880500001 324.813895113175
"567" 1 306.80745625 409.717348616994
"568" 1 307.329374500001 348.134537941161
"569" 1 307.334116999998 548.808060887094
"570" 1 307.508889999998 695.924487162897
"571" 1 308.289364999998 695.009460684787
"572" 1 308.33526025 310.250142573919
"573" 1 309.248976250001 311.429555853631
"574" 1 309.777222249999 323.340855922134
"575" 1 309.92795325 320.761330868716
"576" 1 311.084345000001 313.748211291614
"577" 1 311.481522250001 322.66543664701
"578" 1 311.506714 376.321849983369
"579" 1 311.59002825 315.88932734312
"580" 1 312.761488499999 375.827201733511
"581" 1 312.9905525 325.413907625682
"582" 1 313.354482250001 425.453682225213
"583" 1 313.986486250001 458.468545478251
"584" 1 314.011130499999 315.949735572743
"585" 1 314.148125000001 381.703189356107
"586" 1 314.3756125 336.017649296222
"587" 1 316.043456499999 318.29658203739
"588" 1 316.134751250001 359.687906560152
"589" 1 316.353342500002 333.13525299894
"590" 1 316.405456000001 321.510148404399
"591" 1 316.4085665 368.179680676306
"592" 1 316.521988249999 384.16547623864
"593" 1 316.522675250001 316.597633516286
"594" 1 316.668886249998 384.250515319991
"595" 1 316.953468249998 641.374953514754
"596" 1 317.31263525 370.622394731079
"597" 1 317.521950499999 469.35496573367
"598" 1 318.3311765 318.461591638288
"599" 1 318.545996500001 360.657930329995
"600" 1 318.5998965 495.005298433193
"601" 1 321.069060000001 336.918017073307
"602" 1 321.099491249998 402.799321177805
"603" 1 321.453145250002 543.654970262694
"604" 1 322.117099250001 339.349446583743
"605" 1 322.816578249999 324.688791390624
"606" 1 323.433156249997 692.392660672564
"607" 1 324.110217250001 353.558382471736
"608" 1 325.208148999998 343.810990640917
"609" 1 325.41885025 374.945329205299
"610" 1 326.297249999999 626.638471997833
"611" 1 326.554634249999 327.983038861379
"612" 1 328.34814725 535.676658338414
"613" 1 328.903281249999 678.931728462391
"614" 1 329.842375249999 356.621170411936
"615" 1 330.155233000001 353.424954957464
"616" 1 330.372333249999 337.074373209632
"617" 1 330.836382499999 353.236602439992
"618" 1 331.149565000002 542.432780355563
"619" 1 331.168531999999 331.252613013068
"620" 1 331.613868999999 445.411279643673
"621" 1 331.715412500001 433.063286806868
"622" 1 331.811825 337.055438591649
"623" 1 332.287320499999 342.603628583753
"624" 1 332.61110125 428.279179848032
"625" 1 332.717224249999 451.557167998763
"626" 1 333.65131225 397.991800408895
"627" 1 333.731648499997 334.698618658585
"628" 1 333.885633250002 394.739432609018
"629" 1 334.083990499999 405.758326737616
"630" 1 334.212604999999 605.622101333663
"631" 1 334.505425249999 335.643110295309
"632" 1 337.065010000001 345.88991405922
"633" 1 337.24058425 338.951858104637
"634" 1 337.271922 386.713943824144
"635" 1 338.275285 345.922021937271
"636" 1 338.826348250001 354.633004797714
"637" 1 338.874112249999 371.63614545522
"638" 1 340.243095250002 342.740181828
"639" 1 342.076212999997 381.110111087379
"640" 1 342.551670250001 502.92250812864
"641" 1 342.803236249999 387.098667757104
"642" 1 343.4906225 418.944825241489
"643" 1 344.566527250001 537.52907386532
"644" 1 346.296332500001 423.203868921577
"645" 1 346.614685249999 351.568419849165
"646" 1 346.702060250001 396.355091443408
"647" 1 347.456427250005 369.44952130741
"648" 1 347.760340000001 389.488814519098
"649" 1 349.877508250001 364.797547280891
"650" 1 350.3318425 579.126514185484
"651" 1 350.775877250001 350.788055118618
"652" 1 352.082377 367.896372022861
"653" 1 352.445762499999 353.10499312679
"654" 1 352.609802499999 360.439042051296
"655" 1 353.7678425 459.421027646635
"656" 1 354.770728249998 438.399116715123
"657" 1 356.0169245 400.617884835413
"658" 1 357.299546499999 384.035326297081
"659" 1 357.790620499998 362.439830705428
"660" 1 358.203603250001 358.359985875931
"661" 1 358.530208249996 517.362915172273
"662" 1 358.696300999998 415.391736953846
"663" 1 358.901180499998 526.530256498602
"664" 1 359.4560645 411.946960738436
"665" 1 359.61168025 364.59195500221
"666" 1 359.64115525 579.858270614996
"667" 1 359.651756250001 392.4067477263
"668" 1 361.898026250001 734.863576029111
"669" 1 361.948346499998 408.048088179759
"670" 1 362.27052325 381.670257993648
"671" 1 362.500063250001 365.327881382189
"672" 1 362.5533325 465.631807708961
"673" 1 362.755539250001 454.076518873971
"674" 1 363.166365249999 565.03771816583
"675" 1 363.814618000002 372.312311431056
"676" 1 364.264387999997 385.139169230355
"677" 1 364.34151225 379.956679821129
"678" 1 365.194884500001 405.830248500445
"679" 1 365.501444500002 650.601861225539
"680" 1 365.59380125 417.073135265822
"681" 1 367.319730500002 395.6964041585
"682" 1 367.772752999999 400.497834266686
"683" 1 368.014893250003 410.940462294793
"684" 1 368.482403250001 395.476020291793
"685" 1 368.83809925 473.524549853155
"686" 1 369.712362499999 390.83268339401
"687" 1 370.869131249999 371.541837824475
"688" 1 371.020107250001 377.995035223353
"689" 1 371.727826000001 428.320564541014
"690" 1 372.175345000001 399.698795772151
"691" 1 372.252480499999 378.801518917533
"692" 1 373.196556250001 476.319151006166
"693" 1 373.765395250001 466.147351387424
"694" 1 373.835636500002 405.64049573495
"695" 1 373.974784999997 395.710700200135
"696" 1 374.299578249998 394.662969578127
"697" 1 376.63046525 389.743165577298
"698" 1 377.259273249999 445.041439673428
"699" 1 377.750760250002 561.465906549041
"700" 1 378.326712249999 488.376776731354
"701" 1 379.33362 520.961566190024
"702" 1 380.125416249999 732.290400307535
"703" 1 380.680737999999 426.832747802844
"704" 1 380.7425 395.792510704131
"705" 1 381.428966500002 383.782964430598
"706" 1 382.733488249999 474.124701699728
"707" 1 384.235649999998 437.716473604232
"708" 1 384.313468999999 389.656413059244
"709" 1 386.241456249999 386.391097531882
"710" 1 386.972345000001 387.912929096933
"711" 1 387.54144325 406.473658211803
"712" 1 388.0435045 396.695116759976
"713" 1 389.841147250001 422.090470821437
"714" 1 390.17776025 431.62541071496
"715" 1 390.228641999999 390.63844530909
"716" 1 390.27036625 468.546160344951
"717" 1 391.686608250003 416.928958506843
"718" 1 391.858576250001 426.802148203731
"719" 1 392.771392 417.885714301192
"720" 1 394.175564499999 528.03252950476
"721" 1 394.300550249997 541.427654324353
"722" 1 395.9688365 439.632247194409
"723" 1 396.494016250001 398.030037693284
"724" 1 397.006507249999 440.486981973969
"725" 1 397.604408500001 477.35381933802
"726" 1 397.974469249999 626.803796369376
"727" 1 398.782156250001 485.714135112367
"728" 1 399.133716499997 429.401054120957
"729" 1 399.262745250001 402.98115603936
"730" 1 399.472512500004 473.429154801937
"731" 1 399.740152499999 453.972194703661
"732" 1 400.142783249999 425.613167010973
"733" 1 401.298489999998 524.616180891756
"734" 1 403.420649 416.650449747581
"735" 1 407.08117225 443.735231128114
"736" 1 407.97593525 491.346791523503
"737" 1 408.815197249998 486.727703068111
"738" 1 409.323833000001 434.569581904841
"739" 1 409.59689225 417.170054754725
"740" 1 410.736621249999 465.015139675782
"741" 1 411.463985 539.301754260276
"742" 1 411.677184999998 438.098598048819
"743" 1 413.578890500001 448.03472792633
"744" 1 416.241993250001 473.286982793627
"745" 1 416.614585000001 416.618277178309
"746" 1 418.188161250001 426.749661668948
"747" 1 420.320352500001 852.682336311385
"748" 1 422.071261249997 422.073682275272
"749" 1 425.16638225 672.314556262427
"750" 1 427.470663250003 500.481754190806
"751" 1 428.954292500002 514.616775652408
"752" 1 432.441734499996 448.217150440877
"753" 1 434.67832325 442.848256510987
"754" 1 435.7077525 449.298388990166
"755" 1 436.197124250002 482.210995870176
"756" 1 437.434572500002 909.178099846674
"757" 1 440.541494500003 451.00578256868
"758" 1 441.992812500001 449.083831428183
"759" 1 442.224936249999 450.939069424151
"760" 1 442.952622500001 443.322954754869
"761" 1 443.052702249999 444.069581269671
"762" 1 444.9246605 458.568198608788
"763" 1 445.228576250001 445.757766974319
"764" 1 445.809324499997 448.22573385419
"765" 1 446.020144999997 470.782941603766
"766" 1 450.023049999999 450.138209733259
"767" 1 450.503220500002 470.816900204028
"768" 1 451.327537 511.231859368693
"769" 1 451.992937999998 461.81289551419
"770" 1 452.779024 457.775782320679
"771" 1 453.696123250001 491.659366952549
"772" 1 456.659407250002 501.189939323242
"773" 1 457.051611250002 495.488843966493
"774" 1 457.546893250002 558.469451370648
"775" 1 458.705415999998 544.232170836303
"776" 1 458.88949 694.133378224303
"777" 1 459.851926250001 819.141375461729
"778" 1 460.213354249998 484.370136866754
"779" 1 461.877064999999 470.260955423824
"780" 1 462.032916499998 505.116352545397
"781" 1 463.687351249999 487.22722625279
"782" 1 463.950763250003 648.030812186373
"783" 1 464.9264845 470.683323279746
"784" 1 465.146347249998 469.438219481724
"785" 1 466.364522500001 820.56295231863
"786" 1 466.845002000002 467.442544870376
"787" 1 468.550804999997 479.121156577587
"788" 1 470.150584999999 589.973904868194
"789" 1 471.102056500001 523.214945286916
"790" 1 471.197997000001 472.500486661983
"791" 1 472.838067250003 475.392502628335
"792" 1 473.662974249997 608.605249546507
"793" 1 474.703280500001 773.157595245783
"794" 1 475.088546000003 536.737327715779
"795" 1 481.750086249998 482.726714457548
"796" 1 484.523736499999 535.226482492327
"797" 1 485.196274000001 718.12021529099
"798" 1 485.947809999997 505.700444381648
"799" 1 488.505503250002 488.620039042622
"800" 1 489.776338250001 511.347964483224
"801" 1 489.805296499997 765.016200496718
"802" 1 492.665586249999 514.004065784044
"803" 1 493.735377249999 496.749314512944
"804" 1 496.751263999995 623.950424689519
"805" 1 497.692120250001 549.567406162647
"806" 1 499.155762500002 500.948570513148
"807" 1 501.27111425 501.348700780063
"808" 1 505.294985 506.967196940778
"809" 1 506.527515250002 509.987311822434
"810" 1 508.717234249999 532.930001194313
"811" 1 510.54413525 514.121392697803
"812" 1 510.581612500002 534.227309831002
"813" 1 518.141969000001 518.14399327997
"814" 1 519.867010000002 524.304054859943
"815" 1 521.145085 535.927552623972
"816" 1 521.409306499999 522.896922829902
"817" 1 523.386382250002 541.765903114191
"818" 1 524.591532999999 538.562693509225
"819" 1 526.019849000001 659.881979530322
"820" 1 526.13513325 553.647985885142
"821" 1 535.122136250001 536.474129375227
"822" 1 535.251212500002 585.849018288856
"823" 1 535.831418249999 548.972332658838
"824" 1 538.7010605 541.020905978896
"825" 1 540.971442250002 555.404372986992
"826" 1 546.43977 546.718068249667
"827" 1 547.083189250003 576.336678329957
"828" 1 550.00317325 716.6129777427
"829" 1 550.423285000006 558.30905339353
"830" 1 551.657192499999 572.093088367471
"831" 1 554.139271249999 601.967709985654
"832" 1 554.42042125 701.439234950991
"833" 1 558.157826 559.288582048935
"834" 1 562.355943250006 565.300611285283
"835" 1 563.331249999999 563.482245663179
"836" 1 568.405265000002 606.913103755032
"837" 1 568.627033 569.907208760759
"838" 1 569.544663249997 651.270581080997
"839" 1 570.436075249999 572.152496615039
"840" 1 577.251700249996 599.866431818738
"841" 1 577.89196225 598.839958548067
"842" 1 588.455918499999 601.688630034412
"843" 1 596.084505250001 604.710775785056
"844" 1 602.786852500002 615.25282325289
"845" 1 607.737288500001 638.330992617437
"846" 1 608.667117249995 698.520857970833
"847" 1 612.495250000002 619.881012681752
"848" 1 619.228462250001 765.629557946166
"849" 1 624.70259525 636.184104713203
"850" 1 626.421024999997 640.576724759787
"851" 1 626.646366249999 637.7884998266
"852" 1 628.446532999994 629.736425695445
"853" 1 631.214125249998 642.857794355454
"854" 1 632.929727249996 686.110161370387
"855" 1 639.437133250001 640.292105522112
"856" 1 646.534329999998 652.584048855601
"857" 1 646.613442499999 667.478581893182
"858" 1 648.097849999998 691.261643166683
"859" 1 664.68486825 673.33842040052
"860" 1 672.032897999997 673.054939234465
"861" 1 675.564789250002 705.101751615443
"862" 1 688.07967025 709.431723456836
"863" 1 711.773161249999 718.957360398869
"864" 1 720.02971125 721.815745933591
"865" 1 735.759271999999 772.014823113479
"866" 1 764.026164500002 833.358317055884
"867" 1 774.151729000003 802.488797601564
"868" 1 793.906387250003 796.394344034258
"869" 1 870.974784249998 903.442285338996
"870" 1 872.259660499998 898.355785868942
"871" 1 952.949900499999 961.740808140065
