"dimension" "Birth" "Death"
"1" 0 0 Inf
"2" 0 0 392.34734125
"3" 0 0 382.276686249999
"4" 0 0 311.89338125
"5" 0 0 357.953762000001
"6" 0 0 408.011522499997
"7" 0 0 282.168067999997
"8" 0 0 303.619664499999
"9" 0 0 352.176842250001
"10" 0 0 339.8312
"11" 0 0 417.53916425
"12" 0 0 316.24865
"13" 0 0 261.422721250001
"14" 0 0 221.058924500001
"15" 0 0 338.053825
"16" 0 0 284.985326249998
"17" 0 0 343.6454905
"18" 0 0 349.1676225
"19" 0 0 336.680806250003
"20" 0 0 245.34377125
"21" 0 0 291.327463249999
"22" 0 0 269.83639125
"23" 0 0 390.837512
"24" 0 0 383.69155525
"25" 0 0 350.515834250001
"26" 0 0 143.920399999999
"27" 0 0 332.32203925
"28" 0 0 223.942891250001
"29" 0 0 242.258919249999
"30" 0 0 86.0827062500013
"31" 0 0 197.138082249999
"32" 0 0 242.848473250001
"33" 0 0 258.92280125
"34" 0 0 336.38223625
"35" 0 0 297.744613000003
"36" 0 0 294.996521249997
"37" 0 0 178.167672499999
"38" 0 0 287.828534499999
"39" 0 0 317.325630249999
"40" 0 0 250.924285250002
"41" 0 0 331.064276500001
"42" 0 0 291.237965000003
"43" 0 0 284.467791249999
"44" 0 0 282.196003999999
"45" 0 0 284.965178500002
"46" 0 0 343.714666249999
"47" 0 0 189.01143125
"48" 0 0 284.412717000001
"49" 0 0 291.518656250002
"50" 0 0 403.315278499998
"51" 0 0 389.710166499999
"52" 0 0 307.353853249998
"53" 0 0 288.949929999999
"54" 0 0 288.515251249998
"55" 0 0 280.75668925
"56" 0 0 277.280484999999
"57" 0 0 249.0035425
"58" 0 0 235.022492500002
"59" 0 0 285.139614499998
"60" 0 0 251.53375325
"61" 0 0 351.681348249996
"62" 0 0 164.04083725
"63" 0 0 279.871492499998
"64" 0 0 137.3623925
"65" 0 0 216.72284125
"66" 0 0 166.103662500002
"67" 0 0 332.951373
"68" 0 0 266.394084999998
"69" 0 0 189.514200499999
"70" 0 0 188.20432
"71" 0 0 358.610698
"72" 0 0 312.499672250001
"73" 0 0 364.716075249998
"74" 0 0 240.345728499999
"75" 0 0 418.21100325
"76" 0 0 279.513242499999
"77" 0 0 301.346616250001
"78" 0 0 243.536218249999
"79" 0 0 198.377072500001
"80" 0 0 262.367349250001
"81" 0 0 215.64293225
"82" 0 0 321.238582249999
"83" 0 0 309.179502499999
"84" 0 0 127.26441125
"85" 0 0 286.756749000001
"86" 0 0 222.129938000001
"87" 0 0 233.10352325
"88" 0 0 254.578456250001
"89" 0 0 143.247445249999
"90" 0 0 177.362698
"91" 0 0 344.11402325
"92" 0 0 193.588291999999
"93" 0 0 281.77033625
"94" 0 0 160.09047925
"95" 0 0 258.004713249999
"96" 0 0 302.79602825
"97" 0 0 165.751208499999
"98" 0 0 203.315204249998
"99" 0 0 258.359648500001
"100" 0 0 263.081322249998
"101" 0 0 179.5483105
"102" 0 0 192.13904725
"103" 0 0 251.9277125
"104" 0 0 200.94966125
"105" 0 0 313.0899005
"106" 1 268.832578499998 336.842059559293
"107" 1 286.767688999998 355.631469463044
"108" 1 320.435852500001 601.428877238493
"109" 1 325.272728499998 485.818107516615
"110" 1 332.2302065 754.810318220308
"111" 1 332.93415625 370.980596745553
"112" 1 336.3570065 450.977629469772
"113" 1 338.499016000002 629.255007745647
"114" 1 339.879577999999 463.122440573388
"115" 1 341.648428999999 382.791178077195
"116" 1 342.62088425 361.040160465228
"117" 1 343.596395250001 362.795365575763
"118" 1 345.7681625 416.056836811017
"119" 1 352.7755705 649.397493192456
"120" 1 354.105076000002 710.076671254263
"121" 1 357.391974249999 516.464906397164
"122" 1 366.422190500002 454.352751583178
"123" 1 367.812479249997 411.299869175321
"124" 1 371.911864999998 601.091616177878
"125" 1 373.913333000001 538.409163743861
"126" 1 374.716777000001 671.20758500641
"127" 1 375.312300250002 483.549930136146
"128" 1 379.69037725 528.205578560173
"129" 1 380.979222499998 426.805861194586
"130" 1 383.881854249997 772.086904819901
"131" 1 384.072874250001 455.700258434321
"132" 1 384.345641 914.828345702795
"133" 1 386.479917250001 477.540406597433
"134" 1 386.6761145 609.436017771328
"135" 1 386.694487249999 680.91765943408
"136" 1 389.128346500002 444.333364318278
"137" 1 390.957288500001 518.16913759995
"138" 1 393.056888499998 554.029843678788
"139" 1 393.456914 420.535570576183
"140" 1 394.031520249999 432.182342438542
"141" 1 394.622636499996 403.82239696409
"142" 1 394.87417525 458.882467995773
"143" 1 395.3389085 459.926491235833
"144" 1 396.079261 713.412607815152
"145" 1 397.943708499999 448.036362613487
"146" 1 398.365958500001 423.846089505593
"147" 1 398.723302250002 432.184096942797
"148" 1 399.549882500002 431.854423381552
"149" 1 399.663734500002 560.034058272791
"150" 1 405.8166645 668.055700212776
"151" 1 411.592857249999 420.990835825457
"152" 1 413.746178500001 437.423251730342
"153" 1 414.419554000002 582.482552057653
"154" 1 415.076977999996 446.523226584644
"155" 1 416.087748249999 665.0815123717
"156" 1 417.205732250002 504.059213599164
"157" 1 417.353412500001 663.761847641516
"158" 1 420.671849 488.852844605712
"159" 1 421.214033000002 610.718522680949
"160" 1 421.787824249999 717.069523478551
"161" 1 423.211184499998 490.909181345604
"162" 1 427.901786000001 511.16198917292
"163" 1 430.173060999998 584.273417546375
"164" 1 433.504415250001 433.632074825166
"165" 1 435.568688999997 447.831394671723
"166" 1 439.869936499998 488.13579885302
"167" 1 440.500063250003 526.097958199689
"168" 1 441.2872945 887.668521872198
"169" 1 446.352132499999 542.557630483278
"170" 1 446.476425250003 506.199802038271
"171" 1 447.23117825 473.565244749132
"172" 1 447.36220225 683.965992536222
"173" 1 448.543219999999 519.79175987217
"174" 1 449.876472500001 532.090862997077
"175" 1 452.372149 522.301740354542
"176" 1 453.912136249999 562.416027868129
"177" 1 454.796053000001 863.433716345904
"178" 1 454.816081250001 520.557228627215
"179" 1 457.92998725 591.707705644236
"180" 1 458.584957 805.651830207216
"181" 1 459.44008625 506.051815418502
"182" 1 460.60470125 584.556591361546
"183" 1 465.008193250002 539.996222833352
"184" 1 466.088356 577.575436781573
"185" 1 467.613832499999 544.341719292112
"186" 1 469.279397250001 760.028609771504
"187" 1 469.569085000002 492.786718377503
"188" 1 470.017246249999 740.440561880064
"189" 1 473.944806250001 494.805796395912
"190" 1 475.245120999998 514.758184893741
"191" 1 475.344092500002 507.446395444503
"192" 1 481.977050000003 547.272248970421
"193" 1 482.033648499999 678.050803614899
"194" 1 482.697609250003 526.883071230124
"195" 1 482.952649249998 556.077222277369
"196" 1 484.142608000002 494.42409866515
"197" 1 490.203984499999 539.657911345299
"198" 1 490.8483925 686.348028237595
"199" 1 493.471081000003 495.322998028132
"200" 1 494.278405000001 645.361190317143
"201" 1 496.68621925 602.218338007884
"202" 1 497.207775250002 597.764053511521
"203" 1 500.084500000005 518.346823301799
"204" 1 500.681521250001 521.906195892975
"205" 1 500.989287999998 535.134893654875
"206" 1 501.162181250001 558.204025250719
"207" 1 505.65183125 590.166061579055
"208" 1 507.017371249997 589.242018767522
"209" 1 509.689082499998 537.008467190959
"210" 1 514.134132249999 573.241201041367
"211" 1 520.830729250002 1005.38756808694
"212" 1 522.549631250004 554.848720590348
"213" 1 526.379045 537.752856495058
"214" 1 528.403966250002 581.781571333275
"215" 1 531.501604999999 720.23022759241
"216" 1 541.512541250004 541.814467402029
"217" 1 544.734565 658.861162211477
"218" 1 549.646952500002 728.726918596613
"219" 1 549.755407999997 594.266761301733
"220" 1 555.295613000001 592.545804778154
"221" 1 556.868281250004 557.240635979916
"222" 1 565.736226500001 574.57740035422
"223" 1 567.927568 598.760770413923
"224" 1 568.78658125 571.139935615943
"225" 1 570.026258500002 591.017209576921
"226" 1 570.442849249999 606.668122822862
"227" 1 570.478824499998 586.475858060302
"228" 1 573.145040249999 660.335135631495
"229" 1 573.392038500001 581.301104765027
"230" 1 578.312599250003 612.093605301947
"231" 1 580.034844250006 595.256989845632
"232" 1 581.550358249999 615.79088905757
"233" 1 582.68348525 588.371733950162
"234" 1 586.685551249999 587.910631336594
"235" 1 598.58778825 670.390532555862
"236" 1 610.201554499999 622.16201281442
"237" 1 614.56189325 627.062867107961
"238" 1 623.408425000001 667.768677401011
"239" 1 626.455741250001 634.357042590622
"240" 1 627.434502500001 651.689591551661
"241" 1 638.67900125 668.042702307269
"242" 1 653.682206250001 654.388781458296
"243" 1 655.526989000001 657.571947786162
"244" 1 657.041534500001 662.058545292003
"245" 1 668.41018925 681.16775013228
"246" 1 674.843797 675.040733420852
"247" 1 676.891447249999 709.351202511768
"248" 1 680.484102500003 708.35951294003
"249" 1 688.416751249997 705.317312764803
"250" 1 707.47287325 716.428308586896
"251" 1 720.762369999999 814.636027287424
"252" 1 721.116480500002 759.396766156745
"253" 1 765.204714250004 787.108068655679
"254" 1 771.651891249999 771.914270629625
"255" 1 837.822962499999 843.958080725985
"256" 1 849.914534250001 859.952323137076
"257" 1 879.494806249999 882.919770323557
"258" 1 953.406426249999 965.189461960655
