"dimension" "Birth" "Death"
"1" 0 0 Inf
"2" 0 0 258.631496999999
"3" 0 0 269.42599325
"4" 0 0 193.37154325
"5" 0 0 267.508419249999
"6" 0 0 140.284849
"7" 0 0 138.2315725
"8" 0 0 220.703754499997
"9" 0 0 195.51959825
"10" 0 0 146.183059999999
"11" 0 0 355.135297249997
"12" 0 0 307.959230500001
"13" 0 0 301.398906250002
"14" 0 0 327.956591249997
"15" 0 0 298.199172499998
"16" 0 0 237.790992500001
"17" 0 0 296.631268249998
"18" 0 0 301.745630500002
"19" 0 0 250.425784249999
"20" 0 0 333.581562500004
"21" 0 0 253.611478250002
"22" 0 0 438.4638245
"23" 0 0 452.750841999998
"24" 0 0 305.0894405
"25" 0 0 140.616078499999
"26" 0 0 476.58524425
"27" 0 0 556.133920000001
"28" 0 0 347.033031250001
"29" 0 0 498.127087249996
"30" 0 0 293.599276999997
"31" 0 0 414.1354445
"32" 0 0 255.201403250001
"33" 0 0 322.480613249999
"34" 0 0 253.476551249999
"35" 0 0 403.252257999999
"36" 0 0 341.730862250002
"37" 0 0 156.540743999999
"38" 0 0 427.475032249998
"39" 0 0 226.119384249999
"40" 0 0 664.871445250001
"41" 0 0 361.010631250004
"42" 0 0 190.278279999998
"43" 0 0 319.863228999999
"44" 0 0 325.070876250002
"45" 0 0 339.194290249997
"46" 0 0 390.70379125
"47" 0 0 284.042804000001
"48" 0 0 319.678579999999
"49" 0 0 278.5455725
"50" 0 0 746.685048250001
"51" 0 0 180.386461249999
"52" 0 0 278.33774625
"53" 0 0 611.823033999999
"54" 0 0 485.253106250004
"55" 0 0 465.515527250002
"56" 0 0 299.617094499998
"57" 0 0 483.039418499997
"58" 0 0 435.83161225
"59" 0 0 345.3399685
"60" 0 0 441.460445000001
"61" 0 0 166.235472500001
"62" 0 0 300.925694249998
"63" 0 0 615.654249999997
"64" 0 0 135.2913805
"65" 0 0 319.168656249999
"66" 0 0 416.457182500003
"67" 0 0 304.03952525
"68" 0 0 275.581305249999
"69" 0 0 359.208467999998
"70" 0 0 359.975281250004
"71" 0 0 356.436620999998
"72" 0 0 233.279450000001
"73" 0 0 777.69157525
"74" 0 0 274.937254249999
"75" 0 0 255.430281250002
"76" 0 0 249.01633825
"77" 0 0 359.432116250001
"78" 0 0 434.73267125
"79" 0 0 284.172060499999
"80" 0 0 528.210832499997
"81" 0 0 453.23578925
"82" 0 0 499.18130425
"83" 0 0 411.960038500003
"84" 0 0 140.9308865
"85" 0 0 261.905568250001
"86" 0 0 335.859106500001
"87" 0 0 613.691168000002
"88" 0 0 214.617610000001
"89" 0 0 345.237785000001
"90" 0 0 593.225785
"91" 0 0 485.241201250001
"92" 0 0 336.87775025
"93" 0 0 180.43246325
"94" 0 0 308.902208000002
"95" 0 0 465.537497000002
"96" 0 0 277.082421249999
"97" 0 0 234.011766499999
"98" 0 0 502.12869425
"99" 0 0 350.323772499999
"100" 0 0 336.70234
"101" 0 0 372.58711225
"102" 0 0 333.218202249999
"103" 0 0 530.628068249998
"104" 0 0 350.068656999999
"105" 0 0 469.170801249999
"106" 0 0 272.625769999998
"107" 0 0 212.697475250001
"108" 0 0 380.105320499998
"109" 0 0 412.594101250003
"110" 0 0 124.708812500001
"111" 0 0 201.771810500001
"112" 0 0 182.025589249999
"113" 0 0 298.64476025
"114" 0 0 448.073678250002
"115" 0 0 197.387349250001
"116" 0 0 479.094396999998
"117" 0 0 280.182136250004
"118" 0 0 322.15207925
"119" 0 0 311.899984249998
"120" 0 0 464.947193000002
"121" 0 0 835.173093250001
"122" 0 0 282.42670625
"123" 0 0 417.81128
"124" 0 0 176.90183425
"125" 0 0 691.773272500001
"126" 0 0 256.71354125
"127" 0 0 432.007201249996
"128" 0 0 246.727899250002
"129" 0 0 348.160576249999
"130" 0 0 499.50215125
"131" 0 0 559.526496250002
"132" 0 0 375.4568205
"133" 0 0 242.102496250001
"134" 0 0 407.294425000001
"135" 0 0 406.143006250001
"136" 0 0 320.564116999996
"137" 0 0 297.618337249999
"138" 0 0 388.77310625
"139" 0 0 389.553957000001
"140" 0 0 321.24597425
"141" 0 0 600.966470250003
"142" 0 0 331.324538
"143" 0 0 448.181728249998
"144" 0 0 151.945069250001
"145" 0 0 281.234902250001
"146" 0 0 187.316958250001
"147" 0 0 785.990409999999
"148" 0 0 320.266812999999
"149" 0 0 302.894553250002
"150" 0 0 392.656925250003
"151" 0 0 367.257570500001
"152" 0 0 293.151316
"153" 0 0 651.806632000001
"154" 0 0 447.285193249998
"155" 0 0 667.365332500002
"156" 0 0 194.659556000001
"157" 0 0 406.575362499999
"158" 0 0 426.443222500001
"159" 0 0 405.964828999997
"160" 0 0 278.527837250001
"161" 0 0 258.01377125
"162" 0 0 349.96350825
"163" 0 0 330.339945999999
"164" 0 0 548.533416499999
"165" 0 0 162.618186250001
"166" 0 0 326.03529025
"167" 0 0 333.480992499999
"168" 0 0 342.846389
"169" 0 0 257.522906250001
"170" 0 0 684.848177000003
"171" 0 0 360.786752500001
"172" 0 0 292.843261250001
"173" 0 0 269.916409999999
"174" 0 0 464.008386500001
"175" 0 0 671.338754000002
"176" 0 0 547.285226499999
"177" 0 0 333.261894250001
"178" 0 0 409.050865249998
"179" 0 0 391.896976500002
"180" 0 0 315.499742499999
"181" 0 0 199.733425000002
"182" 0 0 485.636953
"183" 0 0 251.884257249998
"184" 0 0 350.799172
"185" 0 0 624.4847605
"186" 0 0 470.79776125
"187" 0 0 417.808594249999
"188" 0 0 174.659370500002
"189" 0 0 199.087172499999
"190" 0 0 391.653670249999
"191" 0 0 346.670041250001
"192" 0 0 325.43137525
"193" 0 0 449.032686250001
"194" 0 0 221.94700625
"195" 0 0 528.25618625
"196" 0 0 970.585612249999
"197" 0 0 381.761562500001
"198" 0 0 337.11036125
"199" 0 0 340.188582500001
"200" 0 0 336.16811425
"201" 0 0 912.494163250004
"202" 0 0 953.8250605
"203" 0 0 378.222981249999
"204" 0 0 467.921666500003
"205" 0 0 405.608978
"206" 0 0 314.944170250001
"207" 0 0 256.235925250001
"208" 0 0 278.7671905
"209" 0 0 232.474878499999
"210" 0 0 329.783681249999
"211" 0 0 429.339969
"212" 0 0 315.111285000001
"213" 0 0 644.540318499998
"214" 0 0 469.48453625
"215" 0 0 539.215911250001
"216" 0 0 321.326784999998
"217" 0 0 668.676710250005
"218" 0 0 225.391410250002
"219" 0 0 273.124024999999
"220" 0 0 243.78830425
"221" 0 0 698.250791250001
"222" 0 0 173.5703325
"223" 0 0 695.325720500003
"224" 0 0 288.128086250003
"225" 0 0 598.139946500003
"226" 0 0 316.889475250001
"227" 0 0 387.052544
"228" 0 0 276.997965250002
"229" 0 0 387.88685
"230" 0 0 353.714040250001
"231" 0 0 278.715208250001
"232" 0 0 756.854744500002
"233" 0 0 391.90308125
"234" 0 0 411.00592525
"235" 0 0 262.204119250002
"236" 0 0 293.642140250001
"237" 0 0 415.64565125
"238" 0 0 297.39312125
"239" 0 0 245.846250000001
"240" 0 0 220.523752999998
"241" 0 0 401.949894249999
"242" 0 0 411.95382125
"243" 0 0 385.093998500001
"244" 0 0 206.510917000001
"245" 0 0 483.393537999999
"246" 0 0 457.747158499999
"247" 0 0 603.220162500001
"248" 0 0 390.099337000004
"249" 0 0 658.562596250001
"250" 0 0 320.44500225
"251" 1 232.881884499999 265.649013766548
"252" 1 265.89892225 283.74258871747
"253" 1 288.1890405 828.3446376019
"254" 1 288.308244999999 458.361901128961
"255" 1 312.795330250001 474.2599081865
"256" 1 328.1853825 437.657042722941
"257" 1 329.556583249998 566.79962865091
"258" 1 337.332466250001 477.099197791104
"259" 1 337.72648325 371.86197013651
"260" 1 342.838250499999 638.084902060126
"261" 1 350.16612325 581.684347542936
"262" 1 352.092054250001 369.802964464856
"263" 1 352.90878125 481.77653712835
"264" 1 353.268915250001 376.935757511022
"265" 1 355.4778245 410.700514677695
"266" 1 359.021926249996 596.118450588618
"267" 1 359.57618525 452.423306652752
"268" 1 359.996977000002 441.469249002567
"269" 1 363.384742500002 629.282724753995
"270" 1 363.504332500002 570.536564335568
"271" 1 363.7681085 391.794329094164
"272" 1 366.882760000001 391.555882787696
"273" 1 370.353507250001 473.061251020928
"274" 1 371.361413 578.830767297773
"275" 1 373.5199625 832.211612198597
"276" 1 374.541089 476.38054477278
"277" 1 377.95089125 379.93448622613
"278" 1 380.35491125 557.78308518675
"279" 1 380.942184999999 751.835810444936
"280" 1 383.8862185 667.164495040192
"281" 1 387.87346 755.132384822376
"282" 1 388.72873 447.37432396402
"283" 1 389.43812225 893.958071213963
"284" 1 393.217936249999 409.497754579902
"285" 1 394.527235249999 482.094653451368
"286" 1 395.134852500001 805.135498182193
"287" 1 399.700458 750.81447629057
"288" 1 401.55439925 480.044681708652
"289" 1 402.954664250001 469.738318479499
"290" 1 407.016049250001 1042.04591361361
"291" 1 407.717671250004 569.931726230335
"292" 1 409.250004499996 612.265783489032
"293" 1 409.958336250001 652.163457908104
"294" 1 410.805458500001 430.388680444629
"295" 1 412.121420500003 984.376686728507
"296" 1 413.5651285 457.923346862817
"297" 1 414.06760125 828.987839859561
"298" 1 415.685125000001 661.670569151747
"299" 1 419.874819250002 529.326901394999
"300" 1 427.605564499997 446.268923867136
"301" 1 430.433704999999 588.515625050566
"302" 1 435.687882500001 435.876844537386
"303" 1 435.828658 712.267813411889
"304" 1 436.406578250001 709.145872236061
"305" 1 437.741601249998 753.793098325009
"306" 1 439.90888525 521.351499407105
"307" 1 440.540404999998 551.463759084291
"308" 1 441.644452249999 486.367981820142
"309" 1 443.941570000001 517.544069870286
"310" 1 451.224206500003 1031.39439426749
"311" 1 452.336750499999 595.15798047133
"312" 1 456.0854945 456.126682453348
"313" 1 456.722776250001 679.568945958618
"314" 1 457.814531250001 458.780293466194
"315" 1 461.36718625 617.185679803316
"316" 1 461.643860499999 610.572064742981
"317" 1 462.29329 478.260730194845
"318" 1 462.40104125 536.99293809935
"319" 1 463.064032250001 512.614401537644
"320" 1 464.954406249999 830.184136668494
"321" 1 466.252173250002 1049.33416367036
"322" 1 469.533174499999 582.132043724491
"323" 1 473.17035925 476.790503017641
"324" 1 475.84261825 520.71731426056
"325" 1 476.074766250002 514.849996428477
"326" 1 476.398181249999 555.235863482228
"327" 1 479.6531345 631.111507385708
"328" 1 479.952697 680.983718858205
"329" 1 480.2564125 488.794807196228
"330" 1 480.515782499999 730.181909996618
"331" 1 480.902328250001 713.860456419584
"332" 1 482.594210499999 876.434028700154
"333" 1 484.792974249998 636.015118290515
"334" 1 489.62481525 988.128668809517
"335" 1 492.03808025 530.540409717624
"336" 1 493.492540249997 968.092794894451
"337" 1 501.593737999999 805.207129630225
"338" 1 501.629680250002 526.11290791824
"339" 1 502.44882725 590.514368522947
"340" 1 503.242208499996 650.33916490345
"341" 1 504.193011250004 824.06105838269
"342" 1 507.129115249999 547.439245206405
"343" 1 508.269385000001 679.626781509983
"344" 1 509.111461000002 590.747787554413
"345" 1 511.11479925 513.928433194365
"346" 1 515.7038525 609.309770448053
"347" 1 518.015738250002 827.452117102808
"348" 1 518.415879250002 594.038310740839
"349" 1 521.801074250001 540.716987026036
"350" 1 522.73823225 529.759466476484
"351" 1 524.931430499998 850.498817317231
"352" 1 525.060985000001 539.914522570962
"353" 1 528.96606725 573.828482644688
"354" 1 534.612334499999 601.32059457376
"355" 1 535.711671250003 580.908777793064
"356" 1 536.133190499997 544.329113084333
"357" 1 538.686280249998 546.16853949239
"358" 1 538.87842725 584.717473235358
"359" 1 539.324308 539.325870109892
"360" 1 541.088785000001 909.653610754651
"361" 1 543.541309000005 1191.08422245496
"362" 1 543.947652000001 1092.40158660416
"363" 1 544.292546500001 1125.06515932304
"364" 1 545.415217249993 1257.04336591654
"365" 1 548.87880625 876.725955346832
"366" 1 550.288860250001 597.214881518691
"367" 1 550.568749249996 1067.09638130965
"368" 1 550.834286500001 569.262880559961
"369" 1 550.9756225 1012.41293442352
"370" 1 554.491039249998 990.429916127581
"371" 1 555.199578250001 850.96079711573
"372" 1 557.046148500002 583.653806531184
"373" 1 557.565962499998 557.790539631489
"374" 1 558.898273249996 613.206752976799
"375" 1 561.247072250005 593.815301481206
"376" 1 562.579740500002 608.628368477845
"377" 1 562.670994499999 574.870218996763
"378" 1 563.522320249997 698.76460814976
"379" 1 563.822596250001 576.322130142005
"380" 1 565.098024249999 568.521127430382
"381" 1 566.675646499994 780.779140501368
"382" 1 569.579258000001 577.444305931216
"383" 1 570.006088999997 573.621103456162
"384" 1 570.755355250001 602.741780852508
"385" 1 575.166054500002 824.180963386051
"386" 1 578.602966500003 609.027228917012
"387" 1 582.256966249998 656.637787056998
"388" 1 583.858562499998 622.346988063625
"389" 1 584.452512250001 593.760573727181
"390" 1 585.20875725 597.642792511788
"391" 1 588.645882500001 775.339544887977
"392" 1 590.4457025 1468.22494889755
"393" 1 592.839497 750.84598978757
"394" 1 593.650486249999 624.412764527835
"395" 1 596.877877 754.028961136447
"396" 1 597.122295249998 1018.62456550293
"397" 1 602.344858249998 695.880346465281
"398" 1 602.632800500004 632.736314711488
"399" 1 605.627578000001 642.853380543117
"400" 1 607.488525249995 726.786535234617
"401" 1 607.550292499999 1009.903535507
"402" 1 607.983434000001 824.504524147187
"403" 1 611.707748499997 962.261786666145
"404" 1 612.535986499999 613.679623857391
"405" 1 613.310334250003 616.959102131018
"406" 1 615.497233250004 651.668572305273
"407" 1 616.809442250001 777.592088805491
"408" 1 619.065486499999 644.393272530231
"409" 1 620.364254499999 649.813767699047
"410" 1 624.8854285 834.954184247378
"411" 1 627.00915625 874.708564755172
"412" 1 634.275506249999 1018.98827951493
"413" 1 636.497569000002 644.363885041584
"414" 1 638.554878250003 672.000603947339
"415" 1 638.940539249999 1217.15438414225
"416" 1 639.640588249999 669.410224529091
"417" 1 640.666861249997 794.198728050111
"418" 1 643.967252 666.189990107066
"419" 1 644.235398499999 659.497226348054
"420" 1 644.989112500002 646.41418978709
"421" 1 645.660562499999 654.164606349542
"422" 1 646.875390499999 724.315924807952
"423" 1 651.883252500003 717.882851164742
"424" 1 652.836034250003 695.105037902231
"425" 1 654.425312500002 797.303265171265
"426" 1 656.915695249997 792.153403928847
"427" 1 657.425372499994 659.134336650093
"428" 1 658.259806499997 670.949809209213
"429" 1 658.861141250004 791.224561283046
"430" 1 659.845281249996 696.401081738596
"431" 1 660.271146249999 771.009730236692
"432" 1 660.374641249998 663.369873535709
"433" 1 662.991501249995 702.247519950875
"434" 1 665.963561 755.733529772907
"435" 1 666.238189249999 796.505348102265
"436" 1 666.484175249998 724.199478820176
"437" 1 669.344118500002 669.382118972234
"438" 1 670.044078500002 803.074496236499
"439" 1 674.983344499997 801.269015952843
"440" 1 677.705290000002 734.585749333091
"441" 1 678.805308250001 717.746159921511
"442" 1 683.341317249996 794.696916159854
"443" 1 683.867932250001 1000.83646626843
"444" 1 684.032620999999 774.240691415341
"445" 1 684.434372499999 772.676349926862
"446" 1 686.860505 743.633917448797
"447" 1 687.0997125 691.447919588664
"448" 1 687.632509000003 701.531882553336
"449" 1 687.708178000001 831.780377010999
"450" 1 688.994781250004 740.625987825631
"451" 1 690.200102499999 693.980222926421
"452" 1 695.840268499997 713.461742270772
"453" 1 696.849678249999 885.18172540301
"454" 1 698.585498000003 761.13337511935
"455" 1 703.417240250001 795.171701087204
"456" 1 706.311822249999 801.078674083032
"457" 1 707.193792499998 1065.22698325691
"458" 1 708.981616249998 867.370169114791
"459" 1 710.374234250001 867.704191564152
"460" 1 710.456324499997 715.634680441372
"461" 1 711.4654105 713.862619526878
"462" 1 714.914407250003 755.760624871023
"463" 1 715.402926500001 842.333400282858
"464" 1 717.50032625 772.989614462528
"465" 1 718.772965250001 726.81465395186
"466" 1 719.857357249996 831.846951616908
"467" 1 721.52318125 1200.4927608767
"468" 1 724.132674499997 874.695410702019
"469" 1 724.866313249994 776.255049650203
"470" 1 729.422361999999 739.614323838275
"471" 1 732.187601 736.624940315064
"472" 1 734.036201000003 826.341669929126
"473" 1 736.011936249997 753.969521206774
"474" 1 737.631005000003 749.257270159217
"475" 1 738.83824625 1011.26108089667
"476" 1 741.274312999994 794.199817519529
"477" 1 741.316673250003 767.461967305392
"478" 1 742.639496499998 853.190503405999
"479" 1 743.8791125 805.371527227154
"480" 1 743.982931250002 819.677122713431
"481" 1 744.23793625 761.599879584065
"482" 1 749.579282500002 953.210202740328
"483" 1 750.491502499998 848.452591593371
"484" 1 752.011866 866.815148351964
"485" 1 752.791621250001 753.839941821922
"486" 1 753.099766250001 767.611160647854
"487" 1 753.835788250001 793.283265794569
"488" 1 754.521016999994 754.526341239551
"489" 1 757.763330000001 1310.663167386
"490" 1 759.039031250005 786.662995229516
"491" 1 760.655073999996 762.900350178128
"492" 1 769.210666249996 811.591101507411
"493" 1 776.575171249999 981.08702104113
"494" 1 776.887225250001 825.485488223792
"495" 1 777.962524999999 1023.44413930512
"496" 1 778.719628250004 808.286832667912
"497" 1 779.629779999995 804.534174428551
"498" 1 780.385295249998 840.671692311958
"499" 1 782.570756250002 833.003546856319
"500" 1 784.639209249999 796.165060058896
"501" 1 785.498270499996 786.695896598246
"502" 1 785.941932249998 857.501775518834
"503" 1 786.540649999998 800.786674835195
"504" 1 788.170326499999 805.098603449819
"505" 1 790.774911249999 1126.62069797845
"506" 1 791.667411249999 795.557827810139
"507" 1 796.985136250003 843.942623922657
"508" 1 797.459173250005 821.133744248103
"509" 1 804.261531250002 821.862966229372
"510" 1 806.399044250002 987.922988511108
"511" 1 807.340812500004 879.689379587015
"512" 1 809.314602500002 1430.5414981304
"513" 1 809.52445125 1012.73356203398
"514" 1 811.7331885 874.752540636487
"515" 1 816.661902249998 855.167170194206
"516" 1 819.522229 940.67199656714
"517" 1 827.925102500003 1370.78361499073
"518" 1 829.237117000003 833.164981770687
"519" 1 830.769239250001 1020.15987311454
"520" 1 833.091840499996 873.831428677499
"521" 1 834.52826025 932.804266475688
"522" 1 839.846881250002 880.519954161354
"523" 1 847.294496000002 848.699605034597
"524" 1 848.834520500002 849.829262745197
"525" 1 849.859914499998 1129.18322054876
"526" 1 850.21445125 888.271455037984
"527" 1 851.94486425 1223.789277381
"528" 1 855.692338249998 1715.79434399534
"529" 1 856.863449999999 1243.23889910452
"530" 1 857.395632250001 874.286961810231
"531" 1 857.717539999999 858.643449008112
"532" 1 861.5667125 911.32475017162
"533" 1 865.952957249998 867.489365136374
"534" 1 869.501418250002 874.176167178574
"535" 1 881.397048999996 1619.06370178672
"536" 1 881.436271249999 909.583257410137
"537" 1 881.706819999999 888.286016661687
"538" 1 882.10225825 898.73336329678
"539" 1 883.421584249998 1528.08542632247
"540" 1 888.912736250005 1281.83310915058
"541" 1 892.723220000005 1515.9429145503
"542" 1 893.351416250002 914.658629661053
"543" 1 897.95417 928.149310455465
"544" 1 899.384871250003 1616.62356898956
"545" 1 903.69668525 905.373243510939
"546" 1 904.110740000001 1061.68015240169
"547" 1 904.361871999998 913.255623885642
"548" 1 911.035252250002 1214.08931793453
"549" 1 913.564081999997 1375.38108992542
"550" 1 915.445947250002 991.075998054384
"551" 1 916.737730249998 916.856283913954
"552" 1 920.343041999994 927.856286040726
"553" 1 921.042145000004 922.768182287557
"554" 1 922.443906250002 934.261747698764
"555" 1 925.206375250004 982.413520629279
"556" 1 941.796367250002 1487.23617879389
"557" 1 947.443836249996 1259.49044475684
"558" 1 948.962485250002 965.81549658474
"559" 1 949.741202500003 1399.14185462744
"560" 1 960.900385250002 980.094834909238
"561" 1 960.956793250003 968.142956449795
"562" 1 968.806346 977.023939716735
"563" 1 973.92080825 1205.25047985743
"564" 1 975.018240249999 1124.01113385289
"565" 1 976.664200000001 1065.34488400473
"566" 1 979.148540499999 1015.07823347272
"567" 1 986.688036000002 986.762178540527
"568" 1 993.445002499995 999.708284520323
"569" 1 996.030620500001 1189.49627607718
"570" 1 1012.01050025 1109.52775073691
"571" 1 1012.50678399999 1038.99478270123
"572" 1 1031.0633665 1124.30771822676
"573" 1 1032.25262725 1039.8985266493
"574" 1 1034.19085024999 1122.86858167259
"575" 1 1043.9983025 1673.83710264534
"576" 1 1054.82930625 1454.91742542856
"577" 1 1063.96173325 1200.54303423831
"578" 1 1063.96820125 1152.30795348979
"579" 1 1072.6098605 1093.31620820468
"580" 1 1084.44294125 1085.20749281435
"581" 1 1091.28508025 1214.61931761877
"582" 1 1094.549913 1190.00402129499
"583" 1 1097.38275125 1183.68371508046
"584" 1 1111.74543625 1722.8521586889
"585" 1 1128.49380125 1325.9507800604
"586" 1 1166.46475625 1317.967828041
"587" 1 1167.8477225 1178.13051673756
"588" 1 1176.32260525 1201.20215855896
"589" 1 1181.5589825 1189.72654625247
"590" 1 1185.336025 1185.48055922475
"591" 1 1190.5288785 1438.88567008496
"592" 1 1206.27439024999 1213.11853127612
"593" 1 1206.87010025 1262.583991229
"594" 1 1211.488109 1213.71323748679
"595" 1 1220.0848025 1229.7455939324
"596" 1 1223.72512825 1712.41761286091
"597" 1 1237.971001 1282.03968271822
"598" 1 1255.66683125 1434.08100530495
"599" 1 1260.38017225 1401.94210275612
"600" 1 1264.06953999999 1388.10321082155
"601" 1 1271.942856 1272.97930016155
"602" 1 1281.44278125 1326.41414667146
"603" 1 1306.37862125 1334.47128846106
"604" 1 1313.779829 1514.23674797957
"605" 1 1334.176324 1360.03183208783
"606" 1 1344.27425425 1370.25605282862
"607" 1 1349.88462625 1357.00145604141
"608" 1 1359.81834125001 1360.49274931982
"609" 1 1361.3546125 1662.11169398267
"610" 1 1375.03575625 1818.90117386757
"611" 1 1398.4632125 1445.6651772965
"612" 1 1410.68826225 1421.22463010223
"613" 1 1447.60096 1491.39437067639
"614" 1 1455.048433 1587.35799053679
"615" 1 1459.61317125 1462.50604198256
"616" 1 1472.1176065 1484.07433014513
"617" 1 1533.66698425 1536.31366043865
"618" 1 1539.0283325 1539.22308321428
"619" 1 1553.3750965 1580.50163286754
"620" 1 1576.4682685 1675.9537445653
"621" 1 1578.8750845 1586.75235371951
"622" 1 1640.58148 1920.02680581634
"623" 1 1694.17693625 1706.75667991857
