"dimension" "Birth" "Death"
"1" 0 0 Inf
"2" 0 0 359.203849000001
"3" 0 0 280.773213249997
"4" 0 0 309.377058499997
"5" 0 0 782.6091985
"6" 0 0 318.272525000001
"7" 0 0 265.377297250001
"8" 0 0 328.3760845
"9" 0 0 349.218672499997
"10" 0 0 195.71184025
"11" 0 0 306.544536499998
"12" 0 0 200.27432725
"13" 0 0 144.741636999999
"14" 0 0 414.49554
"15" 0 0 315.796422250001
"16" 0 0 305.025123250003
"17" 0 0 359.394025999999
"18" 0 0 518.119101250001
"19" 0 0 301.424548499999
"20" 0 0 388.172415999998
"21" 0 0 275.0420465
"22" 0 0 195.43307625
"23" 0 0 255.989808500001
"24" 0 0 465.29844425
"25" 0 0 317.414332250002
"26" 0 0 254.513432500002
"27" 0 0 192.740042499999
"28" 0 0 312.928027249998
"29" 0 0 230.432310250001
"30" 0 0 400.626249999999
"31" 0 0 114.664036
"32" 0 0 192.943102500001
"33" 0 0 164.99790225
"34" 0 0 459.527331249996
"35" 0 0 471.161896
"36" 0 0 233.1236405
"37" 0 0 608.579889999998
"38" 0 0 105.69522025
"39" 0 0 453.330632000001
"40" 0 0 263.035573249998
"41" 0 0 331.85770225
"42" 0 0 60.3485262500005
"43" 0 0 304.35742025
"44" 0 0 251.851984
"45" 0 0 284.3481085
"46" 0 0 369.701635250003
"47" 0 0 434.903511250001
"48" 0 0 430.374013000001
"49" 0 0 459.521678249998
"50" 0 0 203.3316625
"51" 0 0 390.577249000001
"52" 0 0 308.111412499998
"53" 0 0 383.24032
"54" 0 0 312.302725249999
"55" 0 0 366.834777249999
"56" 0 0 171.830134250001
"57" 0 0 215.475256250002
"58" 0 0 190.555206249997
"59" 0 0 254.280044499999
"60" 0 0 112.842272
"61" 0 0 56.4212404999997
"62" 0 0 93.7470942499999
"63" 0 0 228.980577999999
"64" 0 0 392.51207725
"65" 0 0 150.18020225
"66" 0 0 300.036288500001
"67" 0 0 106.08072425
"68" 0 0 346.628876499998
"69" 0 0 575.184241
"70" 0 0 133.628170000001
"71" 0 0 357.939588500002
"72" 0 0 411.601857999999
"73" 0 0 346.597711999999
"74" 0 0 317.487902500001
"75" 0 0 138.292510499998
"76" 0 0 39.7654962500002
"77" 0 0 175.127731250001
"78" 0 0 237.466439999999
"79" 0 0 338.93472125
"80" 0 0 167.121492249999
"81" 0 0 274.217644999999
"82" 0 0 357.254968249999
"83" 0 0 304.502427250002
"84" 0 0 253.54524625
"85" 0 0 349.803541249999
"86" 0 0 224.812734249999
"87" 0 0 203.955886249999
"88" 0 0 409.031312499999
"89" 0 0 139.466749
"90" 0 0 244.515054499999
"91" 0 0 174.086180500001
"92" 0 0 343.02886025
"93" 0 0 470.58728825
"94" 0 0 325.215676999999
"95" 0 0 338.382380249999
"96" 0 0 116.3502425
"97" 0 0 135.334100250001
"98" 0 0 216.296461249999
"99" 0 0 234.473074000001
"100" 0 0 269.5900525
"101" 0 0 287.060424500001
"102" 0 0 224.3122625
"103" 0 0 265.334599999999
"104" 0 0 318.774210250001
"105" 0 0 539.254056999997
"106" 0 0 127.358518500001
"107" 0 0 136.446785000001
"108" 0 0 360.478231250001
"109" 0 0 144.332516
"110" 0 0 84.9905799999983
"111" 0 0 288.283634
"112" 0 0 305.396437
"113" 0 0 309.735936250002
"114" 0 0 288.940434249999
"115" 0 0 488.633278249998
"116" 0 0 80.7737522500003
"117" 0 0 197.836185999999
"118" 0 0 302.100276250001
"119" 0 0 455.203315249999
"120" 0 0 459.284000499998
"121" 0 0 238.504519249999
"122" 0 0 49.8550562500002
"123" 0 0 91.1606472499996
"124" 0 0 155.021906249999
"125" 0 0 154.426724000001
"126" 0 0 286.77778425
"127" 0 0 483.438618
"128" 0 0 250.364520250001
"129" 0 0 171.456041249999
"130" 0 0 393.189288250001
"131" 0 0 295.490526249999
"132" 0 0 137.892030249999
"133" 0 0 108.679430249999
"134" 0 0 235.937376249998
"135" 0 0 90.4265799999983
"136" 0 0 286.776706
"137" 0 0 214.935858249999
"138" 0 0 266.782933250001
"139" 0 0 501.691683249999
"140" 0 0 446.542030250001
"141" 0 0 439.137651250003
"142" 0 0 291.738078500001
"143" 0 0 245.66135625
"144" 0 0 523.951002250001
"145" 0 0 483.575505249997
"146" 0 0 114.379109
"147" 0 0 150.492621250001
"148" 0 0 161.276088999999
"149" 0 0 272.97211525
"150" 0 0 385.98833825
"151" 0 0 200.20763025
"152" 0 0 77.5372052499998
"153" 0 0 243.921410000001
"154" 0 0 151.550965000001
"155" 0 0 439.191513
"156" 0 0 276.355404250001
"157" 0 0 178.081018000002
"158" 0 0 332.074401250001
"159" 0 0 245.402359249999
"160" 0 0 66.8595362499996
"161" 0 0 48.3187645000001
"162" 0 0 147.797154249999
"163" 0 0 238.204492249999
"164" 0 0 217.727482250002
"165" 0 0 424.744813
"166" 0 0 288.635762499999
"167" 0 0 162.652723250001
"168" 0 0 417.418656499999
"169" 0 0 130.772392
"170" 0 0 625.578325249999
"171" 0 0 201.270216250002
"172" 0 0 346.54798125
"173" 0 0 159.07869925
"174" 0 0 337.053360250001
"175" 0 0 273.375907249999
"176" 0 0 114.321541
"177" 0 0 320.966536249999
"178" 0 0 333.907061
"179" 0 0 622.486154250001
"180" 0 0 150.627005000001
"181" 0 0 190.263346249999
"182" 0 0 114.44259325
"183" 0 0 228.05193725
"184" 0 0 467.240766250002
"185" 0 0 210.022894250001
"186" 0 0 208.78439125
"187" 0 0 340.707161000001
"188" 0 0 85.9049045000003
"189" 0 0 181.338990500001
"190" 0 0 528.7067165
"191" 0 0 154.112878249999
"192" 0 0 190.2753905
"193" 0 0 408.795397
"194" 0 0 103.669656250002
"195" 0 0 211.6485605
"196" 0 0 173.56989325
"197" 0 0 370.722397250002
"198" 0 0 223.480072
"199" 0 0 347.246976499999
"200" 0 0 188.355163250001
"201" 0 0 381.827724999999
"202" 0 0 82.0765982499984
"203" 0 0 306.54229525
"204" 0 0 176.878786500001
"205" 0 0 182.947009249999
"206" 0 0 468.3048805
"207" 0 0 287.791645000001
"208" 0 0 159.847649999999
"209" 0 0 435.696276249997
"210" 0 0 358.244996
"211" 0 0 221.181527249999
"212" 0 0 489.628541250001
"213" 0 0 432.145486249997
"214" 0 0 423.730279249998
"215" 0 0 147.142838250001
"216" 0 0 170.529878500001
"217" 0 0 76.8574599999993
"218" 0 0 94.6082045000001
"219" 0 0 353.806260999999
"220" 0 0 74.0963525000005
"221" 0 0 168.90067625
"222" 0 0 280.899352249999
"223" 0 0 291.65050625
"224" 0 0 115.02727625
"225" 0 0 158.693454250001
"226" 0 0 152.0858105
"227" 0 0 397.628865249998
"228" 0 0 193.81705825
"229" 0 0 114.854826250001
"230" 0 0 269.57400425
"231" 0 0 382.601332249998
"232" 0 0 321.227571249999
"233" 0 0 134.97958325
"234" 0 0 448.303956250001
"235" 0 0 245.890812499999
"236" 0 0 152.558452250002
"237" 0 0 158.396277250002
"238" 0 0 105.687425000001
"239" 0 0 714.73179125
"240" 0 0 511.152000999998
"241" 0 0 226.551533000001
"242" 0 0 279.429704499998
"243" 0 0 369.734299250002
"244" 0 0 354.492754250001
"245" 0 0 326.604100000001
"246" 0 0 639.424258249998
"247" 0 0 384.34923925
"248" 0 0 100.5429625
"249" 0 0 276.35448425
"250" 0 0 381.421576999999
"251" 0 0 274.195002249997
"252" 0 0 234.96119725
"253" 0 0 439.661949249997
"254" 0 0 363.75155725
"255" 0 0 358.464705250001
"256" 0 0 84.8597165000025
"257" 0 0 457.837141249999
"258" 0 0 459.082500999999
"259" 0 0 368.470593250003
"260" 0 0 43.4536249999998
"261" 0 0 141.346318499998
"262" 0 0 169.965156250001
"263" 0 0 351.201685250002
"264" 0 0 157.084206500001
"265" 0 0 148.26025525
"266" 0 0 347.7682
"267" 0 0 430.55809425
"268" 0 0 175.309546
"269" 0 0 100.472996500001
"270" 0 0 348.341225000002
"271" 0 0 327.522441250001
"272" 0 0 266.459901249998
"273" 0 0 228.721138000001
"274" 0 0 493.162121250001
"275" 0 0 183.88406425
"276" 0 0 275.8265485
"277" 0 0 208.582675250001
"278" 0 0 308.016234499997
"279" 0 0 323.134474000003
"280" 0 0 163.368497000001
"281" 0 0 434.5642925
"282" 0 0 171.242128999997
"283" 0 0 234.967259250001
"284" 0 0 84.6910502499998
"285" 0 0 305.203664
"286" 0 0 620.283874500001
"287" 0 0 368.779954249999
"288" 0 0 288.530852
"289" 0 0 241.28729125
"290" 0 0 272.119617249998
"291" 0 0 260.6184765
"292" 0 0 234.621034
"293" 0 0 433.914733249999
"294" 0 0 253.211636000001
"295" 0 0 297.24553225
"296" 0 0 268.269192999999
"297" 0 0 479.69676025
"298" 0 0 373.092765250001
"299" 0 0 334.251698499998
"300" 0 0 151.02929925
"301" 0 0 151.8598645
"302" 0 0 407.520193000001
"303" 0 0 684.771895249999
"304" 0 0 213.3367405
"305" 0 0 541.458775249999
"306" 0 0 140.5425785
"307" 0 0 315.70228225
"308" 0 0 213.36704225
"309" 0 0 324.77708125
"310" 0 0 472.134013000002
"311" 0 0 196.90255325
"312" 0 0 662.618242249999
"313" 0 0 443.497401250002
"314" 0 0 465.04400725
"315" 0 0 365.27040625
"316" 0 0 496.022305250003
"317" 0 0 149.350698500001
"318" 0 0 510.534732499999
"319" 0 0 416.053690249998
"320" 0 0 832.964766250001
"321" 0 0 789.57674325
"322" 0 0 598.554802249997
"323" 0 0 277.458228000002
"324" 0 0 354.717169999999
"325" 0 0 162.743826250001
"326" 0 0 526.855712499998
"327" 0 0 235.62000125
"328" 0 0 187.121513
"329" 0 0 196.433416250001
"330" 0 0 296.733637249999
"331" 0 0 580.868680999996
"332" 0 0 123.026132
"333" 0 0 408.440074499999
"334" 0 0 326.93206325
"335" 0 0 397.390454499998
"336" 0 0 460.176201250001
"337" 0 0 322.88283725
"338" 0 0 539.877032500001
"339" 0 0 148.64401625
"340" 0 0 334.89768825
"341" 0 0 453.590432999997
"342" 0 0 358.30733525
"343" 0 0 441.258474500002
"344" 0 0 293.404322000001
"345" 0 0 650.700976249999
"346" 1 97.6194245 104.701985038635
"347" 1 100.072174250001 119.634366752749
"348" 1 151.032366250001 185.319961809185
"349" 1 172.3673185 218.977489766424
"350" 1 176.008925 324.692002304821
"351" 1 187.859997249999 231.623553614664
"352" 1 187.98514625 224.303645164038
"353" 1 190.901177 252.785624661322
"354" 1 196.496227249999 223.174868676915
"355" 1 205.936006250002 254.86500627821
"356" 1 206.9965105 232.921019491475
"357" 1 229.173651250001 237.072403900975
"358" 1 234.714432999999 285.292750031832
"359" 1 237.6637885 241.242255772042
"360" 1 241.038708249997 254.982525807209
"361" 1 241.463268249999 280.249865723304
"362" 1 247.070286250002 274.106632529996
"363" 1 248.04477 255.613518463201
"364" 1 249.912146249998 262.317885682687
"365" 1 254.13968725 263.08840604169
"366" 1 256.351348249997 257.155543845981
"367" 1 257.655363999998 260.553670819363
"368" 1 261.16115625 269.030146475782
"369" 1 265.437436500001 665.937472010612
"370" 1 267.55554125 277.196192617022
"371" 1 268.710917 353.142616079106
"372" 1 269.813449249999 322.289754267824
"373" 1 271.3077305 288.946684962814
"374" 1 273.750022249999 357.505292697528
"375" 1 274.480404249999 283.167574862584
"376" 1 275.205534499999 315.062889409205
"377" 1 275.900362000001 307.788081725014
"378" 1 277.36856825 289.819377641271
"379" 1 278.9272225 331.844535420434
"380" 1 281.999866 320.440898003063
"381" 1 289.104881 303.480517521415
"382" 1 291.848916249999 294.360226180012
"383" 1 294.629958249998 448.118274699209
"384" 1 296.858632249999 437.814485254357
"385" 1 299.078608000002 336.714278271167
"386" 1 300.13671425 339.59050934964
"387" 1 301.066872250001 306.692349166128
"388" 1 301.772882249999 432.472784807437
"389" 1 307.178802500001 370.706047633647
"390" 1 308.934399250001 315.604946472084
"391" 1 310.395570499999 457.221077615116
"392" 1 313.61931925 315.586172352596
"393" 1 315.120432249997 364.826926429362
"394" 1 316.631102499999 327.522642681072
"395" 1 317.881622499999 517.401756394573
"396" 1 319.257513249998 450.782210766431
"397" 1 319.97759625 403.26100098415
"398" 1 320.02149325 386.448279057712
"399" 1 320.379196250003 360.621655151004
"400" 1 323.330978 590.829210823847
"401" 1 323.733971249999 325.994532288542
"402" 1 328.628381 328.628400427116
"403" 1 328.88394925 330.308010098737
"404" 1 329.89419125 356.612938500314
"405" 1 332.481747249999 350.993732976373
"406" 1 334.0309865 390.893437104642
"407" 1 335.437590500001 422.842680075744
"408" 1 336.796645249997 337.697420719535
"409" 1 337.770945999999 524.859082478973
"410" 1 339.083105000001 405.394509301152
"411" 1 339.995988249998 404.207246834258
"412" 1 340.252473249999 366.986054718852
"413" 1 344.75702425 345.505477386998
"414" 1 345.685101249999 405.949712137024
"415" 1 348.300417999999 379.431404965802
"416" 1 349.98401425 352.276619266257
"417" 1 350.821927249999 370.454016951845
"418" 1 354.651436249999 379.306162348413
"419" 1 356.290161999997 601.064676640164
"420" 1 356.774263249999 619.941168954782
"421" 1 358.35060125 487.097155798614
"422" 1 362.12908625 421.851327948647
"423" 1 363.844861249997 411.718578698299
"424" 1 364.444358499999 1145.38941098075
"425" 1 366.629763999999 404.717840988307
"426" 1 369.9615385 424.310066638241
"427" 1 370.780922499995 373.362074379787
"428" 1 370.8844985 443.605394672944
"429" 1 371.230674250001 730.450724108647
"430" 1 373.627804999999 399.902165120114
"431" 1 373.6864765 374.990324877378
"432" 1 375.766650250001 387.562056046859
"433" 1 376.71107725 430.935378039842
"434" 1 377.469782500003 410.724184463232
"435" 1 378.357922000002 413.845958895048
"436" 1 381.72917225 408.128745626593
"437" 1 383.789916249999 385.032581354355
"438" 1 384.005902499998 534.414597424905
"439" 1 384.02561125 421.823549231095
"440" 1 385.774717250001 844.273885265948
"441" 1 386.892813250001 436.940505670986
"442" 1 386.907248499999 478.256393092963
"443" 1 387.387244250001 397.462429518629
"444" 1 388.679988250004 488.153721284329
"445" 1 391.150906249999 794.711218399025
"446" 1 392.304973250001 665.567754214869
"447" 1 395.593308500001 532.835905454594
"448" 1 395.634376999999 593.924350746067
"449" 1 395.805962499998 969.069266829457
"450" 1 397.216642 398.476982703604
"451" 1 399.131821250001 970.184635559758
"452" 1 400.427021249999 745.812825504759
"453" 1 400.4366525 462.330833504404
"454" 1 403.755029 484.209344409349
"455" 1 405.851777999999 422.815356114036
"456" 1 406.693728499999 660.6914268146
"457" 1 410.43114725 887.588650059167
"458" 1 411.750590499999 623.263836834155
"459" 1 412.214445249999 517.575707915419
"460" 1 415.988208500002 690.896598676325
"461" 1 416.182044999999 771.913869476875
"462" 1 416.605804250001 419.164145041912
"463" 1 416.753178249999 713.739081262123
"464" 1 417.480833249998 479.135620270527
"465" 1 417.89137325 447.83368084531
"466" 1 418.46968925 501.981642063575
"467" 1 419.783553250001 714.296198929712
"468" 1 422.445816500002 638.460112637387
"469" 1 425.155290249997 453.458341254825
"470" 1 425.913730250001 519.060534562499
"471" 1 427.17661 554.396203205295
"472" 1 428.134266250001 433.190041998205
"473" 1 432.9847325 579.908546612045
"474" 1 433.310116999999 433.472443702776
"475" 1 435.008456500002 550.54874764914
"476" 1 435.043050500001 498.890543098705
"477" 1 435.3562665 443.640107607934
"478" 1 436.125477250004 600.512249131383
"479" 1 437.487080000002 620.227652565656
"480" 1 441.212650000001 450.238959638828
"481" 1 442.131217 448.009319819939
"482" 1 442.319887999999 731.530793986515
"483" 1 445.730866249999 449.071558724369
"484" 1 446.09079325 563.149289247278
"485" 1 447.688580000003 667.25411908364
"486" 1 448.172189 624.773959137429
"487" 1 449.024610249999 1086.79557749426
"488" 1 449.252412500001 466.077032675609
"489" 1 454.613931250001 564.112957096077
"490" 1 454.941192249999 525.121499363605
"491" 1 455.305248000003 527.29310430522
"492" 1 456.622937000001 517.470825117737
"493" 1 459.41528125 567.621331832329
"494" 1 461.075731999999 541.043336642938
"495" 1 461.46964725 467.51641317499
"496" 1 461.687073999999 589.814630605879
"497" 1 462.109853000002 564.608650143056
"498" 1 463.227560499997 510.997717593473
"499" 1 468.035011250001 468.089916779471
"500" 1 468.0402745 468.268701821696
"501" 1 469.1940565 558.48433188116
"502" 1 469.521883249998 504.144977956124
"503" 1 471.18357625 620.074528682715
"504" 1 471.728035999999 474.116260200758
"505" 1 471.9333785 539.772477714661
"506" 1 472.0201 812.812815423601
"507" 1 472.830869249999 504.162792562681
"508" 1 473.81752125 877.154369857976
"509" 1 475.880181250001 720.722412131732
"510" 1 479.030721250001 479.645988372225
"511" 1 483.31191325 646.017023468642
"512" 1 483.530055999999 497.487085205755
"513" 1 484.29424325 1119.03296413134
"514" 1 486.841084249999 666.521417400201
"515" 1 487.318542499998 682.736668379565
"516" 1 488.109456500002 1626.81091897127
"517" 1 488.35256125 511.585017580346
"518" 1 488.45047325 497.348942789903
"519" 1 489.798960249995 1193.8594825707
"520" 1 492.044312499999 886.334178610657
"521" 1 492.941971999999 576.908348078451
"522" 1 495.924531249996 502.507569013238
"523" 1 497.2827925 500.606956673694
"524" 1 497.594105 516.878719326551
"525" 1 497.677550499999 800.461958926296
"526" 1 503.793473 509.666874070754
"527" 1 509.176470499998 676.468355262867
"528" 1 511.150651250003 628.299171741537
"529" 1 511.990872500003 540.966475788409
"530" 1 513.658629250001 517.107762131421
"531" 1 514.42783925 1276.89502867765
"532" 1 514.45818625 587.783391368047
"533" 1 515.099600000002 639.348365047924
"534" 1 516.668371250001 647.358295711332
"535" 1 517.222111249998 593.921794075627
"536" 1 518.67230125 523.079535198036
"537" 1 518.944969 594.854230897723
"538" 1 520.161170000001 522.795380969935
"539" 1 520.264860250003 562.969235583685
"540" 1 520.813591250001 1014.99288212509
"541" 1 522.608938000001 876.070668280679
"542" 1 523.043196999997 546.533249061512
"543" 1 523.70105 602.660600722005
"544" 1 524.837146250003 767.531422138263
"545" 1 525.313169999999 572.919859430109
"546" 1 526.288779249998 940.674910337638
"547" 1 526.619376999999 613.121653412245
"548" 1 526.702183250001 557.627752844501
"549" 1 526.702212499998 539.059956711665
"550" 1 529.286221 1090.26330631306
"551" 1 530.847404500003 559.000353221734
"552" 1 531.305959999997 595.217866708326
"553" 1 533.013606250001 571.412511711902
"554" 1 533.542490000001 1486.1119138834
"555" 1 534.017426000001 674.336562287035
"556" 1 534.248289999999 1296.53357088422
"557" 1 535.51075525 922.939747297356
"558" 1 535.992674000001 560.529073745099
"559" 1 536.944981250001 557.95864441165
"560" 1 537.068982500003 636.071862022646
"561" 1 537.81801125 568.176319340159
"562" 1 538.761301250002 878.133218779308
"563" 1 539.520639999999 1257.72707771039
"564" 1 545.530092500002 1680.01429444871
"565" 1 545.627964499998 597.830468472828
"566" 1 546.148838500001 945.517725101449
"567" 1 546.797790499997 595.900025984949
"568" 1 547.094378499999 550.292315916231
"569" 1 548.352352250003 556.354711248502
"570" 1 548.560800000002 664.228589097532
"571" 1 549.29020525 655.885829311387
"572" 1 551.422537250001 1044.24370794436
"573" 1 551.774427249999 1321.13613357307
"574" 1 552.129936500004 564.151723246531
"575" 1 553.084480249999 612.672366228527
"576" 1 556.742016499999 960.084457501074
"577" 1 558.408346000001 577.966714115323
"578" 1 559.553730249999 567.275164506749
"579" 1 559.963892500001 578.274421267217
"580" 1 560.407126499998 580.734019596965
"581" 1 561.431192500001 586.39133884041
"582" 1 562.527981250002 1193.70800616995
"583" 1 566.950085000003 587.77924754914
"584" 1 567.594061249999 971.479164502003
"585" 1 569.09061625 591.161488751907
"586" 1 569.3488025 736.551804773935
"587" 1 569.601031249999 795.353268846691
"588" 1 572.699962249996 623.119355203293
"589" 1 572.860826000002 596.845856670512
"590" 1 572.883730250002 574.445176830175
"591" 1 573.518250000004 593.682212053307
"592" 1 574.899553000001 620.24393699031
"593" 1 576.530081000001 585.465934078679
"594" 1 578.911531249998 902.726338859184
"595" 1 580.091492499997 1104.88838246304
"596" 1 580.991450000003 627.37735216436
"597" 1 582.952565000001 793.72454294949
"598" 1 583.83498625 771.870120796114
"599" 1 584.864080250005 696.249190709671
"600" 1 588.913159249999 628.093444884981
"601" 1 589.711332500002 760.050672327901
"602" 1 589.819646250003 676.442283255844
"603" 1 596.074265000002 1038.62365518329
"604" 1 597.649416500002 621.822402267191
"605" 1 598.039731999997 600.686033246855
"606" 1 598.542806500002 713.823662489966
"607" 1 602.502406250001 732.718699583795
"608" 1 602.603165250006 625.795531842611
"609" 1 602.736928249999 623.753087956904
"610" 1 604.049917249998 1266.31068354254
"611" 1 605.383506250001 963.695701730809
"612" 1 605.720482249999 684.030306253933
"613" 1 606.957508249999 606.957518306947
"614" 1 608.319497250003 962.570198927477
"615" 1 609.742455250001 609.745346946594
"616" 1 612.033962000001 1078.00253435215
"617" 1 614.363886500003 1346.04099556573
"618" 1 616.443212249999 842.610606463043
"619" 1 616.848969999994 1487.83272456101
"620" 1 622.431393250002 953.670028201726
"621" 1 623.025873000001 1152.28122335872
"622" 1 625.010731249999 729.764134574972
"623" 1 625.315590250001 817.916241162889
"624" 1 628.326728 718.655640436925
"625" 1 628.425390500002 667.03609575608
"626" 1 630.71487925 719.449276389915
"627" 1 632.66932625 672.643311378561
"628" 1 632.79190925 686.084203870883
"629" 1 634.327680999997 793.801232235696
"630" 1 635.068309 661.193633303215
"631" 1 635.8084745 740.127583642246
"632" 1 637.864416250001 713.685393378641
"633" 1 639.218225 644.152198847863
"634" 1 639.6093665 1042.43505360946
"635" 1 639.855589000002 671.361653757255
"636" 1 642.362086250003 769.648861568781
"637" 1 643.37244025 645.886892226643
"638" 1 643.633832500002 715.418371177003
"639" 1 644.246492499999 661.145128058491
"640" 1 644.362888000001 689.190060081421
"641" 1 648.84550025 713.849386529213
"642" 1 650.945417 1322.53470802437
"643" 1 651.373281250001 776.588577645129
"644" 1 652.0270725 1417.92309258774
"645" 1 652.738281250002 1118.63074555657
"646" 1 653.590681000005 675.698603977248
"647" 1 655.274185249997 659.293164385358
"648" 1 655.710868250001 677.446852581299
"649" 1 658.452370250004 814.041951087851
"650" 1 658.873881250002 707.506115477807
"651" 1 661.686001250004 672.952542787231
"652" 1 662.050657000001 728.646223605394
"653" 1 662.52024125 682.102168791769
"654" 1 666.268576250004 744.25316818039
"655" 1 666.829484999998 670.114559546208
"656" 1 674.031362500002 678.391469987869
"657" 1 674.185854499999 702.739238387932
"658" 1 674.233071249998 853.661420460255
"659" 1 675.073492 688.963596342981
"660" 1 676.50730625 684.38575899318
"661" 1 680.440092999999 1151.5781757241
"662" 1 680.505160250001 680.762024455244
"663" 1 682.146126500004 876.953560083493
"664" 1 682.867419249998 768.65893448081
"665" 1 683.55806825 687.763214245744
"666" 1 686.281466000001 793.68096127372
"667" 1 687.682110249999 940.470765125695
"668" 1 691.467265000001 750.199964546644
"669" 1 692.22495625 724.622307458411
"670" 1 692.476024999999 1608.57295979574
"671" 1 697.48352125 923.120432321369
"672" 1 701.702404 864.706823553172
"673" 1 707.09409125 1257.31878324389
"674" 1 709.099288249998 709.40842202698
"675" 1 711.01274425 727.273858859457
"676" 1 712.546225000001 903.200019116604
"677" 1 714.50480525 799.208365769207
"678" 1 715.385765 716.573602151471
"679" 1 716.182261000001 735.603096199518
"680" 1 719.368744249999 753.048816968961
"681" 1 720.750410499999 723.902514110725
"682" 1 721.646470250001 746.075106054437
"683" 1 723.868202499998 784.868568431016
"684" 1 726.356604249999 1086.35356180578
"685" 1 727.613625250002 770.388280463268
"686" 1 729.3879865 729.404762173031
"687" 1 729.804251250001 758.642711153266
"688" 1 731.194341249999 799.498097957295
"689" 1 732.6877045 767.366861945228
"690" 1 735.717540999999 909.40607484567
"691" 1 737.51374825 737.613040236946
"692" 1 737.715582250002 739.07606241367
"693" 1 738.124561249999 738.167939863464
"694" 1 739.981395250001 752.475186045031
"695" 1 741.681074249999 786.859618210243
"696" 1 742.991931250001 771.881767205763
"697" 1 743.701395999998 754.620367391707
"698" 1 743.721576999999 784.351614537222
"699" 1 744.997116250001 754.549127293927
"700" 1 746.52811925 1015.36013989202
"701" 1 748.564744999998 751.637179654555
"702" 1 751.067926250004 1064.09677639439
"703" 1 753.414691249996 806.27434705478
"704" 1 755.8950445 862.793122831346
"705" 1 757.849808499997 1186.21499698546
"706" 1 758.654193250001 1342.74182550244
"707" 1 761.159380999996 782.04696961086
"708" 1 766.219396500001 766.373894470178
"709" 1 768.061346 773.376451216075
"710" 1 768.2658125 783.647033424063
"711" 1 770.464026250001 794.745197429616
"712" 1 770.923577000001 1020.98494357028
"713" 1 775.499969250002 846.507581203168
"714" 1 778.455876499999 1040.80777715318
"715" 1 787.384480249999 788.300600603033
"716" 1 793.133695249998 837.736020254209
"717" 1 796.53675425 800.450222869929
"718" 1 796.636889 873.14819614104
"719" 1 799.860863250005 1271.54570903165
"720" 1 802.5933625 984.463662684037
"721" 1 804.447014500002 1186.33456010847
"722" 1 809.009334250004 991.193159829665
"723" 1 817.217767999998 836.216244453817
"724" 1 818.991011250001 825.543467264337
"725" 1 825.454681249998 829.84770524189
"726" 1 827.882016249999 1419.25170866301
"727" 1 828.985358499999 916.021738145766
"728" 1 829.1831725 844.076645230293
"729" 1 830.962288250004 872.163482676773
"730" 1 832.133745249998 1451.66115759706
"731" 1 832.318628500003 842.128018604954
"732" 1 834.880976500003 835.588618348319
"733" 1 836.554095250001 850.32553277745
"734" 1 836.735725249999 1649.06207296957
"735" 1 837.89132225 838.563464224005
"736" 1 838.338234499997 839.007485873332
"737" 1 839.314854250001 839.570100974259
"738" 1 842.378683249997 1102.91915569698
"739" 1 842.731399999997 857.584518236844
"740" 1 846.028957249995 848.290992949211
"741" 1 852.793300000004 854.054097907979
"742" 1 856.460226250002 862.446588472051
"743" 1 857.401551250003 858.8437254359
"744" 1 858.787843999998 875.172906377121
"745" 1 861.264092249998 895.271580917032
"746" 1 874.901293250002 894.103987105812
"747" 1 875.4102785 1026.2575859676
"748" 1 876.85754425 892.576614788082
"749" 1 877.501128499997 877.530587492242
"750" 1 879.861362500002 1200.3640678458
"751" 1 883.272126499999 883.503702887061
"752" 1 911.688418249999 1160.9280036524
"753" 1 911.721529 939.810263019711
"754" 1 914.728164499991 973.106303289602
"755" 1 922.40583125 1221.57462249367
"756" 1 922.510326249998 969.219704030317
"757" 1 922.850601250002 926.544736032496
"758" 1 924.136362500003 936.545549477933
"759" 1 929.597656249998 999.09544169695
"760" 1 935.364147249999 1036.35557973201
"761" 1 935.791005249999 1041.29512552801
"762" 1 936.295717250002 942.452120014604
"763" 1 939.219523250002 939.251937935088
"764" 1 941.153688499996 945.355626277128
"765" 1 943.7478185 945.668268797354
"766" 1 943.775417000004 946.013511056994
"767" 1 950.257394000001 1072.09709996359
"768" 1 951.898148500002 963.858596368856
"769" 1 953.787457250001 960.380093424891
"770" 1 954.408531249998 961.714877283159
"771" 1 955.285159999997 955.484057118368
"772" 1 957.786249999999 1005.68622314686
"773" 1 959.704850000001 959.926984769878
"774" 1 960.543892249997 1041.98973138227
"775" 1 961.554031249998 1074.64591539143
"776" 1 961.821868999997 973.050421711891
"777" 1 962.561151250001 1002.02746819951
"778" 1 968.253761249999 1163.93009565774
"779" 1 970.784354000001 1014.50332836748
"780" 1 977.764364999999 1005.68855249579
"781" 1 979.761636500002 990.15105441103
"782" 1 985.985785000003 1074.91013803765
"783" 1 987.274138500001 1002.76473708728
"784" 1 989.416263999996 1267.34733278962
"785" 1 991.33724025 992.169611741805
"786" 1 993.328681250005 1001.93477517315
"787" 1 1003.99893025 1013.39307606021
"788" 1 1016.41554725 1176.93389393905
"789" 1 1018.71203649999 1041.74373183795
"790" 1 1019.9593625 1020.89360656533
"791" 1 1024.99409225 1025.3812194004
"792" 1 1029.11927625 1227.71960635077
"793" 1 1038.984797 1095.06525532086
"794" 1 1042.2183125 1051.90605094588
"795" 1 1045.3029725 1093.03511120267
"796" 1 1050.02681625 1096.28573509934
"797" 1 1061.70428425 1086.82670132603
"798" 1 1064.1571625 1225.31331812752
"799" 1 1066.7248285 1073.78173235239
"800" 1 1067.52524125 1069.50231945119
"801" 1 1074.553805 1089.96791873482
"802" 1 1086.71670025 1090.99641898693
"803" 1 1093.62123125 1162.95974511062
"804" 1 1101.1619365 1111.77926027284
"805" 1 1101.9785165 1232.79937422175
"806" 1 1125.38716225 1132.05707523502
"807" 1 1169.0424485 1356.46635215033
"808" 1 1183.01267125 1207.6454947933
"809" 1 1186.919613 1268.26077501042
"810" 1 1200.548673 1216.38387421502
"811" 1 1214.445341 1278.47062427811
"812" 1 1227.20826125 1262.17473312367
"813" 1 1237.819193 1611.18940727621
"814" 1 1243.09727524999 1248.39985770773
"815" 1 1250.8012885 1596.79621898376
"816" 1 1270.55332 1377.62522142078
"817" 1 1280.1732785 1517.37891810103
"818" 1 1307.95092025 1328.85338853178
"819" 1 1308.584826 1339.80008060244
"820" 1 1315.59066725 1372.12692727443
"821" 1 1319.31919225 1364.84649820663
"822" 1 1393.70716324999 1393.73055858355
"823" 1 1437.4163725 1439.56204197914
"824" 1 1507.097213 1548.6652859098
"825" 1 1590.20835125 1663.63743438393
