"dimension" "Birth" "Death"
"1" 0 0 Inf
"2" 0 0 306.932654250001
"3" 0 0 269.29715625
"4" 0 0 302.145966249999
"5" 0 0 326.553203250001
"6" 0 0 376.93946725
"7" 0 0 429.815099249999
"8" 0 0 429.537917250002
"9" 0 0 344.8462345
"10" 0 0 297.759732499999
"11" 0 0 188.05820525
"12" 0 0 243.558769249999
"13" 0 0 416.029062500002
"14" 0 0 182.057112499999
"15" 0 0 155.497695250001
"16" 0 0 295.006867999999
"17" 0 0 443.390411249998
"18" 0 0 438.565737250002
"19" 0 0 150.050442249999
"20" 0 0 428.372929
"21" 0 0 394.585203250003
"22" 0 0 356.714691249999
"23" 0 0 304.756945000001
"24" 0 0 246.056512499998
"25" 0 0 243.759181249999
"26" 0 0 321.284081000001
"27" 0 0 230.172666249999
"28" 0 0 443.896157250001
"29" 0 0 192.204805000002
"30" 0 0 235.97314425
"31" 0 0 460.163802250001
"32" 0 0 281.213372249999
"33" 0 0 435.622403250003
"34" 0 0 513.516318250004
"35" 0 0 502.853106500001
"36" 0 0 334.689406249998
"37" 0 0 154.529234499999
"38" 0 0 274.226218249999
"39" 0 0 288.219616249997
"40" 0 0 131.53655425
"41" 0 0 287.14962125
"42" 0 0 278.952246250001
"43" 0 0 249.558156250001
"44" 0 0 479.13857125
"45" 0 0 262.35760525
"46" 0 0 488.16665725
"47" 0 0 421.046976249999
"48" 0 0 206.117646249999
"49" 0 0 517.1564185
"50" 0 0 164.20031725
"51" 0 0 236.892222500003
"52" 0 0 234.1616785
"53" 0 0 184.71421525
"54" 0 0 530.982388250005
"55" 0 0 419.860854500001
"56" 0 0 221.673768500001
"57" 0 0 274.810067999999
"58" 0 0 560.469679249999
"59" 0 0 459.87787925
"60" 0 0 158.04670925
"61" 0 0 248.572456249999
"62" 0 0 535.165212499998
"63" 0 0 252.850762000002
"64" 0 0 430.426498
"65" 0 0 324.8526445
"66" 0 0 454.22225825
"67" 0 0 228.642842
"68" 0 0 407.085472249998
"69" 0 0 283.43129125
"70" 0 0 305.129481249999
"71" 0 0 207.734200249999
"72" 0 0 523.036618250001
"73" 0 0 313.806936249999
"74" 0 0 460.760320250004
"75" 0 0 466.576035250001
"76" 0 0 500.861866250001
"77" 0 0 318.122346250001
"78" 0 0 376.97600725
"79" 0 0 283.256331249998
"80" 0 0 505.325185999996
"81" 0 0 295.562284999999
"82" 0 0 469.991356249996
"83" 0 0 378.360823250001
"84" 0 0 418.58609
"85" 0 0 355.069049000001
"86" 0 0 717.638226500001
"87" 0 0 318.982638250002
"88" 0 0 208.035076250001
"89" 0 0 539.773621249999
"90" 0 0 259.568114000001
"91" 0 0 289.645598500003
"92" 0 0 521.101356249999
"93" 0 0 340.399635999998
"94" 0 0 213.678088000001
"95" 0 0 200.442477249998
"96" 0 0 196.602425999999
"97" 0 0 398.797750250001
"98" 0 0 247.5027425
"99" 0 0 442.333704500004
"100" 0 0 551.43122425
"101" 0 0 114.09820325
"102" 0 0 290.688613000001
"103" 0 0 389.641034000002
"104" 0 0 457.299610000002
"105" 0 0 274.240262499999
"106" 0 0 347.368345999996
"107" 0 0 339.343034
"108" 0 0 293.806563249999
"109" 0 0 287.461045250003
"110" 0 0 527.254291250001
"111" 0 0 414.118488250001
"112" 0 0 511.334814500002
"113" 0 0 498.407897000001
"114" 0 0 394.048850000002
"115" 0 0 609.479536249999
"116" 0 0 554.830148
"117" 0 0 149.286256250001
"118" 0 0 211.342624999998
"119" 0 0 647.46739625
"120" 0 0 345.5914885
"121" 0 0 311.001246250003
"122" 0 0 544.732304499998
"123" 0 0 274.043938499997
"124" 0 0 148.360686500001
"125" 0 0 197.05273625
"126" 0 0 349.4974625
"127" 0 0 327.968156500001
"128" 0 0 125.042316250001
"129" 0 0 197.275264
"130" 0 0 369.025581249999
"131" 0 0 181.48993025
"132" 0 0 466.907436250002
"133" 0 0 285.065453
"134" 0 0 528.373812500001
"135" 0 0 386.054664999999
"136" 0 0 103.75033
"137" 0 0 413.936236250002
"138" 0 0 212.200663250001
"139" 0 0 519.4359425
"140" 0 0 237.117520250001
"141" 0 0 698.720598499996
"142" 0 0 312.140318499999
"143" 0 0 572.405792500001
"144" 0 0 711.299665250003
"145" 0 0 313.248085
"146" 0 0 459.885380000005
"147" 0 0 304.576675250001
"148" 0 0 311.785341249998
"149" 0 0 464.21053825
"150" 0 0 265.809322
"151" 0 0 558.251088249997
"152" 0 0 478.191270249997
"153" 0 0 409.61466225
"154" 0 0 278.394238250001
"155" 0 0 345.701522500001
"156" 0 0 590.983406499998
"157" 0 0 475.641745
"158" 0 0 356.053214249999
"159" 0 0 425.346345000002
"160" 0 0 374.780642000001
"161" 0 0 442.1928065
"162" 0 0 262.393384249999
"163" 0 0 336.919872250001
"164" 0 0 383.9078525
"165" 0 0 482.813187249997
"166" 0 0 273.942704249999
"167" 0 0 473.2770285
"168" 0 0 168.15848625
"169" 0 0 207.8663665
"170" 0 0 202.525045
"171" 0 0 302.175061249997
"172" 0 0 304.262515249998
"173" 0 0 420.54304625
"174" 0 0 301.390325000001
"175" 0 0 390.058566249999
"176" 0 0 199.170250000001
"177" 0 0 579.82943125
"178" 0 0 721.720896500001
"179" 0 0 611.587288999999
"180" 0 0 303.652806250001
"181" 0 0 843.867778000001
"182" 0 0 640.714510249999
"183" 0 0 565.516445
"184" 0 0 614.292025000002
"185" 0 0 638.878737250004
"186" 0 0 189.027292500002
"187" 0 0 485.531212500002
"188" 0 0 250.63946725
"189" 0 0 322.195519999999
"190" 0 0 278.857005249997
"191" 0 0 507.552114249999
"192" 0 0 637.819348500001
"193" 0 0 309.589605
"194" 0 0 494.72550125
"195" 0 0 476.973305000001
"196" 0 0 240.2031465
"197" 0 0 341.855114500001
"198" 0 0 233.674734250001
"199" 0 0 530.857440999997
"200" 0 0 482.963821249999
"201" 0 0 624.382685000002
"202" 0 0 730.433234500001
"203" 0 0 408.259281250001
"204" 0 0 419.299500999999
"205" 0 0 542.725842499998
"206" 0 0 663.174633999997
"207" 0 0 373.05497125
"208" 0 0 541.426302249998
"209" 0 0 225.727162250001
"210" 0 0 628.055138500001
"211" 0 0 404.574361250002
"212" 0 0 563.006200249997
"213" 0 0 364.526752
"214" 0 0 629.2959445
"215" 0 0 308.0250625
"216" 0 0 257.538368
"217" 0 0 547.4630125
"218" 0 0 443.43100325
"219" 0 0 664.151511249999
"220" 0 0 188.540772499999
"221" 0 0 297.431887999998
"222" 0 0 678.986515250002
"223" 0 0 633.468496249996
"224" 0 0 676.658207249996
"225" 0 0 244.708682
"226" 0 0 193.51280825
"227" 0 0 726.831278500001
"228" 0 0 394.653866
"229" 0 0 927.388026000004
"230" 0 0 549.139385
"231" 0 0 1031.37546625
"232" 0 0 659.516624
"233" 0 0 484.802220499999
"234" 0 0 412.6321385
"235" 0 0 258.139033000001
"236" 0 0 229.90528125
"237" 0 0 384.641188999998
"238" 0 0 329.306662249999
"239" 0 0 322.4325205
"240" 0 0 776.481328999999
"241" 0 0 237.192397
"242" 0 0 209.75127625
"243" 0 0 290.569569250001
"244" 0 0 298.107725000003
"245" 0 0 605.283512500003
"246" 0 0 453.518402499999
"247" 0 0 160.541170249999
"248" 0 0 446.098057
"249" 0 0 390.437352499999
"250" 0 0 661.43718425
"251" 0 0 614.145925
"252" 0 0 259.506014500004
"253" 0 0 501.113305250001
"254" 0 0 356.151352499999
"255" 0 0 156.380009
"256" 0 0 794.297472249999
"257" 0 0 318.395916500001
"258" 0 0 499.496740000002
"259" 0 0 237.458052
"260" 0 0 210.79740125
"261" 0 0 283.456876249999
"262" 0 0 539.285646250002
"263" 0 0 280.182494249999
"264" 0 0 234.188281
"265" 0 0 708.356680000004
"266" 0 0 504.895066000001
"267" 0 0 156.5501765
"268" 0 0 721.096035249995
"269" 0 0 288.78420625
"270" 0 0 620.833394250001
"271" 0 0 593.535356500003
"272" 0 0 528.823678500003
"273" 0 0 178.763285
"274" 0 0 388.393905250001
"275" 0 0 302.375380250001
"276" 0 0 512.74292
"277" 0 0 485.711307249997
"278" 0 0 568.867790249998
"279" 0 0 276.856135250002
"280" 0 0 733.591008999997
"281" 0 0 504.568166499998
"282" 0 0 239.585617
"283" 0 0 373.627860250001
"284" 0 0 455.473812999999
"285" 0 0 456.80494625
"286" 0 0 202.475328249999
"287" 0 0 525.858181249999
"288" 0 0 682.767931250001
"289" 0 0 336.69874025
"290" 0 0 447.799089999998
"291" 0 0 1021.85190125001
"292" 0 0 715.058484999999
"293" 0 0 222.867348250001
"294" 0 0 179.996450500001
"295" 0 0 315.058423249999
"296" 0 0 219.264474249999
"297" 0 0 611.4033
"298" 0 0 963.180517
"299" 0 0 426.999618000002
"300" 0 0 169.052109250002
"301" 0 0 459.132204499997
"302" 0 0 354.23826425
"303" 0 0 282.28739425
"304" 0 0 509.559362500001
"305" 0 0 440.319601249996
"306" 0 0 803.812697999998
"307" 0 0 986.914694249999
"308" 0 0 335.5596865
"309" 0 0 170.037657249999
"310" 0 0 143.6583425
"311" 0 0 544.720948000002
"312" 0 0 537.404083249999
"313" 0 0 375.438208500001
"314" 0 0 898.642782500001
"315" 0 0 792.022112499997
"316" 0 0 161.72126525
"317" 0 0 149.968564999999
"318" 0 0 1046.73090925
"319" 0 0 401.203198249999
"320" 0 0 386.872585999998
"321" 0 0 469.49687525
"322" 0 0 362.429600000001
"323" 0 0 357.702293000001
"324" 0 0 526.293337250001
"325" 0 0 234.92175925
"326" 0 0 690.515896999999
"327" 0 0 237.234578499999
"328" 0 0 462.5825465
"329" 0 0 456.8808325
"330" 0 0 582.42174125
"331" 0 0 494.662670500001
"332" 0 0 449.329125250001
"333" 0 0 210.3237425
"334" 0 0 440.086219250001
"335" 0 0 296.5347125
"336" 0 0 208.762186250001
"337" 0 0 385.667446250001
"338" 0 0 122.638441
"339" 0 0 695.81148125
"340" 0 0 155.28683825
"341" 0 0 373.416794000002
"342" 0 0 190.147170499999
"343" 0 0 488.974682250004
"344" 0 0 1159.41084725
"345" 0 0 246.0430325
"346" 0 0 318.8011265
"347" 0 0 668.110093249996
"348" 0 0 155.3097465
"349" 0 0 766.072099250004
"350" 0 0 646.995280000002
"351" 0 0 509.035299999999
"352" 0 0 346.41367825
"353" 0 0 82.5120244999998
"354" 0 0 144.77832725
"355" 0 0 862.858360249998
"356" 0 0 279.7493225
"357" 0 0 531.256953250002
"358" 0 0 542.420767249996
"359" 0 0 591.205506499995
"360" 0 0 186.922609000001
"361" 0 0 620.32868
"362" 0 0 441.257924499999
"363" 0 0 287.82187816
"364" 0 0 204.67342125
"365" 0 0 219.01033225
"366" 0 0 346.873538500001
"367" 0 0 155.205389000001
"368" 0 0 493.984339809998
"369" 0 0 729.473632452502
"370" 0 0 165.2603243525
"371" 0 0 422.939510890001
"372" 0 0 516.886464999997
"373" 0 0 756.863135410001
"374" 0 0 418.98046996
"375" 0 0 87.6567512499999
"376" 0 0 420.824169999997
"377" 0 0 113.468690690001
"378" 0 0 307.102389722501
"379" 0 0 832.937043999996
"380" 0 0 506.402122500003
"381" 1 162.6832085 210.363849700611
"382" 1 198.788589250001 206.1779778402
"383" 1 211.43202325 262.871303671517
"384" 1 243.233802499999 253.358298043481
"385" 1 244.65828825 316.218068735551
"386" 1 251.6493125 276.394993649786
"387" 1 270.396484 306.640651772791
"388" 1 272.071949 291.012782465903
"389" 1 275.442040250001 348.961433729261
"390" 1 279.41451625 340.156766559068
"391" 1 282.716564500001 336.332278827742
"392" 1 282.901824499999 321.72956505585
"393" 1 283.195603999999 443.669742775689
"394" 1 286.25704925 388.255330403964
"395" 1 289.078662499999 312.096727731109
"396" 1 289.47775625 344.815630853554
"397" 1 293.41539725 312.016778332597
"398" 1 299.639165000001 518.519356291375
"399" 1 299.988991250002 551.324197988753
"400" 1 301.926425000001 321.301592577725
"401" 1 306.035353 390.616162701313
"402" 1 309.01386125 452.617559923532
"403" 1 311.768172250003 411.387210695157
"404" 1 312.545773250001 406.481806208848
"405" 1 313.916670500001 505.666527958387
"406" 1 318.9807625 391.830228708382
"407" 1 320.428849 384.370159572962
"408" 1 321.897077 659.853768207108
"409" 1 322.9081585 422.630252939899
"410" 1 324.562627999999 378.359571912413
"411" 1 324.623062250003 333.073091471299
"412" 1 325.9050705 623.072220745251
"413" 1 333.838882249999 621.035545798047
"414" 1 333.864777249999 448.635612696175
"415" 1 334.571096249999 376.466111410445
"416" 1 336.72136525 478.438892849853
"417" 1 338.796196 383.300441526328
"418" 1 345.432654499998 656.963061561687
"419" 1 347.33777 475.725851509615
"420" 1 348.087966249999 376.013275106262
"421" 1 351.099869 745.588257085857
"422" 1 351.903956500001 434.047742357553
"423" 1 352.832343250002 563.012717903457
"424" 1 353.211676249999 461.173026852681
"425" 1 353.236552249999 391.138574093107
"426" 1 353.924712249998 434.304715347852
"427" 1 353.956066249998 794.90306492321
"428" 1 354.667357250002 447.483873448365
"429" 1 356.31926125 432.176484466863
"430" 1 358.53083725 633.008467119874
"431" 1 358.669909249999 429.288718143857
"432" 1 359.634153250001 401.14291918989
"433" 1 360.801820249999 592.236477001045
"434" 1 362.120971250001 672.650800138467
"435" 1 362.538660250001 580.150633387203
"436" 1 364.587648999999 801.81652082182
"437" 1 365.008851250001 387.317585380871
"438" 1 365.46005 392.977476970418
"439" 1 365.71965625 467.962992261707
"440" 1 371.934684249998 528.361038970855
"441" 1 372.302592499999 487.71091814585
"442" 1 373.821589 401.913202732218
"443" 1 377.667546249999 378.997033992008
"444" 1 377.875364000002 420.731221884915
"445" 1 379.12121325 447.803163186089
"446" 1 380.248352499999 577.268071212858
"447" 1 380.693592999999 463.346942391575
"448" 1 380.877196999999 672.264051717241
"449" 1 381.634165250001 612.891807430008
"450" 1 383.236681250001 445.36658550095
"451" 1 383.349566499999 416.185423929362
"452" 1 383.736597250001 396.652977458935
"453" 1 384.382423249999 710.797138094083
"454" 1 385.37720325 422.824854569602
"455" 1 386.461446250001 411.326817208981
"456" 1 386.541396999998 386.558299435294
"457" 1 388.121744249999 538.610265609743
"458" 1 390.197188 474.222711589587
"459" 1 390.4523065 429.195316726931
"460" 1 394.54416025 733.276864921952
"461" 1 394.95120625 443.609697885551
"462" 1 396.993262500001 562.539785574699
"463" 1 397.181252250002 401.775866696832
"464" 1 397.202631250001 508.657376522294
"465" 1 398.262573000001 758.797475754612
"466" 1 399.938909 423.886672088412
"467" 1 400.721425250002 459.826490615183
"468" 1 401.360698000002 465.970599394786
"469" 1 402.495678500001 429.975354021411
"470" 1 403.81197125 412.16388466307
"471" 1 405.789916500002 743.811420261438
"472" 1 406.072134249999 465.512021259659
"473" 1 407.430867999999 417.817316979807
"474" 1 409.17578125 624.9540295612
"475" 1 409.306720250001 435.458283774634
"476" 1 409.8655025 575.067195275425
"477" 1 412.07704525 613.454171341966
"478" 1 414.021032499999 506.384910658201
"479" 1 416.551329999998 433.561819821502
"480" 1 416.58791425 459.922805198265
"481" 1 417.155476 477.923786868751
"482" 1 417.530337250002 909.678918463663
"483" 1 417.882027250001 524.583204826928
"484" 1 421.574984999999 554.54530233812
"485" 1 422.909157249999 535.199394456463
"486" 1 423.863155999998 611.37496490579
"487" 1 424.992190249999 544.305893022356
"488" 1 425.438643999998 723.788820091359
"489" 1 425.799699999999 599.416453097519
"490" 1 426.89819304 527.738039819051
"491" 1 427.368003999999 428.825691229407
"492" 1 427.668874 713.635891606448
"493" 1 427.756076499999 683.77592094244
"494" 1 428.913001249996 678.367531921451
"495" 1 429.187568499997 474.53871638939
"496" 1 436.289023250001 448.979726526736
"497" 1 438.626541249999 505.387715116612
"498" 1 439.106317250001 620.035641705459
"499" 1 439.915416250001 513.900923478587
"500" 1 439.920705249999 472.576687894516
"501" 1 440.005586 511.87581383693
"502" 1 440.241145249999 615.638412615554
"503" 1 440.695250499999 441.369871584236
"504" 1 441.515374250001 499.320813648951
"505" 1 442.311916249998 462.040629243557
"506" 1 443.257378249997 734.634977557842
"507" 1 443.368290249999 452.404114747051
"508" 1 445.269712499996 458.405883500823
"509" 1 445.464882249998 491.512988664557
"510" 1 445.9997525 457.676214578677
"511" 1 446.64880525 858.034506830866
"512" 1 447.470598250002 637.918169531376
"513" 1 448.482637 894.517446384105
"514" 1 449.930856250004 482.747652150072
"515" 1 450.52511725 743.872917043205
"516" 1 450.894187250001 455.797239272001
"517" 1 451.108480000001 554.14427612028
"518" 1 454.017907250003 504.017954857645
"519" 1 455.104552999997 528.463481525394
"520" 1 456.333032250001 469.691706332038
"521" 1 456.382484500001 542.746842760988
"522" 1 456.642922500001 507.914727697473
"523" 1 457.517745000001 907.599033592094
"524" 1 458.686736 812.790311280642
"525" 1 462.01730725 517.306190813379
"526" 1 464.810924499999 610.675640028214
"527" 1 464.87678225 542.643107717219
"528" 1 465.12297 470.233751405028
"529" 1 470.640322000001 478.808835734074
"530" 1 472.809800500001 497.550940831156
"531" 1 473.098124499999 673.468929601577
"532" 1 473.647717250001 700.080083642522
"533" 1 475.692606499999 499.92538804012
"534" 1 475.88509225 561.802764252299
"535" 1 475.946496250001 1129.05006454329
"536" 1 478.53205625 600.630350579912
"537" 1 478.568616250001 585.165876012432
"538" 1 478.902057249999 581.775849044525
"539" 1 481.904372499999 582.157418254154
"540" 1 482.18213 496.065226766192
"541" 1 483.2873165 546.872989746042
"542" 1 483.631341249998 759.636179832431
"543" 1 484.829842500001 709.796148490602
"544" 1 484.880776 523.968132840963
"545" 1 485.944497250004 759.230027609507
"546" 1 486.97763525 676.470495646779
"547" 1 487.220809000002 488.15774217504
"548" 1 488.167764500001 563.669021163348
"549" 1 488.349896500003 506.539066822137
"550" 1 490.642099249997 636.322005600913
"551" 1 491.576256999999 772.374081808532
"552" 1 491.994920000004 493.021540707515
"553" 1 492.0876505 568.245497210671
"554" 1 498.338764249998 594.33442001631
"555" 1 498.780016999999 547.828964225323
"556" 1 498.96485825 652.397632710282
"557" 1 501.320741000001 615.784145672377
"558" 1 503.872764249999 717.500745471072
"559" 1 505.380852249999 819.266413375587
"560" 1 506.379061249996 711.372176890539
"561" 1 507.578863249999 764.2204266489
"562" 1 509.96388125 621.378458251843
"563" 1 510.981457999999 662.401424799968
"564" 1 513.039796249999 559.84590775784
"565" 1 513.146568499998 682.274698174334
"566" 1 513.914872500001 516.578776299306
"567" 1 514.122326500001 602.956229319974
"568" 1 514.561406499997 538.384024764072
"569" 1 514.692290250001 718.689626231631
"570" 1 514.84230125 574.450032251739
"571" 1 515.00098525 602.519955041235
"572" 1 515.077020250001 712.36105267588
"573" 1 515.933654499997 557.432615044521
"574" 1 517.207852250001 552.068796042958
"575" 1 518.138690499998 640.152808405281
"576" 1 518.204012500002 583.97994230864
"577" 1 518.617166499999 639.690250289663
"578" 1 518.959006249999 520.189412073619
"579" 1 520.656624499997 640.586961163854
"580" 1 521.26046825 658.731493554089
"581" 1 522.523872500002 529.589849673315
"582" 1 524.86681525 541.030035790729
"583" 1 526.495185 543.146493224753
"584" 1 526.61734025 810.894995547089
"585" 1 531.719170249997 580.676818696111
"586" 1 533.014412499997 678.934238331684
"587" 1 534.931956249999 592.208972502662
"588" 1 535.738850000001 621.088808456805
"589" 1 537.937968250003 538.63907388796
"590" 1 539.107684999998 670.614060011478
"591" 1 539.284071249999 1156.69757299621
"592" 1 540.688789000001 588.925373222996
"593" 1 540.739703249999 702.529373395902
"594" 1 540.78725125 586.928452418273
"595" 1 540.910275250001 586.175756888822
"596" 1 541.211656250002 858.323577396809
"597" 1 541.7104545 604.220390949785
"598" 1 542.332249999997 829.03452093599
"599" 1 543.648965 552.899223839831
"600" 1 545.026568000001 659.468456636414
"601" 1 545.725340500003 727.224037002387
"602" 1 546.439795250001 547.221073050801
"603" 1 546.638206250001 646.736268103675
"604" 1 547.367976250004 852.973352781579
"605" 1 547.48073825 725.178518168118
"606" 1 548.081478250001 635.632333564301
"607" 1 549.478866250002 632.950373593849
"608" 1 549.67510225 603.261807859885
"609" 1 550.93490325 698.651456349369
"610" 1 551.113796250002 1219.94372698454
"611" 1 551.125010000002 661.087250326384
"612" 1 554.693566250002 736.634746889526
"613" 1 554.935431250002 554.954898474835
"614" 1 555.196069 786.220877297121
"615" 1 558.066908500001 568.347402786359
"616" 1 558.953698 637.742983031967
"617" 1 564.006034000004 580.380461667393
"618" 1 565.44799725 574.462247782104
"619" 1 565.581152500001 669.869399709325
"620" 1 565.762580500001 1306.12625618944
"621" 1 566.218851250002 592.418415550609
"622" 1 566.368044999999 735.225428906662
"623" 1 568.707470499998 622.751288177059
"624" 1 569.656368250001 676.852861430135
"625" 1 570.650350249999 921.490070750491
"626" 1 570.716188250001 607.935547162723
"627" 1 572.07960725 988.363128488411
"628" 1 573.680580999998 587.862805833206
"629" 1 573.888117422501 585.640509153605
"630" 1 578.07304525 620.820012461939
"631" 1 578.998765000002 1042.36748336415
"632" 1 579.711848500001 1053.37548614104
"633" 1 580.088356249999 1113.12697213046
"634" 1 581.52363325 592.263976242859
"635" 1 581.942240500002 693.217410743434
"636" 1 583.269381250002 646.333440804363
"637" 1 584.211025249996 661.827362206877
"638" 1 584.599204999999 586.895796850358
"639" 1 585.561723249999 957.629298941946
"640" 1 585.918655250001 602.305705091879
"641" 1 586.67237225 1167.25821741107
"642" 1 586.840356250005 668.936669475611
"643" 1 586.888249999998 795.395977913628
"644" 1 590.33108925 594.297305613809
"645" 1 593.529108250002 1014.51881741191
"646" 1 594.21820225 639.724184773414
"647" 1 594.5549805 661.881774219585
"648" 1 596.1300265 995.408923255492
"649" 1 597.28926725 856.337815131648
"650" 1 597.454020500002 631.746385037979
"651" 1 597.7748545 743.123320035595
"652" 1 598.01014325 608.140053950013
"653" 1 598.394639249997 948.73558412016
"654" 1 600.526938500005 610.437357004099
"655" 1 602.355026499998 613.248214642095
"656" 1 603.79490025 991.584447162688
"657" 1 604.551334499998 803.843971053968
"658" 1 604.8367145 611.021702815832
"659" 1 604.85475125 638.55596257315
"660" 1 605.986459250001 709.980552967118
"661" 1 606.09877025 974.436986572329
"662" 1 606.174039249998 685.098962583734
"663" 1 606.676452499999 656.019629039266
"664" 1 608.123527249999 1169.55887530432
"665" 1 608.53460125 669.602869820946
"666" 1 610.099128249999 853.140639538386
"667" 1 610.410895249998 1308.23140259534
"668" 1 611.379914000001 711.363677867151
"669" 1 613.531258 613.602267833744
"670" 1 615.598666 626.107560161764
"671" 1 616.598258 633.67690267205
"672" 1 617.9605 719.501144950621
"673" 1 618.457479999996 904.672521121181
"674" 1 620.173048499996 664.614841288617
"675" 1 622.545674000004 767.208048774597
"676" 1 622.925496250002 680.652924800609
"677" 1 623.028057249999 667.784957589339
"678" 1 623.39406625 684.21156825061
"679" 1 625.85589725 716.95039725279
"680" 1 626.322721000001 885.79163588863
"681" 1 626.971284 797.92534859039
"682" 1 628.719988 662.694447817863
"683" 1 630.515862499999 649.243492954785
"684" 1 630.775880500002 635.27381306354
"685" 1 632.800597000001 636.878021318702
"686" 1 634.829361249998 644.025711744697
"687" 1 636.952431249997 717.58964311045
"688" 1 638.111085249999 980.450110172321
"689" 1 638.392320249999 771.925077034405
"690" 1 638.412818500002 643.363210042859
"691" 1 640.966906000002 684.258127492646
"692" 1 641.227826500001 1326.93701092493
"693" 1 641.587632999994 655.659559450371
"694" 1 643.184091250003 671.677932735374
"695" 1 644.643530500004 953.011889375969
"696" 1 644.993234500002 647.616405869173
"697" 1 646.004056250001 683.065322942397
"698" 1 648.442945000003 678.645824524244
"699" 1 649.363376250001 780.608335261675
"700" 1 650.595291249999 728.529089944572
"701" 1 650.952931249997 953.557445815454
"702" 1 651.775592250003 813.886808019082
"703" 1 653.728947250001 800.832908230389
"704" 1 655.619589249998 816.038160887886
"705" 1 657.269825000001 672.141835251767
"706" 1 658.105932499998 659.249640926038
"707" 1 660.019564999998 824.07195870755
"708" 1 660.661341249998 1045.49787563152
"709" 1 660.767134249999 684.975149716753
"710" 1 663.006066500001 873.904602435145
"711" 1 664.362121000003 950.690659936617
"712" 1 670.484764999999 691.97323200722
"713" 1 673.0478505 676.103354850634
"714" 1 674.208207999997 731.375389676358
"715" 1 676.9068125 741.020624469145
"716" 1 678.713912500003 950.922504006212
"717" 1 679.1790125 750.093221129639
"718" 1 679.268097 679.283865777862
"719" 1 680.429192499995 689.743602108532
"720" 1 681.3032 711.108683832645
"721" 1 681.899679250002 684.143289388996
"722" 1 683.095662500001 764.227997956013
"723" 1 683.596664499999 807.959910891495
"724" 1 685.217025000002 790.362915298412
"725" 1 689.050336500003 713.811622524127
"726" 1 689.996553250001 799.420287944185
"727" 1 693.2458025 707.910768130475
"728" 1 693.5474965 739.014468848292
"729" 1 697.25947325 953.576746338576
"730" 1 705.029424500001 792.716638089592
"731" 1 705.80430925 706.587965846315
"732" 1 705.824480500002 755.832070561489
"733" 1 706.173077249999 1086.90515812122
"734" 1 706.420212500001 790.36763045788
"735" 1 706.5182225 1121.33018866482
"736" 1 706.700311250004 790.557909960015
"737" 1 706.963876250001 779.418217659962
"738" 1 707.098408250005 740.919594551095
"739" 1 710.8527725 882.366140700453
"740" 1 713.589209000002 846.50664876064
"741" 1 713.990202250001 1148.30219212333
"742" 1 715.7180405 1150.07238008288
"743" 1 716.061466250001 749.492632111076
"744" 1 716.391055250001 735.005546690604
"745" 1 717.314734250002 1104.4738060585
"746" 1 717.410260999998 780.447811135882
"747" 1 717.914350250001 1127.16637213396
"748" 1 718.144510249997 720.169671595226
"749" 1 720.633474810003 907.751243133214
"750" 1 721.937337250001 862.785594007925
"751" 1 722.05798925 750.914502731972
"752" 1 722.114275249997 829.118771887849
"753" 1 722.996238499999 785.53356561068
"754" 1 724.45317125 954.750246021343
"755" 1 725.60605625 796.556396656926
"756" 1 725.886162500001 1149.78597288657
"757" 1 731.431268000002 880.397658752164
"758" 1 731.660511249999 924.143276578106
"759" 1 734.060595249998 838.163019501312
"760" 1 734.53683125 1219.32908956123
"761" 1 735.003831250004 826.045453810964
"762" 1 736.001331249999 736.217390215098
"763" 1 738.694813250001 1434.65903689977
"764" 1 739.331144000001 943.494555705865
"765" 1 743.6971645 1190.54080465496
"766" 1 745.412296500001 1257.57630331934
"767" 1 747.192642250003 788.983073252308
"768" 1 747.469264000001 881.764234760891
"769" 1 749.417139249995 856.577804510373
"770" 1 750.97101825 1038.51911618744
"771" 1 751.116708500001 1145.55682850963
"772" 1 751.149745249999 1148.08789133721
"773" 1 752.4055552525 1122.06163116232
"774" 1 752.55255521 806.902127333803
"775" 1 753.204403999999 830.727027259445
"776" 1 755.5954045 919.62208398576
"777" 1 760.165481250001 1106.9823488944
"778" 1 762.07552525 1263.99064382555
"779" 1 762.347281249997 777.145170187814
"780" 1 763.272304999999 795.362824983172
"781" 1 763.480820499996 875.800729933135
"782" 1 765.713150499999 1051.73712656262
"783" 1 765.754025 877.445651020844
"784" 1 766.319141249999 905.731676275833
"785" 1 767.775007249998 834.260705518046
"786" 1 768.034133000003 970.310094114044
"787" 1 768.643465459999 781.497000542073
"788" 1 769.63226525 822.408313568527
"789" 1 774.067825000001 775.885515549619
"790" 1 774.752319999999 927.654188314613
"791" 1 778.121487999999 1051.60088118412
"792" 1 778.199454500001 800.300339625048
"793" 1 778.658080000001 1476.11605141209
"794" 1 784.78586 941.645299004049
"795" 1 787.149861249995 859.157218914153
"796" 1 788.28998225 844.608698984143
"797" 1 791.042476249997 936.583865193916
"798" 1 792.0309665 889.950592792557
"799" 1 793.529628999997 1186.25559345556
"800" 1 796.263648500002 811.559078621289
"801" 1 797.3969669525 874.92768554399
"802" 1 798.21884525 936.498011642526
"803" 1 799.84002856 828.597511043782
"804" 1 801.266521250001 867.389619001815
"805" 1 803.484028999996 848.684053253337
"806" 1 804.48308825 1018.03326816515
"807" 1 805.793141249999 1138.85452789744
"808" 1 809.739904500001 849.926856038916
"809" 1 810.007284499999 974.218698607259
"810" 1 810.732263889996 824.920735378561
"811" 1 811.516552249993 998.15918333621
"812" 1 814.796237250001 1112.19328957012
"813" 1 817.032258249999 975.258891012004
"814" 1 817.552495249999 902.927964903587
"815" 1 817.742880249999 851.345249362463
"816" 1 818.040024249997 1435.2240768763
"817" 1 819.826474000001 904.735467050811
"818" 1 822.625012249999 823.778655882236
"819" 1 823.2754431025 825.5488990485
"820" 1 823.559026249997 1066.83690656358
"821" 1 826.022294499998 828.849867891345
"822" 1 827.543676999998 853.825743192447
"823" 1 827.881057249999 961.245894069201
"824" 1 828.593859999997 1136.55849673321
"825" 1 834.438216249998 836.065447761233
"826" 1 835.065715249998 854.837480164476
"827" 1 835.525785250001 836.108834067612
"828" 1 839.649373000001 949.044592630179
"829" 1 840.7094345 1023.78841351709
"830" 1 843.2139025 899.813179743736
"831" 1 844.77753125 1578.14620028075
"832" 1 845.734071249996 1238.15960766432
"833" 1 847.899360999997 968.862138010759
"834" 1 849.844496250001 907.574575371385
"835" 1 852.090665 858.261938143421
"836" 1 853.451315999996 871.312093555756
"837" 1 857.944906249999 1159.09552298631
"838" 1 862.90493425 1302.29602190862
"839" 1 864.04254425 1687.41670608928
"840" 1 865.68877025 955.66311167464
"841" 1 871.661214250002 1062.67687482464
"842" 1 873.132627249999 960.485455793498
"843" 1 874.191577249999 904.428349651883
"844" 1 877.364557250001 946.757594369369
"845" 1 878.565865000006 990.238505495295
"846" 1 878.747698250003 1276.46827756612
"847" 1 878.759938250004 903.001359705614
"848" 1 881.643817 947.252379873451
"849" 1 882.139900500003 922.635206912844
"850" 1 883.320475249999 977.15539485272
"851" 1 884.179072250002 969.286318333491
"852" 1 885.034822249998 1039.07980398875
"853" 1 885.9653725 910.794916603204
"854" 1 889.267028000004 1092.6522182345
"855" 1 890.612234000002 1124.31156891129
"856" 1 891.1545865 933.936368395227
"857" 1 894.4519405 929.630502413723
"858" 1 896.8493645 900.466773426825
"859" 1 897.004459249999 943.528250377403
"860" 1 897.988117000002 930.218240558588
"861" 1 898.273986249999 900.699508786203
"862" 1 898.584808499998 1096.06515905581
"863" 1 900.657297249999 1226.24019068851
"864" 1 902.564680000002 1034.09781078448
"865" 1 909.412070499999 948.706301432089
"866" 1 910.699276499994 1023.17683217568
"867" 1 911.617094249996 933.164311499706
"868" 1 911.867658499999 999.595704100386
"869" 1 911.895354499999 1618.76659973652
"870" 1 911.965278250001 949.607213953235
"871" 1 912.202918249999 1280.81756514873
"872" 1 915.117305000005 917.60306343878
"873" 1 916.509561249998 1094.99410630345
"874" 1 924.264735249999 1036.75992231491
"875" 1 927.045697000001 1195.23476523803
"876" 1 934.478233 1100.86478960351
"877" 1 935.022425 992.894921353443
"878" 1 936.78377525 1093.68740286573
"879" 1 937.609572499998 1572.50475010645
"880" 1 938.500501000003 1044.93973598053
"881" 1 940.733898250002 1019.2145114321
"882" 1 944.526846250002 1057.69126061742
"883" 1 946.519204499996 1527.77907997888
"884" 1 948.703674500001 995.913107108416
"885" 1 952.42356925 1073.76496762913
"886" 1 952.6219105 1491.36084813009
"887" 1 953.853016249991 1083.04986769128
"888" 1 959.969157250002 1325.26378196495
"889" 1 962.2333085 1129.29461378868
"890" 1 964.886743250004 1211.7263129639
"891" 1 968.3635165 979.073269335664
"892" 1 969.919662499997 1086.69290014712
"893" 1 970.329949249999 1142.62371564747
"894" 1 982.145716000003 1130.81643771012
"895" 1 983.817735939998 983.882994900311
"896" 1 985.250047999994 1137.42694782495
"897" 1 986.729634500001 988.285871598085
"898" 1 1005.7979125 1055.65447131531
"899" 1 1007.920282 1008.95626949316
"900" 1 1014.48351225 1392.53706780012
"901" 1 1015.54763125 1081.40400592225
"902" 1 1019.120125 1048.12698714432
"903" 1 1021.75529125 1043.53117805946
"904" 1 1026.51219450001 1115.77850811055
"905" 1 1028.09086525 1127.03024691407
"906" 1 1030.15603125 1037.1244834429
"907" 1 1032.57765649999 1237.93546474069
"908" 1 1033.16914 1307.87824960262
"909" 1 1036.623625 1090.51825467207
"910" 1 1037.34509124999 1041.02292450981
"911" 1 1042.2066665 1792.33917494737
"912" 1 1049.3149005 1144.0470623631
"913" 1 1054.47874225 1115.93365157142
"914" 1 1062.269344 1065.07255628573
"915" 1 1062.84582125 1063.80049572346
"916" 1 1065.31149325 1515.76510384878
"917" 1 1067.4530605 1084.0965930957
"918" 1 1073.03298125 1160.7359263568
"919" 1 1074.47599025001 1306.973434971
"920" 1 1076.18008025 1080.88957417493
"921" 1 1076.4952405 1087.57729046399
"922" 1 1080.7618865 1966.44177837766
"923" 1 1081.397268 1182.2691261525
"924" 1 1085.90401825 1340.01372386149
"925" 1 1090.0740625 1647.98659790815
"926" 1 1096.01033624999 1806.7821041341
"927" 1 1096.11174625 1219.61645074981
"928" 1 1104.93508925 1106.759892433
"929" 1 1107.40746925 1622.1741106029
"930" 1 1113.77704225 1680.97261322424
"931" 1 1115.439777 1140.51141982459
"932" 1 1118.26356725 1124.9849913732
"933" 1 1119.0856045 1132.70042987873
"934" 1 1122.58572725 1197.8454552563
"935" 1 1123.0092325 1170.8582334813
"936" 1 1130.985297 1131.00973412445
"937" 1 1163.6151805 1171.21725949838
"938" 1 1164.410461 1171.61189018631
"939" 1 1169.18183450001 1277.67890713007
"940" 1 1176.270426 1583.7996683328
"941" 1 1178.16949 1656.54462352729
"942" 1 1181.4154225 1261.00575124838
"943" 1 1204.5366125 1227.97579752241
"944" 1 1206.84406525 1220.37454469006
"945" 1 1208.64354024999 1309.05556068753
"946" 1 1208.8059370025 1243.52913618686
"947" 1 1209.372224 1717.74491289576
"948" 1 1211.02096 1350.7922042147
"949" 1 1214.85555725 1215.16009037115
"950" 1 1216.196866 1596.5928763799
"951" 1 1219.57008725 1352.37376015168
"952" 1 1223.80653125 1463.42638195064
"953" 1 1227.039845 1756.51206326555
"954" 1 1240.71954500001 1303.46528300683
"955" 1 1250.44643725 1344.1948754057
"956" 1 1253.30331324999 1272.63009049454
"957" 1 1253.8002265 1254.82011759496
"958" 1 1254.51235314001 1277.24635468841
"959" 1 1256.87502725 1452.7458646772
"960" 1 1265.39616125 1802.08803577583
"961" 1 1279.86591625 1300.74302578687
"962" 1 1283.669056 1285.38582447726
"963" 1 1304.05072725 1336.50600136146
"964" 1 1305.18895025 1372.69489991449
"965" 1 1308.63938225 1312.36940802665
"966" 1 1311.97747300001 1353.43720980988
"967" 1 1323.78002525 1475.16938219157
"968" 1 1328.5242625 1889.82773437623
"969" 1 1351.22357525 1457.4830461559
"970" 1 1365.75454625001 1575.43377849926
"971" 1 1376.51520424999 1462.64910365914
"972" 1 1379.857156 1395.25477512439
"973" 1 1389.0498385 1539.38441887691
"974" 1 1395.092394 1629.86094898608
"975" 1 1411.5083285 1474.13019152864
"976" 1 1446.53306425 1597.24328119099
"977" 1 1478.82294625 1573.65221277028
"978" 1 1555.3273205 1597.90100733218
"979" 1 1587.63899125 1630.35325800752
"980" 1 1653.3273965 1664.02263965634
"981" 1 1671.90545 1707.42180623493
"982" 1 1674.44418499999 1752.78028562617
"983" 1 1708.50901 1794.00756754258
"984" 1 1752.53938225001 1802.54619250578
"985" 1 1767.9486105 1769.35582636558
"986" 1 1858.12401625 1873.60332259556
"987" 1 2208.53930986 2258.63847330508
