"dimension" "Birth" "Death"
"1" 0 0 Inf
"2" 0 0 258.631496999999
"3" 0 0 269.42599325
"4" 0 0 193.37154325
"5" 0 0 267.508419249999
"6" 0 0 140.284849
"7" 0 0 138.2315725
"8" 0 0 220.703754499997
"9" 0 0 195.51959825
"10" 0 0 146.183059999999
"11" 0 0 355.135297249997
"12" 0 0 307.959230500001
"13" 0 0 301.398906250002
"14" 0 0 327.956591249997
"15" 0 0 298.199172499998
"16" 0 0 237.790992500001
"17" 0 0 296.631268249998
"18" 0 0 301.745630500002
"19" 0 0 250.425784249999
"20" 0 0 333.581562500004
"21" 0 0 253.611478250002
"22" 0 0 438.4638245
"23" 0 0 452.750841999998
"24" 0 0 305.0894405
"25" 0 0 140.616078499999
"26" 0 0 476.58524425
"27" 0 0 556.133920000001
"28" 0 0 347.033031250001
"29" 0 0 498.127087249996
"30" 0 0 293.599276999997
"31" 0 0 414.1354445
"32" 0 0 255.201403250001
"33" 0 0 322.480613249999
"34" 0 0 253.476551249999
"35" 0 0 403.252257999999
"36" 0 0 341.730862250002
"37" 0 0 156.540743999999
"38" 0 0 427.475032249998
"39" 0 0 226.119384249999
"40" 0 0 664.871445250001
"41" 0 0 361.010631250004
"42" 0 0 190.278279999998
"43" 0 0 319.863228999999
"44" 0 0 325.070876250002
"45" 0 0 339.194290249997
"46" 0 0 390.70379125
"47" 0 0 284.042804000001
"48" 0 0 319.678579999999
"49" 0 0 278.5455725
"50" 0 0 746.685048250001
"51" 0 0 180.386461249999
"52" 0 0 278.33774625
"53" 0 0 611.823033999999
"54" 0 0 485.253106250004
"55" 0 0 465.515527250002
"56" 0 0 299.617094499998
"57" 0 0 483.039418499997
"58" 0 0 435.83161225
"59" 0 0 345.3399685
"60" 0 0 441.460445000001
"61" 0 0 166.235472500001
"62" 0 0 300.925694249998
"63" 0 0 615.654249999997
"64" 0 0 135.2913805
"65" 0 0 319.168656249999
"66" 0 0 416.457182500003
"67" 0 0 304.03952525
"68" 0 0 275.581305249999
"69" 0 0 359.208467999998
"70" 0 0 359.975281250004
"71" 0 0 356.436620999998
"72" 0 0 233.279450000001
"73" 0 0 756.854744500002
"74" 0 0 274.937254249999
"75" 0 0 255.430281250002
"76" 0 0 249.01633825
"77" 0 0 354.641212249998
"78" 0 0 434.73267125
"79" 0 0 284.172060499999
"80" 0 0 528.210832499997
"81" 0 0 453.23578925
"82" 0 0 499.18130425
"83" 0 0 411.960038500003
"84" 0 0 140.9308865
"85" 0 0 261.905568250001
"86" 0 0 335.859106500001
"87" 0 0 613.691168000002
"88" 0 0 214.617610000001
"89" 0 0 345.237785000001
"90" 0 0 593.225785
"91" 0 0 485.241201250001
"92" 0 0 336.87775025
"93" 0 0 180.43246325
"94" 0 0 308.902208000002
"95" 0 0 465.537497000002
"96" 0 0 277.082421249999
"97" 0 0 234.011766499999
"98" 0 0 502.12869425
"99" 0 0 350.323772499999
"100" 0 0 336.70234
"101" 0 0 372.58711225
"102" 0 0 333.218202249999
"103" 0 0 530.628068249998
"104" 0 0 350.068656999999
"105" 0 0 469.170801249999
"106" 0 0 272.625769999998
"107" 0 0 212.697475250001
"108" 0 0 380.105320499998
"109" 0 0 412.594101250003
"110" 0 0 124.708812500001
"111" 0 0 201.771810500001
"112" 0 0 182.025589249999
"113" 0 0 298.64476025
"114" 0 0 448.073678250002
"115" 0 0 197.387349250001
"116" 0 0 479.094396999998
"117" 0 0 280.182136250004
"118" 0 0 322.15207925
"119" 0 0 311.899984249998
"120" 0 0 464.947193000002
"121" 0 0 835.173093250001
"122" 0 0 282.42670625
"123" 0 0 417.81128
"124" 0 0 176.90183425
"125" 0 0 691.773272500001
"126" 0 0 256.71354125
"127" 0 0 432.007201249996
"128" 0 0 246.727899250002
"129" 0 0 348.160576249999
"130" 0 0 499.50215125
"131" 0 0 559.526496250002
"132" 0 0 375.4568205
"133" 0 0 242.102496250001
"134" 0 0 407.294425000001
"135" 0 0 406.143006250001
"136" 0 0 320.564116999996
"137" 0 0 297.618337249999
"138" 0 0 388.77310625
"139" 0 0 389.553957000001
"140" 0 0 321.24597425
"141" 0 0 600.966470250003
"142" 0 0 331.324538
"143" 0 0 448.181728249998
"144" 0 0 151.945069250001
"145" 0 0 281.234902250001
"146" 0 0 187.316958250001
"147" 0 0 785.990409999999
"148" 0 0 320.266812999999
"149" 0 0 302.894553250002
"150" 0 0 392.656925250003
"151" 0 0 367.257570500001
"152" 0 0 293.151316
"153" 0 0 651.806632000001
"154" 0 0 447.285193249998
"155" 0 0 667.365332500002
"156" 0 0 194.659556000001
"157" 0 0 406.575362499999
"158" 0 0 426.443222500001
"159" 0 0 405.964828999997
"160" 0 0 278.527837250001
"161" 0 0 258.01377125
"162" 0 0 349.96350825
"163" 0 0 330.339945999999
"164" 0 0 548.533416499999
"165" 0 0 162.618186250001
"166" 0 0 326.03529025
"167" 0 0 333.480992499999
"168" 0 0 342.846389
"169" 0 0 257.522906250001
"170" 0 0 684.848177000003
"171" 0 0 360.786752500001
"172" 0 0 292.843261250001
"173" 0 0 269.916409999999
"174" 0 0 464.008386500001
"175" 0 0 671.338754000002
"176" 0 0 547.285226499999
"177" 0 0 333.261894250001
"178" 0 0 409.050865249998
"179" 0 0 391.896976500002
"180" 0 0 315.499742499999
"181" 0 0 199.733425000002
"182" 0 0 443.523156249999
"183" 0 0 251.884257249998
"184" 0 0 350.799172
"185" 0 0 624.4847605
"186" 0 0 469.48453625
"187" 0 0 417.808594249999
"188" 0 0 174.659370500002
"189" 0 0 199.087172499999
"190" 0 0 391.653670249999
"191" 0 0 346.670041250001
"192" 0 0 325.43137525
"193" 0 0 449.032686250001
"194" 0 0 221.94700625
"195" 0 0 402.340104500001
"196" 0 0 970.585612249999
"197" 0 0 381.761562500001
"198" 0 0 337.11036125
"199" 0 0 340.188582500001
"200" 0 0 336.16811425
"201" 0 0 823.972495249997
"202" 0 0 492.418786249998
"203" 0 0 378.222981249999
"204" 0 0 467.921666500003
"205" 0 0 405.608978
"206" 0 0 314.944170250001
"207" 0 0 256.235925250001
"208" 0 0 278.7671905
"209" 0 0 232.474878499999
"210" 0 0 329.783681249999
"211" 0 0 429.339969
"212" 0 0 315.111285000001
"213" 0 0 641.342756499999
"214" 0 0 448.632293
"215" 0 0 539.215911250001
"216" 0 0 321.326784999998
"217" 0 0 668.676710250005
"218" 0 0 225.391410250002
"219" 0 0 273.124024999999
"220" 0 0 243.78830425
"221" 0 0 561.482122500003
"222" 0 0 173.5703325
"223" 0 0 695.325720500003
"224" 0 0 288.128086250003
"225" 0 0 598.139946500003
"226" 0 0 316.889475250001
"227" 0 0 387.052544
"228" 0 0 276.997965250002
"229" 0 0 387.88685
"230" 0 0 353.714040250001
"231" 0 0 278.715208250001
"232" 0 0 612.544869250001
"233" 0 0 391.90308125
"234" 0 0 411.00592525
"235" 0 0 262.204119250002
"236" 0 0 293.642140250001
"237" 0 0 415.64565125
"238" 0 0 297.39312125
"239" 0 0 245.846250000001
"240" 0 0 220.523752999998
"241" 0 0 401.949894249999
"242" 0 0 370.165465249999
"243" 0 0 385.093998500001
"244" 0 0 206.510917000001
"245" 0 0 481.1026805
"246" 0 0 457.747158499999
"247" 0 0 447.358999250002
"248" 0 0 390.099337000004
"249" 0 0 388.19123125
"250" 0 0 320.44500225
"251" 0 0 198.202774249999
"252" 0 0 453.054529902501
"253" 0 0 233.614740499999
"254" 0 0 177.984720000001
"255" 0 0 457.983432249994
"256" 0 0 331.8947165
"257" 0 0 262.96479325
"258" 0 0 592.404003250002
"259" 0 0 429.55680625
"260" 0 0 307.056528999999
"261" 0 0 225.2554625
"262" 0 0 351.372688249998
"263" 0 0 219.103022500001
"264" 0 0 557.25269
"265" 0 0 240.13053
"266" 0 0 617.839368250003
"267" 0 0 252.791454500001
"268" 0 0 343.095579249999
"269" 0 0 244.955466500001
"270" 0 0 341.8697525
"271" 0 0 233.709414250001
"272" 0 0 443.78647025
"273" 0 0 188.37284225
"274" 0 0 661.470804000004
"275" 0 0 350.473692500002
"276" 0 0 517.528644999995
"277" 0 0 360.9872485
"278" 0 0 479.888559249999
"279" 0 0 323.356930000005
"280" 0 0 707.48879825
"281" 0 0 107.869540250001
"282" 0 0 349.198976250002
"283" 0 0 337.6840925
"284" 0 0 358.757616499999
"285" 0 0 429.25032625
"286" 0 0 422.286082000001
"287" 0 0 350.295973000001
"288" 0 0 264.8730925
"289" 0 0 652.020301000001
"290" 0 0 370.089486500001
"291" 0 0 295.314685000001
"292" 0 0 231.210255250001
"293" 0 0 445.887955249999
"294" 0 0 274.286419250001
"295" 0 0 270.67824025
"296" 0 0 364.503288500003
"297" 0 0 565.801481249999
"298" 0 0 400.004374249999
"299" 0 0 399.92241925
"300" 0 0 229.625155999999
"301" 0 0 391.719994249998
"302" 0 0 246.367764249999
"303" 0 0 450.530145249999
"304" 0 0 343.708422499999
"305" 0 0 226.2913105
"306" 0 0 282.5469925
"307" 0 0 298.5521065
"308" 0 0 680.79891725
"309" 0 0 309.79460525
"310" 0 0 251.09551525
"311" 0 0 426.65485825
"312" 0 0 267.056952499999
"313" 0 0 349.47556825
"314" 0 0 369.132817250001
"315" 0 0 370.583314249998
"316" 0 0 209.6470085
"317" 0 0 381.382870499998
"318" 0 0 392.799513249999
"319" 0 0 240.7734225
"320" 0 0 336.913212500001
"321" 0 0 372.3023005
"322" 0 0 284.58202825
"323" 0 0 127.763077
"324" 0 0 347.985205250001
"325" 0 0 476.661637250005
"326" 0 0 406.026111250001
"327" 0 0 245.228608000001
"328" 0 0 300.245724999999
"329" 0 0 257.1183605
"330" 0 0 207.910146250002
"331" 0 0 576.118426
"332" 0 0 334.342979999997
"333" 0 0 283.7324925
"334" 0 0 352.30365125
"335" 0 0 277.09508125
"336" 0 0 289.092332249999
"337" 0 0 406.16265625
"338" 0 0 511.395481250002
"339" 0 0 1132.5097215625
"340" 0 0 253.19310425
"341" 0 0 864.34561826
"342" 0 0 389.40075925
"343" 0 0 416.5875025
"344" 0 0 222.636186250001
"345" 0 0 398.91316225
"346" 0 0 266.618568500001
"347" 0 0 659.206123250004
"348" 0 0 485.384040249998
"349" 0 0 464.500926250003
"350" 0 0 329.211205000001
"351" 0 0 586.541269000002
"352" 0 0 227.286306000001
"353" 0 0 520.034154249998
"354" 0 0 215.212105
"355" 0 0 363.3945125
"356" 0 0 1065.50522
"357" 0 0 361.3088725
"358" 0 0 332.556085249999
"359" 0 0 365.990072500001
"360" 0 0 528.2323425
"361" 0 0 281.817432500001
"362" 0 0 712.989998499999
"363" 0 0 469.429864
"364" 0 0 357.506532499999
"365" 0 0 179.542192250001
"366" 0 0 448.1962997525
"367" 0 0 121.2575450525
"368" 0 0 364.696537999997
"369" 0 0 269.5277545
"370" 0 0 796.116868810001
"371" 0 0 288.998998250002
"372" 0 0 500.148681249997
"373" 0 0 938.470894249998
"374" 0 0 231.528174260001
"375" 0 0 572.003449250001
"376" 0 0 337.42143394
"377" 0 0 250.290214502499
"378" 0 0 290.265964040001
"379" 0 0 185.62633625
"380" 0 0 507.391827999994
"381" 1 232.881884499999 265.649013766548
"382" 1 255.37005425 329.509463427157
"383" 1 265.89892225 283.74258871747
"384" 1 288.1890405 828.3446376019
"385" 1 288.308244999999 458.361901128961
"386" 1 305.186976250002 503.231527578408
"387" 1 312.795330250001 474.2599081865
"388" 1 328.1853825 437.657042722941
"389" 1 329.556583249998 566.79962865091
"390" 1 337.332466250001 477.099197791104
"391" 1 337.72648325 371.86197013651
"392" 1 342.838250499999 638.084902060126
"393" 1 350.16612325 581.684347542936
"394" 1 352.092054250001 369.802964464856
"395" 1 352.90878125 481.77653712835
"396" 1 353.268915250001 376.935757511022
"397" 1 355.4778245 410.700514677695
"398" 1 359.021926249996 596.118450588618
"399" 1 359.432116250001 528.537730684108
"400" 1 359.57618525 452.423306652752
"401" 1 359.996977000002 441.469249002567
"402" 1 363.384742500002 629.282724753995
"403" 1 363.504332500002 570.536564335568
"404" 1 363.7681085 391.794329094164
"405" 1 365.98360625 394.675663851393
"406" 1 366.882760000001 391.555882787696
"407" 1 370.353507250001 473.061251020928
"408" 1 371.361413 578.830767297773
"409" 1 373.5199625 832.211612198597
"410" 1 374.541089 476.38054477278
"411" 1 377.95089125 379.93448622613
"412" 1 380.35491125 557.78308518675
"413" 1 380.942184999999 751.835810444936
"414" 1 383.8862185 667.164495040192
"415" 1 384.93533525 466.548630276455
"416" 1 387.87346 755.132384822376
"417" 1 388.222913 655.007487549527
"418" 1 388.72873 447.37432396402
"419" 1 389.43812225 893.958071213963
"420" 1 389.923508499997 615.203880039664
"421" 1 392.91163669 752.518012495383
"422" 1 393.034994499999 584.049986026919
"423" 1 393.217936249999 409.497754579902
"424" 1 394.527235249999 482.094653451368
"425" 1 394.99492 444.248749581487
"426" 1 395.134852500001 805.135498182193
"427" 1 395.200574500001 494.295043269361
"428" 1 399.700458 750.81447629057
"429" 1 401.55439925 480.044681708652
"430" 1 402.954664250001 469.738318479499
"431" 1 404.824952500005 841.084341574576
"432" 1 407.016049250001 1042.04591361361
"433" 1 407.717671250004 569.931726230335
"434" 1 408.795136999999 904.696517765067
"435" 1 409.250004499996 612.265783489032
"436" 1 409.958336250001 652.163457908104
"437" 1 410.805458500001 430.388680444629
"438" 1 411.95382125 888.271455037984
"439" 1 412.121420500003 984.376686728507
"440" 1 413.5651285 457.923346862817
"441" 1 414.06760125 828.987839859561
"442" 1 415.685125000001 661.670569151747
"443" 1 416.10752125 915.887558114866
"444" 1 418.61200616 424.094401369621
"445" 1 419.874819250002 529.326901394999
"446" 1 421.760528499999 474.067910314771
"447" 1 421.774364500004 589.949914088455
"448" 1 422.660767250001 437.248162834999
"449" 1 427.429586250004 461.125279025021
"450" 1 427.605564499997 446.268923867136
"451" 1 429.6102565 473.394329923895
"452" 1 429.637089999999 475.133431909982
"453" 1 430.433704999999 588.515625050566
"454" 1 435.687882500001 435.876844537386
"455" 1 435.828658 712.267813411889
"456" 1 436.406578250001 709.145872236061
"457" 1 437.741601249998 753.793098325009
"458" 1 437.987145999999 991.219625120306
"459" 1 438.615308499998 831.58600276617
"460" 1 439.90888525 521.351499407105
"461" 1 440.540404999998 551.463759084291
"462" 1 441.644452249999 486.367981820142
"463" 1 442.812154 498.999744734526
"464" 1 442.902038500001 811.470038243513
"465" 1 443.374035250001 558.291193351938
"466" 1 443.941570000001 517.544069870286
"467" 1 445.981953250002 602.421728576966
"468" 1 447.502276000004 851.236480509302
"469" 1 450.11559125 736.380978015043
"470" 1 451.224206500003 1031.39439426749
"471" 1 452.336750499999 595.15798047133
"472" 1 455.401274499997 486.719882650352
"473" 1 456.0854945 456.126682453348
"474" 1 456.722776250001 679.568945958618
"475" 1 457.814531250001 458.780293466194
"476" 1 461.34388125 478.84724805521
"477" 1 461.36718625 617.185679803316
"478" 1 461.643860499999 610.572064742981
"479" 1 461.891634499999 462.98645617401
"480" 1 462.29329 478.260730194845
"481" 1 462.40104125 536.99293809935
"482" 1 462.680828999999 560.581363097269
"483" 1 463.064032250001 512.614401537644
"484" 1 463.200948499998 788.636675793301
"485" 1 464.725535860001 521.674555149462
"486" 1 464.954406249999 830.184136668494
"487" 1 466.252173250002 1049.33416367036
"488" 1 467.563738000002 653.374166049694
"489" 1 469.533174499999 582.132043724491
"490" 1 469.769122250002 494.155107158
"491" 1 470.79776125 831.780377010999
"492" 1 473.17035925 476.790503017641
"493" 1 475.84261825 520.71731426056
"494" 1 476.074766250002 514.849996428477
"495" 1 476.398181249999 555.235863482228
"496" 1 479.6531345 631.111507385708
"497" 1 479.952697 680.983718858205
"498" 1 480.2564125 488.794807196228
"499" 1 480.515782499999 730.181909996618
"500" 1 480.902328250001 713.860456419584
"501" 1 482.594210499999 876.434028700154
"502" 1 483.393537999999 1257.04336591654
"503" 1 484.46440225 706.163622772868
"504" 1 484.657166249999 634.111160449174
"505" 1 484.792974249998 636.015118290515
"506" 1 485.636953 1214.08931793453
"507" 1 489.62481525 988.128668809517
"508" 1 490.155269000001 515.199137982617
"509" 1 492.03808025 530.540409717624
"510" 1 493.492540249997 968.092794894451
"511" 1 494.603875250001 857.859609944495
"512" 1 496.549381250001 555.375749579272
"513" 1 498.146946250002 660.003571326599
"514" 1 501.593737999999 805.207129630225
"515" 1 501.629680250002 526.11290791824
"516" 1 502.44882725 590.514368522947
"517" 1 503.242208499996 650.33916490345
"518" 1 503.531935999998 510.684873524971
"519" 1 504.193011250004 824.06105838269
"520" 1 506.141173 721.23729776594
"521" 1 507.129115249999 547.439245206405
"522" 1 507.483889999998 654.33448714241
"523" 1 508.269385000001 679.626781509983
"524" 1 509.111461000002 590.747787554413
"525" 1 511.11479925 513.928433194365
"526" 1 511.245465249999 1079.71882742872
"527" 1 511.262280000002 762.487358687038
"528" 1 512.606705000001 556.977258946974
"529" 1 515.7038525 609.309770448053
"530" 1 518.015738250002 827.452117102808
"531" 1 518.415879250002 594.038310740839
"532" 1 518.435506249998 558.807601661617
"533" 1 521.801074250001 540.716987026036
"534" 1 522.73823225 529.759466476484
"535" 1 522.898948999999 608.383696964151
"536" 1 523.151976250002 642.21648585674
"537" 1 523.429571249996 589.294448150062
"538" 1 523.482920000001 594.636499980225
"539" 1 524.931430499998 850.498817317231
"540" 1 525.060985000001 539.914522570962
"541" 1 528.239785 557.404124093762
"542" 1 528.25618625 1092.40158660416
"543" 1 528.96606725 573.828482644688
"544" 1 529.56236525 1104.52175650471
"545" 1 529.992762499998 641.040268472646
"546" 1 532.318889 664.733115269053
"547" 1 534.466821249999 680.143188864806
"548" 1 534.612334499999 601.32059457376
"549" 1 535.01126225 627.791776003761
"550" 1 535.711671250003 580.908777793064
"551" 1 536.133190499997 544.329113084333
"552" 1 538.073787249999 539.694527909992
"553" 1 538.686280249998 546.16853949239
"554" 1 538.87842725 584.717473235358
"555" 1 539.324308 539.325870109892
"556" 1 541.088785000001 909.653610754651
"557" 1 543.541309000005 1191.08422245496
"558" 1 543.947652000001 554.65305454536
"559" 1 544.292546500001 1125.06515932304
"560" 1 545.415217249993 1018.98827951493
"561" 1 547.359022250003 660.31859948378
"562" 1 548.87880625 876.725955346832
"563" 1 549.184408250003 697.498934081533
"564" 1 549.829452249999 603.385304191998
"565" 1 550.288860250001 597.214881518691
"566" 1 550.568749249996 1067.09638130965
"567" 1 550.834286500001 569.262880559961
"568" 1 550.9756225 1012.41293442352
"569" 1 554.491039249998 990.429916127581
"570" 1 555.199578250001 850.96079711573
"571" 1 557.046148500002 583.653806531184
"572" 1 557.565962499998 557.790539631489
"573" 1 558.307282249999 598.665634784647
"574" 1 558.898273249996 613.206752976799
"575" 1 558.9613025 641.867207046463
"576" 1 561.247072250005 593.815301481206
"577" 1 562.579740500002 608.628368477845
"578" 1 562.670994499999 574.870218996763
"579" 1 563.522320249997 698.76460814976
"580" 1 563.822596250001 576.322130142005
"581" 1 565.098024249999 568.521127430382
"582" 1 565.395373250001 611.939102963777
"583" 1 566.675646499994 780.779140501368
"584" 1 569.579258000001 577.444305931216
"585" 1 570.006088999997 573.621103456162
"586" 1 570.755355250001 602.741780852508
"587" 1 571.879745 645.31605100572
"588" 1 573.773236 573.798422802162
"589" 1 575.166054500002 824.180963386051
"590" 1 576.312057249999 768.007354792815
"591" 1 578.602966500003 609.027228917012
"592" 1 582.256966249998 656.637787056998
"593" 1 583.858562499998 622.346988063625
"594" 1 584.452512250001 593.760573727181
"595" 1 585.20875725 597.642792511788
"596" 1 586.790316999998 593.736954200174
"597" 1 587.928720249999 706.078524963564
"598" 1 588.645882500001 775.339544887977
"599" 1 589.796232249998 860.707086697941
"600" 1 590.088581000001 738.014043196663
"601" 1 590.4457025 1468.22494889755
"602" 1 591.175335999996 591.197731058654
"603" 1 592.839497 750.84598978757
"604" 1 593.650486249999 624.412764527835
"605" 1 594.937818500004 618.780181593644
"606" 1 595.37576025 595.375763891758
"607" 1 596.550924500001 694.447609565955
"608" 1 596.819443249998 1310.663167386
"609" 1 596.877877 754.028961136447
"610" 1 597.122295249998 1018.62456550293
"611" 1 602.344858249998 695.880346465281
"612" 1 602.632800500004 632.736314711488
"613" 1 602.731891249999 620.317994091052
"614" 1 603.220162500001 1120.03332155938
"615" 1 605.585494052505 650.057651669379
"616" 1 605.627578000001 642.853380543117
"617" 1 607.488525249995 726.786535234617
"618" 1 607.550292499999 1009.903535507
"619" 1 607.983434000001 824.504524147187
"620" 1 608.28335314 626.165890704014
"621" 1 611.380989250002 694.814702747527
"622" 1 611.707748499997 962.261786666145
"623" 1 612.107698 644.303389029603
"624" 1 612.535986499999 613.679623857391
"625" 1 613.310334250003 616.959102131018
"626" 1 614.360280249995 663.050256807831
"627" 1 615.497233250004 651.668572305273
"628" 1 616.617882000003 697.414056386843
"629" 1 616.809442250001 777.592088805491
"630" 1 619.065486499999 644.393272530231
"631" 1 620.364254499999 649.813767699047
"632" 1 624.8854285 834.954184247378
"633" 1 627.00915625 874.708564755172
"634" 1 629.359696249998 675.615496580084
"635" 1 629.6480145 738.743973096884
"636" 1 634.275506249999 656.087205555044
"637" 1 634.370781249999 702.045681803439
"638" 1 636.497569000002 644.363885041584
"639" 1 638.554878250003 672.000603947339
"640" 1 638.940539249999 1217.15438414225
"641" 1 639.640588249999 669.410224529091
"642" 1 640.666861249997 794.198728050111
"643" 1 640.731306500003 732.359565408092
"644" 1 642.866625000001 643.176504112965
"645" 1 643.967252 666.189990107066
"646" 1 644.235398499999 659.497226348054
"647" 1 644.540318499998 1347.56902774535
"648" 1 644.989112500002 646.41418978709
"649" 1 645.534128499998 653.585496504972
"650" 1 645.564930249999 697.138469828203
"651" 1 645.660562499999 654.164606349542
"652" 1 646.21779125 667.680007867797
"653" 1 646.875390499999 724.315924807952
"654" 1 647.831230250001 668.764497855218
"655" 1 651.119692250001 664.848930914257
"656" 1 651.883252500003 717.882851164742
"657" 1 652.836034250003 695.105037902231
"658" 1 654.425312500002 797.303265171265
"659" 1 656.915695249997 792.153403928847
"660" 1 657.425372499994 659.134336650093
"661" 1 658.259806499997 670.949809209213
"662" 1 658.562596250001 842.356512223062
"663" 1 658.861141250004 791.224561283046
"664" 1 659.845281249996 696.401081738596
"665" 1 660.271146249999 771.009730236692
"666" 1 660.374641249998 663.369873535709
"667" 1 660.428499999999 688.2064962781
"668" 1 662.991501249995 702.247519950875
"669" 1 664.381702249997 684.054611475727
"670" 1 664.950536000001 855.810336705761
"671" 1 665.519312000001 1056.25683577113
"672" 1 665.963561 755.733529772907
"673" 1 666.238189249999 796.505348102265
"674" 1 666.484175249998 724.199478820176
"675" 1 668.528348499999 826.457624221304
"676" 1 669.344118500002 669.382118972234
"677" 1 670.044078500002 803.074496236499
"678" 1 674.00545525 691.671749849677
"679" 1 674.983344499997 801.269015952843
"680" 1 677.088471249998 1077.94657192486
"681" 1 677.53541125 748.570459007895
"682" 1 677.705290000002 734.585749333091
"683" 1 677.866956250005 699.649066178468
"684" 1 678.805308250001 717.746159921511
"685" 1 680.277633249995 984.110224273657
"686" 1 683.341317249996 794.696916159854
"687" 1 683.867932250001 1000.83646626843
"688" 1 684.032620999999 774.240691415341
"689" 1 684.434372499999 772.676349926862
"690" 1 686.860505 743.633917448797
"691" 1 687.0997125 691.447919588664
"692" 1 687.632509000003 701.531882553336
"693" 1 687.708178000001 726.357687664071
"694" 1 688.229175249996 895.11626449243
"695" 1 688.284677250003 694.099741594796
"696" 1 688.994781250004 740.625987825631
"697" 1 690.200102499999 693.980222926421
"698" 1 693.191306250003 750.296093887053
"699" 1 695.840268499997 713.461742270772
"700" 1 696.849678249999 885.18172540301
"701" 1 697.724822500004 859.832059934347
"702" 1 698.250791250001 1217.94402213301
"703" 1 698.585498000003 761.13337511935
"704" 1 699.245028499995 1083.84300284493
"705" 1 702.61817 707.193550657657
"706" 1 703.417240250001 795.171701087204
"707" 1 703.786611250001 738.260961644543
"708" 1 704.807606499998 740.002726450223
"709" 1 706.311822249999 801.078674083032
"710" 1 707.193792499998 1065.22698325691
"711" 1 708.981616249998 867.370169114791
"712" 1 710.286212500002 909.248651257728
"713" 1 710.374234250001 867.704191564152
"714" 1 710.456324499997 715.634680441372
"715" 1 711.4654105 713.862619526878
"716" 1 712.883005250007 718.152504506349
"717" 1 714.914407250003 755.760624871023
"718" 1 715.402926500001 842.333400282858
"719" 1 717.50032625 772.989614462528
"720" 1 718.772965250001 726.81465395186
"721" 1 719.857357249996 831.846951616908
"722" 1 721.52318125 1200.4927608767
"723" 1 724.132674499997 874.695410702019
"724" 1 724.866313249994 776.255049650203
"725" 1 729.422361999999 739.614323838275
"726" 1 729.504227249998 1299.28904482348
"727" 1 732.000213249998 889.33843457381
"728" 1 732.187601 736.624940315064
"729" 1 734.036201000003 826.341669929126
"730" 1 735.272463250006 869.946270165944
"731" 1 736.011936249997 753.969521206774
"732" 1 737.631005000003 749.257270159217
"733" 1 738.83824625 1011.26108089667
"734" 1 741.274312999994 794.199817519529
"735" 1 741.316673250003 767.461967305392
"736" 1 742.639496499998 853.190503405999
"737" 1 743.8791125 805.371527227154
"738" 1 743.982931250002 819.677122713431
"739" 1 744.23793625 761.599879584065
"740" 1 746.128490499997 774.87731732067
"741" 1 747.0198905 807.965115064576
"742" 1 749.579282500002 953.210202740328
"743" 1 750.433608000002 756.86024358656
"744" 1 750.491502499998 848.452591593371
"745" 1 752.011866 866.815148351964
"746" 1 752.791621250001 753.839941821922
"747" 1 753.099766250001 767.611160647854
"748" 1 753.835788250001 793.283265794569
"749" 1 754.42375125 792.518057767188
"750" 1 754.521016999994 754.526341239551
"751" 1 757.763330000001 872.154971889874
"752" 1 759.039031250005 786.662995229516
"753" 1 760.655073999996 762.900350178128
"754" 1 762.397870249999 930.892594873762
"755" 1 769.210666249996 811.591101507411
"756" 1 770.20748725 781.094792031481
"757" 1 776.575171249999 981.08702104113
"758" 1 776.887225250001 825.485488223792
"759" 1 777.69157525 1505.38167098136
"760" 1 777.962524999999 1023.44413930512
"761" 1 778.719628250004 808.286832667912
"762" 1 779.0938 1276.79801119369
"763" 1 779.629779999995 804.534174428551
"764" 1 780.385295249998 840.671692311958
"765" 1 780.393190249998 890.341270004602
"766" 1 782.570756250002 833.003546856319
"767" 1 783.455112500003 786.825046575143
"768" 1 784.639209249999 796.165060058896
"769" 1 785.498270499996 786.695896598246
"770" 1 785.941932249998 857.501775518834
"771" 1 786.540649999998 800.786674835195
"772" 1 788.170326499999 805.098603449819
"773" 1 789.860017999998 821.31550781085
"774" 1 790.774911249999 1126.62069797845
"775" 1 790.943976249999 849.35046871565
"776" 1 791.667411249999 795.557827810139
"777" 1 796.985136250003 843.942623922657
"778" 1 797.459173250005 821.133744248103
"779" 1 799.548900250002 1156.0493409824
"780" 1 800.722050499997 801.164340002947
"781" 1 801.814905250005 829.781153442647
"782" 1 802.072921250003 817.281340740144
"783" 1 803.131400000002 1515.9429145503
"784" 1 804.260676249997 886.720972723288
"785" 1 804.261531250002 821.862966229372
"786" 1 806.399044250002 987.922988511108
"787" 1 807.340812500004 879.689379587015
"788" 1 809.314602500002 1430.5414981304
"789" 1 809.52445125 1012.73356203398
"790" 1 810.853526249997 811.624103148265
"791" 1 811.7331885 874.752540636487
"792" 1 813.427876000001 847.065201472514
"793" 1 816.661902249998 855.167170194206
"794" 1 817.725351250002 832.403690095808
"795" 1 819.522229 940.67199656714
"796" 1 827.413230499998 1138.59265604124
"797" 1 827.925102500003 1370.78361499073
"798" 1 829.237117000003 833.164981770687
"799" 1 830.769239250001 1020.15987311454
"800" 1 833.091840499996 873.831428677499
"801" 1 834.52826025 932.804266475688
"802" 1 835.677127249999 876.84607596954
"803" 1 839.846881250002 880.519954161354
"804" 1 847.294496000002 848.699605034597
"805" 1 848.834520500002 849.829262745197
"806" 1 849.859914499998 1129.18322054876
"807" 1 851.94486425 1223.789277381
"808" 1 855.692338249998 1715.79434399534
"809" 1 856.863449999999 1243.23889910452
"810" 1 857.395632250001 874.286961810231
"811" 1 857.717539999999 858.643449008112
"812" 1 861.5667125 911.32475017162
"813" 1 862.5006945 1022.8400670129
"814" 1 865.952957249998 867.489365136374
"815" 1 869.501418250002 874.176167178574
"816" 1 870.721491250001 910.506851249979
"817" 1 881.397048999996 1619.06370178672
"818" 1 881.436271249999 909.583257410137
"819" 1 881.706819999999 888.286016661687
"820" 1 882.10225825 898.73336329678
"821" 1 883.421584249998 1528.08542632247
"822" 1 884.113564999998 962.035455986908
"823" 1 888.912736250005 1281.83310915058
"824" 1 891.368700999999 891.785034048028
"825" 1 892.437108249994 964.477887936137
"826" 1 892.685750499999 912.353402012057
"827" 1 892.723220000005 1454.91742542856
"828" 1 893.351416250002 914.658629661053
"829" 1 897.95417 928.149310455465
"830" 1 899.384871250003 1616.62356898956
"831" 1 899.943752499997 1022.09073916752
"832" 1 902.810838499997 921.462793271945
"833" 1 903.69668525 905.373243510939
"834" 1 904.110740000001 1061.68015240169
"835" 1 904.361871999998 913.255623885642
"836" 1 909.675020249996 1030.84028490537
"837" 1 912.263252499994 916.243547072708
"838" 1 912.494163250004 2140.38807394403
"839" 1 913.564081999997 1375.38108992542
"840" 1 915.445947250002 991.075998054384
"841" 1 916.737730249998 916.856283913954
"842" 1 920.343041999994 927.856286040726
"843" 1 921.042145000004 922.768182287557
"844" 1 922.443906250002 934.261747698764
"845" 1 923.880092500005 929.202710790707
"846" 1 925.206375250004 982.413520629279
"847" 1 941.796367250002 1487.23617879389
"848" 1 947.443836249996 1259.49044475684
"849" 1 948.962485250002 965.81549658474
"850" 1 949.741202500003 1399.14185462744
"851" 1 953.8250605 1678.2853399672
"852" 1 959.950121000007 1073.57506368174
"853" 1 960.900385250002 980.094834909238
"854" 1 968.806346 977.023939716735
"855" 1 972.012770439998 972.33932073767
"856" 1 973.92080825 1205.25047985743
"857" 1 975.018240249999 1124.01113385289
"858" 1 976.664200000001 1065.34488400473
"859" 1 979.148540499999 1015.07823347272
"860" 1 979.361359250001 982.664406517276
"861" 1 986.688036000002 986.762178540527
"862" 1 989.321931250001 1018.60420041912
"863" 1 993.445002499995 999.708284520323
"864" 1 996.030620500001 1189.49627607718
"865" 1 997.326878500003 1020.90897228328
"866" 1 1001.16019925 1017.86279336234
"867" 1 1005.165097 1252.74648164352
"868" 1 1012.01050025 1109.52775073691
"869" 1 1012.50678399999 1038.99478270123
"870" 1 1015.53122725 1312.96439501143
"871" 1 1017.18640125 1068.20308261377
"872" 1 1019.01066625 1024.15468346926
"873" 1 1024.145905 1144.65372673542
"874" 1 1028.4155325 1029.6895598296
"875" 1 1031.0633665 1124.30771822676
"876" 1 1032.25262725 1039.8985266493
"877" 1 1034.19085024999 1122.86858167259
"878" 1 1039.6357945 1141.99498777197
"879" 1 1043.9983025 1673.83710264534
"880" 1 1047.26646125 1051.29385248432
"881" 1 1054.82930625 1169.98703459276
"882" 1 1062.90359725001 1088.38714771627
"883" 1 1063.96173325 1200.54303423831
"884" 1 1063.96820125 1152.30795348979
"885" 1 1072.6098605 1093.31620820468
"886" 1 1084.44294125 1085.20749281435
"887" 1 1091.28508025 1214.61931761877
"888" 1 1094.549913 1190.00402129499
"889" 1 1097.38275125 1183.68371508046
"890" 1 1100.64258125 1281.77959263715
"891" 1 1109.21687125 1943.38435345647
"892" 1 1111.74543625 1722.8521586889
"893" 1 1117.12895506 1139.55404563781
"894" 1 1120.253089 1938.47269843953
"895" 1 1124.40221725 1295.92844502975
"896" 1 1128.49380125 1325.9507800604
"897" 1 1136.19794 1136.19966352136
"898" 1 1137.9438325 1140.87960353755
"899" 1 1140.5460545 1206.97338248698
"900" 1 1149.1310925 1187.67107016886
"901" 1 1155.3532945 1234.99521397095
"902" 1 1166.46475625 1317.967828041
"903" 1 1167.8477225 1178.13051673756
"904" 1 1176.32260525 1201.20215855896
"905" 1 1181.5589825 1189.72654625247
"906" 1 1185.336025 1185.48055922475
"907" 1 1187.8017625 1241.14091118413
"908" 1 1190.5288785 1438.88567008496
"909" 1 1206.27439024999 1213.11853127612
"910" 1 1206.87010025 1262.583991229
"911" 1 1220.0848025 1229.7455939324
"912" 1 1223.72512825 1712.41761286091
"913" 1 1237.971001 1282.03968271822
"914" 1 1241.93665825 1243.01711329222
"915" 1 1245.350026 1246.10118977031
"916" 1 1255.66683125 1434.08100530495
"917" 1 1260.38017225 1401.94210275612
"918" 1 1260.5072103125 1510.5601745616
"919" 1 1264.06953999999 1388.10321082155
"920" 1 1267.73541725 1345.44659977342
"921" 1 1271.942856 1272.97930016155
"922" 1 1272.96939325 1301.15340809632
"923" 1 1281.44278125 1326.41414667146
"924" 1 1290.3709625 2058.53293032595
"925" 1 1290.42120125 1368.84114853781
"926" 1 1306.37862125 1334.47128846106
"927" 1 1307.3438605 1818.90117386757
"928" 1 1313.779829 1514.23674797957
"929" 1 1334.176324 1360.03183208783
"930" 1 1344.27425425 1370.25605282862
"931" 1 1349.88462625 1357.00145604141
"932" 1 1359.81834125001 1360.49274931982
"933" 1 1361.3546125 1662.11169398267
"934" 1 1373.98851125 1377.8173595752
"935" 1 1375.03575625 1738.74821830885
"936" 1 1381.52118324999 1395.29703215012
"937" 1 1410.68826225 1421.22463010223
"938" 1 1416.37565925 1471.58209021849
"939" 1 1433.52009125 1977.73911203254
"940" 1 1442.9183650625 1486.98089171857
"941" 1 1447.60096 1491.39437067639
"942" 1 1455.048433 1587.35799053679
"943" 1 1459.61317125 1462.50604198256
"944" 1 1461.55926725 1797.62891557829
"945" 1 1472.1176065 1484.07433014513
"946" 1 1502.25531625 1630.14408736614
"947" 1 1523.6571850625 1524.05969433512
"948" 1 1539.0283325 1539.22308321428
"949" 1 1539.062522 1665.80262053542
"950" 1 1541.34887525 1547.85092978768
"951" 1 1553.3750965 1580.50163286754
"952" 1 1572.845105 1662.11218377776
"953" 1 1576.4682685 1675.9537445653
"954" 1 1578.8750845 1586.75235371951
"955" 1 1601.75329625 1620.86836331599
"956" 1 1609.20608125 1632.62074017145
"957" 1 1635.77152909 1707.66014071658
"958" 1 1640.58148 1920.02680581634
"959" 1 1694.17693625 1706.75667991857
"960" 1 1766.2695305 1769.58682716925
"961" 1 1915.83209525 1937.33958213582
"962" 1 2014.87834 2023.25539102438
