"dimension" "Birth" "Death"
"1" 0 0 Inf
"2" 0 0 392.34734125
"3" 0 0 382.276686249999
"4" 0 0 311.89338125
"5" 0 0 357.953762000001
"6" 0 0 408.011522499997
"7" 0 0 282.168067999997
"8" 0 0 303.619664499999
"9" 0 0 352.176842250001
"10" 0 0 316.24865
"11" 0 0 417.53916425
"12" 0 0 302.79602825
"13" 0 0 261.422721250001
"14" 0 0 221.058924500001
"15" 0 0 336.38223625
"16" 0 0 284.985326249998
"17" 0 0 343.6454905
"18" 0 0 349.1676225
"19" 0 0 336.680806250003
"20" 0 0 245.34377125
"21" 0 0 291.327463249999
"22" 0 0 269.83639125
"23" 0 0 390.837512
"24" 0 0 301.346616250001
"25" 0 0 350.515834250001
"26" 0 0 143.920399999999
"27" 0 0 332.32203925
"28" 0 0 223.942891250001
"29" 0 0 242.258919249999
"30" 0 0 86.0827062500013
"31" 0 0 197.138082249999
"32" 0 0 242.848473250001
"33" 0 0 258.92280125
"34" 0 0 294.996521249997
"35" 0 0 297.744613000003
"36" 0 0 290.51559125
"37" 0 0 178.167672499999
"38" 0 0 287.828534499999
"39" 0 0 317.325630249999
"40" 0 0 250.924285250002
"41" 0 0 331.064276500001
"42" 0 0 291.237965000003
"43" 0 0 284.467791249999
"44" 0 0 282.196003999999
"45" 0 0 284.965178500002
"46" 0 0 343.714666249999
"47" 0 0 189.01143125
"48" 0 0 284.412717000001
"49" 0 0 291.518656250002
"50" 0 0 403.315278499998
"51" 0 0 389.710166499999
"52" 0 0 307.353853249998
"53" 0 0 288.949929999999
"54" 0 0 288.515251249998
"55" 0 0 280.75668925
"56" 0 0 277.280484999999
"57" 0 0 249.0035425
"58" 0 0 235.022492500002
"59" 0 0 285.139614499998
"60" 0 0 251.53375325
"61" 0 0 351.681348249996
"62" 0 0 164.04083725
"63" 0 0 279.871492499998
"64" 0 0 137.3623925
"65" 0 0 216.72284125
"66" 0 0 166.103662500002
"67" 0 0 332.951373
"68" 0 0 266.394084999998
"69" 0 0 189.514200499999
"70" 0 0 188.20432
"71" 0 0 358.610698
"72" 0 0 312.499672250001
"73" 0 0 364.716075249998
"74" 0 0 240.345728499999
"75" 0 0 313.0899005
"76" 0 0 279.513242499999
"77" 0 0 281.77033625
"78" 0 0 243.536218249999
"79" 0 0 198.377072500001
"80" 0 0 262.367349250001
"81" 0 0 215.64293225
"82" 0 0 321.238582249999
"83" 0 0 285.376496499999
"84" 0 0 127.26441125
"85" 0 0 286.756749000001
"86" 0 0 222.129938000001
"87" 0 0 233.10352325
"88" 0 0 254.578456250001
"89" 0 0 143.247445249999
"90" 0 0 177.362698
"91" 0 0 320.439522500002
"92" 0 0 193.588291999999
"93" 0 0 241.65746125
"94" 0 0 160.09047925
"95" 0 0 258.004713249999
"96" 0 0 269.8442825
"97" 0 0 165.751208499999
"98" 0 0 203.315204249998
"99" 0 0 258.359648500001
"100" 0 0 263.081322249998
"101" 0 0 179.5483105
"102" 0 0 192.13904725
"103" 0 0 251.9277125
"104" 0 0 200.94966125
"105" 0 0 268.846048249997
"106" 0 0 203.740888999999
"107" 0 0 456.921799999998
"108" 0 0 355.140796249999
"109" 0 0 308.409601250001
"110" 0 0 270.020592500001
"111" 0 0 250.022612500001
"112" 0 0 128.27663525
"113" 0 0 238.08450125
"114" 0 0 209.776522
"115" 0 0 297.395118499998
"116" 0 0 302.204502500001
"117" 0 0 202.978397
"118" 0 0 285.260152500002
"119" 0 0 309.931345250002
"120" 0 0 348.983433999999
"121" 0 0 340.854925
"122" 0 0 142.9072445
"123" 0 0 192.987842500002
"124" 0 0 407.882278249999
"125" 0 0 318.478880000001
"126" 0 0 326.123734500002
"127" 0 0 253.855674250001
"128" 0 0 214.90339625
"129" 0 0 160.522969000002
"130" 0 0 266.843466500001
"131" 0 0 229.922118499996
"132" 0 0 285.013897250001
"133" 0 0 206.038803999999
"134" 0 0 309.804525
"135" 0 0 290.395884500003
"136" 0 0 243.163512499999
"137" 0 0 254.0793725
"138" 0 0 198.334357250002
"139" 0 0 195.40132525
"140" 0 0 309.517085000001
"141" 0 0 242.8883705
"142" 0 0 257.6603125
"143" 0 0 338.898884000001
"144" 0 0 211.851364250001
"145" 0 0 231.545598250001
"146" 0 0 266.477065000001
"147" 0 0 294.765122
"148" 0 0 296.35439425
"149" 0 0 279.990485
"150" 0 0 193.215891249999
"151" 0 0 405.276921250003
"152" 0 0 355.510985000001
"153" 0 0 284.278674249999
"154" 0 0 271.95819925
"155" 0 0 200.4556385
"156" 0 0 296.549425249999
"157" 0 0 314.20413625
"158" 0 0 267.405502500001
"159" 0 0 309.736759249999
"160" 0 0 168.861988
"161" 0 0 274.317988249997
"162" 0 0 231.586525250001
"163" 0 0 280.394895999996
"164" 0 0 213.880167250001
"165" 0 0 101.1717265
"166" 0 0 244.378932499996
"167" 0 0 188.094976
"168" 0 0 402.164882499998
"169" 0 0 350.497162000001
"170" 0 0 211.72040525
"171" 0 0 227.010631250001
"172" 0 0 331.641156499999
"173" 0 0 252.337686499999
"174" 0 0 191.827032500001
"175" 0 0 284.837005000001
"176" 0 0 182.02091225
"177" 0 0 264.815634250002
"178" 0 0 284.412472999999
"179" 0 0 335.16853625
"180" 0 0 247.422804500001
"181" 0 0 343.339467249998
"182" 0 0 312.306099249999
"183" 0 0 233.516012499999
"184" 0 0 235.923243250001
"185" 0 0 355.876576250002
"186" 0 0 330.692251250001
"187" 0 0 365.755191249998
"188" 0 0 364.850821
"189" 0 0 300.660871999999
"190" 0 0 71.7158410000004
"191" 0 0 294.50327125
"192" 0 0 294.4302005
"193" 0 0 234.218220999999
"194" 0 0 186.11897525
"195" 0 0 293.684162500002
"196" 0 0 382.3710125
"197" 0 0 296.966860999999
"198" 0 0 202.590976249999
"199" 0 0 219.22288525
"200" 0 0 220.12109725
"201" 0 0 290.269024999999
"202" 0 0 270.713716250002
"203" 0 0 224.57373325
"204" 0 0 303.604405000001
"205" 0 0 187.48126625
"206" 0 0 212.426372500001
"207" 0 0 309.4947685
"208" 0 0 225.633520250001
"209" 0 0 323.722477000002
"210" 0 0 242.934581250001
"211" 0 0 268.183925
"212" 0 0 211.317485000001
"213" 0 0 194.557061000002
"214" 0 0 211.10331125
"215" 0 0 312.535623249999
"216" 0 0 269.87324525
"217" 0 0 253.019825
"218" 0 0 209.375461
"219" 0 0 174.55800625
"220" 0 0 313.69968625
"221" 0 0 390.967572500003
"222" 0 0 208.624350500001
"223" 0 0 335.823099249997
"224" 0 0 162.50927425
"225" 0 0 270.949278500002
"226" 0 0 272.758824000002
"227" 0 0 371.508537999998
"228" 0 0 244.208778249999
"229" 0 0 184.34372725
"230" 0 0 288.156034000001
"231" 0 0 333.24898025
"232" 0 0 353.368962500002
"233" 0 0 253.76220125
"234" 0 0 337.670144499998
"235" 0 0 222.4659065
"236" 0 0 210.478940500002
"237" 0 0 242.990142500001
"238" 0 0 302.087770000001
"239" 0 0 179.405859999998
"240" 0 0 295.4350625
"241" 0 0 370.346082499998
"242" 0 0 297.43824125
"243" 0 0 345.362260500004
"244" 0 0 185.4896105
"245" 0 0 180.34012525
"246" 0 0 353.801062250001
"247" 0 0 329.509588999999
"248" 0 0 323.805602249997
"249" 0 0 306.801261
"250" 0 0 267.201416
"251" 0 0 379.95749425
"252" 0 0 193.232018499999
"253" 0 0 337.372784500001
"254" 0 0 225.09397025
"255" 0 0 208.87701925
"256" 0 0 133.769553249999
"257" 0 0 244.6278165
"258" 0 0 205.199686249999
"259" 0 0 250.333401250001
"260" 0 0 373.868356249999
"261" 0 0 300.790756249999
"262" 0 0 155.042626000001
"263" 0 0 217.999716500001
"264" 0 0 291.329545250001
"265" 0 0 430.608831250001
"266" 0 0 215.273016500001
"267" 0 0 248.0343025
"268" 0 0 231.68104425
"269" 0 0 401.999694499997
"270" 0 0 353.094849249999
"271" 0 0 430.273614500001
"272" 0 0 410.530118500001
"273" 0 0 308.90629325
"274" 0 0 199.75455125
"275" 0 0 417.23016325
"276" 0 0 216.384295250001
"277" 0 0 332.379292500002
"278" 0 0 236.296171249998
"279" 0 0 234.4338
"280" 0 0 158.4811625
"281" 0 0 224.776362500001
"282" 0 0 287.027296999996
"283" 0 0 211.566665249998
"284" 0 0 173.17747625
"285" 0 0 306.761789
"286" 0 0 299.5613605
"287" 0 0 329.726848249996
"288" 0 0 293.467731250001
"289" 0 0 198.961849999999
"290" 0 0 400.591100500001
"291" 0 0 269.85397225
"292" 0 0 385.089521000001
"293" 0 0 369.922193
"294" 0 0 242.759436249995
"295" 0 0 248.98007125
"296" 0 0 127.219298000001
"297" 0 0 286.487122000001
"298" 0 0 392.078353250001
"299" 0 0 361.703230249999
"300" 0 0 313.022896249999
"301" 0 0 286.07546125
"302" 0 0 200.36112125
"303" 0 0 268.906709000001
"304" 0 0 181.344702249999
"305" 0 0 151.393806250001
"306" 0 0 269.303920999999
"307" 0 0 432.579212500001
"308" 0 0 238.535706249999
"309" 0 0 293.986176249999
"310" 0 0 296.993136499999
"311" 0 0 561.161437249999
"312" 0 0 275.17512425
"313" 0 0 322.847967249999
"314" 0 0 265.4524085
"315" 0 0 264.891097250001
"316" 0 0 457.644629249997
"317" 0 0 328.560680500002
"318" 0 0 289.769652999999
"319" 0 0 186.497714
"320" 0 0 420.628566250003
"321" 0 0 325.18726325
"322" 0 0 322.629184999996
"323" 0 0 369.493674250001
"324" 0 0 296.140324999999
"325" 0 0 309.994171249999
"326" 0 0 260.490513999997
"327" 0 0 69.2760625000003
"328" 0 0 227.875000250002
"329" 0 0 257.749064
"330" 0 0 288.8386605
"331" 0 0 396.95440625
"332" 0 0 297.015029000001
"333" 0 0 234.67224125
"334" 0 0 269.44217725
"335" 0 0 445.55418625
"336" 0 0 435.938836250001
"337" 0 0 87.7128812500004
"338" 0 0 388.663095250003
"339" 0 0 162.793236500002
"340" 0 0 224.202469249998
"341" 0 0 168.4341425
"342" 0 0 270.10329025
"343" 0 0 389.221438250003
"344" 0 0 381.977402
"345" 0 0 186.533290250001
"346" 0 0 259.7753925
"347" 0 0 458.094198499996
"348" 0 0 202.07837
"349" 0 0 396.911881250001
"350" 0 0 421.782016249999
"351" 0 0 336.348704250002
"352" 0 0 168.502212
"353" 0 0 352.03141125
"354" 0 0 388.055889
"355" 0 0 484.918410500001
"356" 0 0 224.576402500001
"357" 0 0 491.84849925
"358" 0 0 177.03319225
"359" 0 0 382.410812250002
"360" 0 0 306.445754000003
"361" 0 0 296.616312499999
"362" 0 0 337.36616
"363" 0 0 148.36346425
"364" 0 0 177.97290925
"365" 0 0 375.47710925
"366" 0 0 301.388728999999
"367" 0 0 183.87601525
"368" 0 0 230.753402500001
"369" 0 0 220.208742499999
"370" 0 0 405.106774250001
"371" 0 0 276.758418499998
"372" 0 0 334.5376765
"373" 0 0 217.08171325
"374" 0 0 228.168181249999
"375" 0 0 328.5784385
"376" 0 0 211.976991999999
"377" 0 0 166.968636500001
"378" 0 0 259.11062125
"379" 0 0 241.6154625
"380" 0 0 522.787812500003
"381" 1 224.63253 267.099217418025
"382" 1 234.240673000002 282.150845147938
"383" 1 241.603807250001 265.114594674621
"384" 1 247.416660999998 292.176705857066
"385" 1 250.854125000001 319.15701413424
"386" 1 268.832578499998 336.842059559293
"387" 1 279.388869250001 395.826246410081
"388" 1 280.492681249999 321.38433462065
"389" 1 281.916963249998 559.925076132547
"390" 1 282.763146250001 400.604115211831
"391" 1 283.24091725 495.105285932781
"392" 1 285.387313249997 358.120767768553
"393" 1 286.437037 295.052384533044
"394" 1 286.767688999998 355.631469463044
"395" 1 288.063844000003 319.63554943626
"396" 1 289.06730525 361.836345787069
"397" 1 297.013403250004 499.147523428927
"398" 1 299.782008500001 332.767359739374
"399" 1 300.815516249999 419.436010205475
"400" 1 302.471341250001 345.864935085223
"401" 1 306.428116250001 380.383102672474
"402" 1 309.179502499999 554.848720590348
"403" 1 309.53166925 344.105436388591
"404" 1 311.573277249999 373.681140864004
"405" 1 312.613968499997 446.696165565365
"406" 1 315.4407085 584.541039365049
"407" 1 316.141036999996 655.6377525102
"408" 1 317.059078249998 617.786466529687
"409" 1 317.312712250001 594.835961614992
"410" 1 318.349399249998 557.382896161178
"411" 1 319.418554000004 411.624668008606
"412" 1 320.435852500001 601.428877238493
"413" 1 321.853066249999 455.534572495093
"414" 1 325.272728499998 485.818107516615
"415" 1 327.473689250001 408.212410741913
"416" 1 328.417791250002 375.003422774541
"417" 1 329.14898125 422.383552779011
"418" 1 330.031360249999 452.075848893424
"419" 1 330.308914 793.83941236353
"420" 1 330.9315525 447.005827813649
"421" 1 332.2302065 754.810318220308
"422" 1 332.93415625 370.980596745553
"423" 1 333.159553250003 623.442760716348
"424" 1 334.212385000001 402.787353712624
"425" 1 334.736277250003 634.06433106916
"426" 1 334.790862499999 508.495002168007
"427" 1 334.939881999999 362.043154231037
"428" 1 335.052650249998 474.061252165756
"429" 1 335.234958499998 564.796524200224
"430" 1 336.3570065 450.977629469772
"431" 1 337.099619250002 486.103272259889
"432" 1 338.053825 914.828345702795
"433" 1 338.19854525 402.607667302095
"434" 1 338.499016000002 629.255007745647
"435" 1 339.8312 580.016907980238
"436" 1 339.879577999999 463.122440573388
"437" 1 340.216521250002 374.44622596382
"438" 1 340.822205 651.239924484818
"439" 1 341.6128805 402.836831108315
"440" 1 341.648428999999 382.791178077195
"441" 1 341.850624999999 393.453007319178
"442" 1 341.891263250001 435.95493617147
"443" 1 342.23802625 545.97416974793
"444" 1 342.62088425 361.040160465228
"445" 1 343.512501250001 451.815053598891
"446" 1 343.596395250001 362.795365575763
"447" 1 343.600951250001 417.039260645466
"448" 1 344.11402325 784.41011255059
"449" 1 345.036462500001 502.797346942515
"450" 1 345.7681625 416.056836811017
"451" 1 347.76577025 511.99891507322
"452" 1 347.852384999998 695.357414079993
"453" 1 348.321385250001 354.738415127017
"454" 1 348.654268999997 396.265028160894
"455" 1 348.897800000001 383.074980690499
"456" 1 350.837920000004 440.839090815369
"457" 1 352.127048500004 410.074596404984
"458" 1 352.515706249999 436.968496285103
"459" 1 352.51688525 522.619940988555
"460" 1 352.702110500003 363.374196424858
"461" 1 352.7755705 649.397493192456
"462" 1 353.985375249997 701.350147546841
"463" 1 354.105076000002 710.076671254263
"464" 1 355.103550250003 372.58868317096
"465" 1 355.62954125 523.22967580304
"466" 1 356.959876250002 683.974474321886
"467" 1 357.391974249999 516.464906397164
"468" 1 358.439056250001 406.840774470285
"469" 1 358.497822250002 461.808450968553
"470" 1 358.79761125 496.479682040519
"471" 1 359.469065000001 600.353156841985
"472" 1 359.9974625 440.660535235267
"473" 1 360.4700705 1005.38756808694
"474" 1 360.85121525 568.418530066754
"475" 1 361.22421925 430.851314690332
"476" 1 361.228042249999 837.271511396035
"477" 1 361.631642500001 593.301672055513
"478" 1 362.28319625 443.499460124289
"479" 1 362.479772500001 421.093311354308
"480" 1 363.000770500001 394.239852710602
"481" 1 363.15704925 531.175474406497
"482" 1 364.34699325 478.207998661635
"483" 1 364.75848225 522.007646615194
"484" 1 365.23886425 520.209616136574
"485" 1 365.256156249999 541.751635715656
"486" 1 366.422190500002 454.352751583178
"487" 1 366.487449249999 751.603979616209
"488" 1 367.159641250002 392.508444659527
"489" 1 367.812479249997 411.299869175321
"490" 1 367.969861250002 391.447768194598
"491" 1 368.364181250003 620.270355510105
"492" 1 369.077025250001 375.935030780704
"493" 1 369.6486565 687.869560262315
"494" 1 370.637200249998 599.029470251281
"495" 1 371.265129250001 723.570430011206
"496" 1 371.687681250003 531.44730528483
"497" 1 371.911864999998 601.091616177878
"498" 1 373.435924999999 418.94031499702
"499" 1 373.913333000001 538.409163743861
"500" 1 374.6548885 504.842672153888
"501" 1 374.716777000001 671.20758500641
"502" 1 375.312300250002 483.549930136146
"503" 1 375.9926125 429.112347240767
"504" 1 376.391315249999 398.464335409628
"505" 1 376.957933250001 530.703541900749
"506" 1 377.07883625 380.934746358257
"507" 1 377.36508125 946.754258614318
"508" 1 377.719245250002 451.364831992051
"509" 1 377.895640999999 410.037371181318
"510" 1 379.490000000001 771.285398234792
"511" 1 379.69037725 528.205578560173
"512" 1 380.209376500001 807.089131801573
"513" 1 380.979222499998 426.805861194586
"514" 1 381.652858250002 456.569407877553
"515" 1 381.750645250001 639.861589793996
"516" 1 381.888307250001 713.125441477656
"517" 1 382.573044250002 479.090177496826
"518" 1 383.69155525 583.602644721984
"519" 1 383.881854249997 772.086904819901
"520" 1 384.072874250001 455.700258434321
"521" 1 384.27217325 408.726773936768
"522" 1 384.345641 887.668521872198
"523" 1 384.696208999999 521.96942705169
"524" 1 386.479917250001 477.540406597433
"525" 1 386.6761145 609.436017771328
"526" 1 386.694487249999 680.91765943408
"527" 1 386.903311249999 407.468191345863
"528" 1 387.28717 432.031868272661
"529" 1 388.514708500002 421.689506879754
"530" 1 388.711005249999 685.852996753745
"531" 1 388.8620345 572.016628117339
"532" 1 389.128346500002 444.333364318278
"533" 1 389.755620999999 714.250946431519
"534" 1 389.9433605 672.516537465648
"535" 1 390.047731250001 560.659033154004
"536" 1 390.957288500001 518.16913759995
"537" 1 393.056888499998 554.029843678788
"538" 1 393.456914 420.535570576183
"539" 1 393.463086250003 510.52228617653
"540" 1 394.031520249999 432.182342438542
"541" 1 394.607853250001 464.244033681663
"542" 1 394.622636499996 403.82239696409
"543" 1 394.683192249997 476.188914254728
"544" 1 394.87417525 458.882467995773
"545" 1 394.981324999999 525.845630162242
"546" 1 395.3389085 459.926491235833
"547" 1 395.355961250001 442.67930954799
"548" 1 395.649567999997 589.698307382213
"549" 1 395.931438500001 421.636130909061
"550" 1 396.072625249998 597.360467079436
"551" 1 396.079261 713.412607815152
"552" 1 396.0974225 463.386040176601
"553" 1 396.72641125 403.423828057217
"554" 1 396.741831250002 510.785829741621
"555" 1 396.865766249999 806.504191015647
"556" 1 397.286410250002 440.508118817298
"557" 1 397.294926249998 690.866554476728
"558" 1 397.3828325 459.974235419904
"559" 1 397.5845225 728.726918596613
"560" 1 397.652377249998 596.027265591486
"561" 1 397.943708499999 448.036362613487
"562" 1 398.365958500001 423.846089505593
"563" 1 398.723302250002 432.184096942797
"564" 1 399.118686249997 496.103345997056
"565" 1 399.549882500002 431.854423381552
"566" 1 399.663734500002 560.034058272791
"567" 1 400.164622250002 614.950003281538
"568" 1 402.570681250001 465.321127638166
"569" 1 402.646366249997 622.930431986639
"570" 1 404.271474499997 424.932763944025
"571" 1 405.8166645 668.055700212776
"572" 1 406.123963250003 407.548995252874
"573" 1 406.387901000003 495.784212976439
"574" 1 407.3007805 457.11132144138
"575" 1 407.535202 632.80290388608
"576" 1 407.703873249998 451.595625654583
"577" 1 408.600805000001 427.268670405649
"578" 1 408.800566249999 560.278475960975
"579" 1 411.592857249999 420.990835825457
"580" 1 412.041146500001 492.472422898938
"581" 1 413.506594249998 535.316521337039
"582" 1 413.746178500001 437.423251730342
"583" 1 414.419554000002 582.482552057653
"584" 1 415.076977999996 446.523226584644
"585" 1 415.329490000002 488.128208745688
"586" 1 416.0648225 552.850720187887
"587" 1 416.087748249999 665.0815123717
"588" 1 416.330220499997 768.05782976956
"589" 1 417.205732250002 504.059213599164
"590" 1 417.353412500001 663.761847641516
"591" 1 418.21100325 656.854488911172
"592" 1 418.313469250001 490.216441554556
"593" 1 418.443169999998 539.563009624622
"594" 1 419.2266325 624.432306222984
"595" 1 419.543331249996 540.574373124523
"596" 1 420.06463225 495.628087943512
"597" 1 420.068076999997 506.865090400944
"598" 1 420.671849 488.852844605712
"599" 1 420.948336499999 510.535645343817
"600" 1 421.214033000002 610.718522680949
"601" 1 421.787824249999 717.069523478551
"602" 1 422.528272999998 590.65603832933
"603" 1 422.790325 642.530815721562
"604" 1 422.862552999999 475.071381350836
"605" 1 423.211184499998 490.909181345604
"606" 1 423.676966250002 458.814544214406
"607" 1 425.267890000002 467.917153265097
"608" 1 426.2582465 765.200464042772
"609" 1 427.901786000001 511.16198917292
"610" 1 428.773954250002 474.207844262079
"611" 1 428.781802000001 964.269915746161
"612" 1 429.958564249998 505.892532453897
"613" 1 430.173060999998 584.273417546375
"614" 1 431.186785999999 701.12989426162
"615" 1 431.237774250002 611.469787632052
"616" 1 431.729516249998 1001.7667101787
"617" 1 431.78370425 445.36811379471
"618" 1 432.453918500002 433.883475649204
"619" 1 432.543666250001 470.273882103818
"620" 1 433.317121249998 451.074446551928
"621" 1 433.504415250001 433.632074825166
"622" 1 433.960212250001 684.54670944892
"623" 1 434.521881249999 684.211965778519
"624" 1 434.694537 506.693863457716
"625" 1 434.713376500002 441.375218411344
"626" 1 435.435031250001 468.777641876601
"627" 1 435.568688999997 447.831394671723
"628" 1 437.045127249999 481.26481377083
"629" 1 437.52531925 669.992860262025
"630" 1 437.802661250001 471.775226222494
"631" 1 439.8269525 901.325321194038
"632" 1 439.869936499998 488.13579885302
"633" 1 440.500063250003 526.097958199689
"634" 1 440.515196999998 519.456447734495
"635" 1 441.2872945 863.433716345904
"636" 1 442.23341825 912.047852647232
"637" 1 442.721764249998 790.055617357232
"638" 1 444.97393 506.66782741418
"639" 1 445.920641 647.647427460579
"640" 1 446.352132499999 542.557630483278
"641" 1 446.413401249999 472.340886334622
"642" 1 446.476425250003 506.199802038271
"643" 1 447.030808250001 449.597921627197
"644" 1 447.23117825 473.565244749132
"645" 1 447.3479585 559.727309462903
"646" 1 447.36220225 683.965992536222
"647" 1 447.946417249999 766.37914287991
"648" 1 448.543219999999 519.79175987217
"649" 1 448.773942500002 460.496246451276
"650" 1 449.307146 512.897295995419
"651" 1 449.445035250001 523.964537637762
"652" 1 449.876472500001 532.090862997077
"653" 1 450.497986249999 519.935149145082
"654" 1 451.059715250001 784.127507619993
"655" 1 451.174540999999 531.717234874985
"656" 1 451.922050000002 466.059208152253
"657" 1 452.372149 522.301740354542
"658" 1 452.851742499998 471.142029506605
"659" 1 452.857801249998 517.82848613224
"660" 1 452.91294625 523.89205054434
"661" 1 453.912136249999 562.416027868129
"662" 1 454.796053000001 591.707705644236
"663" 1 454.816081250001 520.557228627215
"664" 1 456.099856249998 500.675446146912
"665" 1 456.243844250001 456.266624860964
"666" 1 456.80534125 546.84368772114
"667" 1 456.975217250001 778.860017932596
"668" 1 458.584957 805.651830207216
"669" 1 458.881297999999 496.727528599117
"670" 1 459.44008625 506.051815418502
"671" 1 460.106024500001 786.577659241134
"672" 1 460.60470125 584.556591361546
"673" 1 461.490705000002 549.615801699878
"674" 1 462.1482725 464.918822299124
"675" 1 464.011291249996 884.731099281668
"676" 1 464.125913000001 474.853514317756
"677" 1 465.008193250002 539.996222833352
"678" 1 465.0130625 729.158066236623
"679" 1 465.806124999999 468.162643695137
"680" 1 466.088356 577.575436781573
"681" 1 467.260417999999 478.288106066048
"682" 1 467.613832499999 544.341719292112
"683" 1 468.237753000002 714.794029341221
"684" 1 468.966033000002 478.686845624427
"685" 1 469.279397250001 760.028609771504
"686" 1 469.32961725 472.947506046165
"687" 1 469.513708250002 544.187605114017
"688" 1 469.569085000002 492.786718377503
"689" 1 469.919998250002 595.796672995798
"690" 1 470.017246249999 740.440561880064
"691" 1 470.747879999997 597.294325129542
"692" 1 471.6052025 716.454036042045
"693" 1 471.61517 529.007255502221
"694" 1 471.642557000001 502.000446924485
"695" 1 471.877486249999 565.379399608568
"696" 1 472.486986250001 495.088887956691
"697" 1 472.777768 687.204124167418
"698" 1 472.822409249999 539.54447616807
"699" 1 473.581325000001 485.572713871607
"700" 1 473.893136999998 483.784208771506
"701" 1 473.944806250001 494.805796395912
"702" 1 474.598421000002 475.195738665803
"703" 1 475.245120999998 514.758184893741
"704" 1 475.344092500002 507.446395444503
"705" 1 475.534552999999 493.123774969384
"706" 1 476.110362500001 548.929010518927
"707" 1 477.36179825 615.47876388737
"708" 1 477.606147249998 491.224711543772
"709" 1 478.149489000001 604.139736996899
"710" 1 479.0345425 578.69657039073
"711" 1 479.51986 522.27488292699
"712" 1 479.63969 486.231230503377
"713" 1 480.845345 810.656513312503
"714" 1 481.977050000003 547.272248970421
"715" 1 482.033648499999 678.050803614899
"716" 1 482.697609250003 526.883071230124
"717" 1 482.952649249998 556.077222277369
"718" 1 484.142608000002 494.42409866515
"719" 1 484.416839250003 756.211103289545
"720" 1 485.391922000001 485.407947655925
"721" 1 485.924971249999 485.9253714527
"722" 1 486.0215785 562.777823588212
"723" 1 486.8707225 805.715271729675
"724" 1 489.056764250001 911.110797410162
"725" 1 489.400212249999 492.921387485212
"726" 1 490.000904500001 554.48669286461
"727" 1 490.203984499999 539.657911345299
"728" 1 490.446740499999 517.638120971961
"729" 1 490.8483925 686.348028237595
"730" 1 493.471081000003 495.322998028132
"731" 1 493.9110585 777.152357938532
"732" 1 494.278405000001 645.361190317143
"733" 1 495.295746500005 589.624146055195
"734" 1 495.4456885 588.813890675971
"735" 1 496.68621925 602.218338007884
"736" 1 497.207775250002 597.764053511521
"737" 1 497.238435249999 569.549122483353
"738" 1 497.882485249997 530.443963303094
"739" 1 500.084500000005 518.346823301799
"740" 1 500.091636249998 526.99235590625
"741" 1 500.681521250001 521.906195892975
"742" 1 500.758910500004 634.322287175357
"743" 1 500.962525000001 500.992990241228
"744" 1 500.983356250002 530.987961102888
"745" 1 500.989287999998 535.134893654875
"746" 1 501.162181250001 558.204025250719
"747" 1 503.249045000001 599.187839865333
"748" 1 503.611308249996 506.348002782554
"749" 1 504.002154249999 740.904045161824
"750" 1 505.65183125 590.166061579055
"751" 1 506.085388250001 588.005282244497
"752" 1 506.905865 509.160284060129
"753" 1 507.017371249997 589.242018767522
"754" 1 507.125761000001 757.709877149846
"755" 1 507.17072925 550.055498232415
"756" 1 507.986007249998 510.298241756178
"757" 1 508.101579249995 552.392950674123
"758" 1 509.689082499998 537.008467190959
"759" 1 510.287139249996 511.520088866896
"760" 1 511.66096225 512.56801426917
"761" 1 511.746433250004 919.869551128489
"762" 1 512.818422499998 696.950895286385
"763" 1 513.088761249998 599.529038428589
"764" 1 514.134132249999 573.241201041367
"765" 1 515.022998499998 517.205159391036
"766" 1 515.054920250001 536.371975400206
"767" 1 515.154426250001 537.365005019484
"768" 1 515.616433249999 516.062962193289
"769" 1 515.930101249999 665.477659455361
"770" 1 516.829644500002 710.006639962426
"771" 1 517.129941250002 525.283957963673
"772" 1 517.765362499998 653.269700438879
"773" 1 518.450401999998 527.116334866219
"774" 1 519.362556249998 533.482019249407
"775" 1 520.539333249999 647.917692621979
"776" 1 520.830729250002 987.538894695697
"777" 1 522.549631250004 523.854584291976
"778" 1 522.777738249998 528.894046838787
"779" 1 522.872883999999 572.962652978208
"780" 1 523.01683925 698.576076597191
"781" 1 526.379045 537.752856495058
"782" 1 527.692312250003 527.888397905287
"783" 1 527.698792999993 529.392395607656
"784" 1 528.1261625 615.390042064726
"785" 1 528.403966250002 581.781571333275
"786" 1 528.753660500002 653.040240000762
"787" 1 528.924496999999 720.631201031201
"788" 1 530.412588250006 644.068322920799
"789" 1 531.131272250001 636.531404785469
"790" 1 531.414056000003 533.315289463654
"791" 1 531.501604999999 720.23022759241
"792" 1 531.54189325 531.84163940961
"793" 1 533.8274905 886.743395258968
"794" 1 534.313385000002 579.796262107827
"795" 1 534.842832500001 643.367534665357
"796" 1 537.974317000001 599.538800697368
"797" 1 538.237216999996 541.960734727162
"798" 1 538.954747249998 566.206319229004
"799" 1 539.173714250001 573.132694574165
"800" 1 539.606173000002 568.010757912575
"801" 1 540.248257 693.834364659633
"802" 1 540.468348250002 578.363868834047
"803" 1 541.207815999999 598.900158708059
"804" 1 541.502992 552.52635550255
"805" 1 541.512541250004 541.814467402029
"806" 1 541.833128999999 718.942892895414
"807" 1 542.026627249999 626.574023233594
"808" 1 542.215442 580.698183459401
"809" 1 542.854858250001 696.193343289929
"810" 1 544.185219999998 562.861862102632
"811" 1 544.734565 658.861162211477
"812" 1 544.906882250003 589.09090964523
"813" 1 546.394702499999 562.090956111854
"814" 1 549.646952500002 705.317312764803
"815" 1 549.75531725 590.309249345165
"816" 1 549.755407999997 594.266761301733
"817" 1 551.526884 577.289298431824
"818" 1 553.233834499997 565.728723981148
"819" 1 554.759368250003 572.352238772808
"820" 1 555.047545 565.364464711461
"821" 1 555.201506500001 555.436653418622
"822" 1 555.295613000001 592.545804778154
"823" 1 556.495650499996 563.672918448813
"824" 1 556.724515999997 737.35413322793
"825" 1 556.868281250004 557.240635979916
"826" 1 557.037956250004 566.891085000106
"827" 1 557.595528250002 630.625241299091
"828" 1 558.21173425 586.902394886135
"829" 1 558.347050000001 601.485204872525
"830" 1 562.049942500001 612.659711055861
"831" 1 562.599340250001 597.841530596355
"832" 1 564.459203250001 641.705324985551
"833" 1 564.860588500002 967.245419096839
"834" 1 565.162095249995 607.285487362148
"835" 1 565.61962025 796.796807302261
"836" 1 565.736226500001 574.57740035422
"837" 1 566.667313000001 935.881529313301
"838" 1 567.927568 598.760770413923
"839" 1 568.78658125 571.139935615943
"840" 1 569.744642 783.698275211068
"841" 1 570.026258500002 591.017209576921
"842" 1 570.442849249999 606.668122822862
"843" 1 570.478824499998 586.475858060302
"844" 1 573.145040249999 660.335135631495
"845" 1 573.392038500001 581.301104765027
"846" 1 573.58648625 574.130364486375
"847" 1 576.096770250005 582.756931668921
"848" 1 576.629979250001 578.668239447767
"849" 1 577.113991249999 722.424372848918
"850" 1 577.320062499999 658.548255551994
"851" 1 577.757102500005 614.911464213106
"852" 1 578.312599250003 612.093605301947
"853" 1 580.034844250006 595.256989845632
"854" 1 580.086320500002 655.955099457447
"855" 1 581.550358249999 615.79088905757
"856" 1 582.359312249998 595.649385131462
"857" 1 582.68348525 588.371733950162
"858" 1 583.05482825 616.464039896893
"859" 1 583.836500000004 762.795699785104
"860" 1 583.9184765 584.529736849796
"861" 1 584.074381 613.927842165735
"862" 1 585.292641250004 701.202697869264
"863" 1 586.274766250002 598.235294467928
"864" 1 586.685551249999 587.910631336594
"865" 1 586.847395250001 637.205691531921
"866" 1 587.65234525 633.516713354351
"867" 1 588.594534249999 662.641381759289
"868" 1 590.030020999998 622.935731153844
"869" 1 591.59243725 624.279704676709
"870" 1 592.208208499998 592.811512271073
"871" 1 592.498382499999 639.330041528301
"872" 1 593.92723325 687.809004205788
"873" 1 594.246340999999 651.4377370292
"874" 1 595.042292250001 637.674564131093
"875" 1 597.609417249999 614.79679512999
"876" 1 598.58778825 670.390532555862
"877" 1 598.685860249996 605.028975715768
"878" 1 600.168055250002 671.238865126695
"879" 1 601.168816249998 715.540959796232
"880" 1 602.191186250001 610.660325423399
"881" 1 605.465916250002 609.541705777207
"882" 1 606.184099250002 615.7351505047
"883" 1 606.501056249997 620.912891546772
"884" 1 609.873153249999 634.970386784558
"885" 1 610.201554499999 622.16201281442
"886" 1 611.569891999996 616.001121096274
"887" 1 614.253377250001 689.687032255505
"888" 1 614.56189325 627.062867107961
"889" 1 615.077544250002 639.130205894579
"890" 1 615.918492500003 783.810818068935
"891" 1 617.78595925 773.069359449224
"892" 1 620.966392249998 622.478698942413
"893" 1 621.400117 637.178618979479
"894" 1 621.9246085 628.446500549649
"895" 1 622.071522499999 682.739507081914
"896" 1 622.347342500001 651.80366141123
"897" 1 623.408425000001 667.768677401011
"898" 1 623.727348249999 623.750297681715
"899" 1 625.662066250001 626.939056481775
"900" 1 625.893113 628.690401180247
"901" 1 626.455741250001 634.357042590622
"902" 1 627.434502500001 651.689591551661
"903" 1 627.50638925 719.891824836186
"904" 1 633.165344499997 695.740695718758
"905" 1 633.202476250001 704.130516502098
"906" 1 634.080057250002 644.590202143938
"907" 1 634.922264250002 720.244879673654
"908" 1 636.540234499999 639.257854193174
"909" 1 638.67900125 668.042702307269
"910" 1 640.685526500002 667.138699807422
"911" 1 643.80457525 688.594177547213
"912" 1 644.2827625 647.780531780837
"913" 1 644.9929565 647.540554907425
"914" 1 645.684889250002 694.798566216678
"915" 1 647.226096499999 658.725760321274
"916" 1 652.5587245 844.528087846332
"917" 1 653.682206250001 654.388781458296
"918" 1 654.05054525 654.077285959468
"919" 1 655.526989000001 657.571947786162
"920" 1 657.041534500001 662.058545292003
"921" 1 660.15639925 687.581234127809
"922" 1 662.848112499999 676.096415303815
"923" 1 664.474093000002 703.891336982388
"924" 1 668.253888249998 669.62836085644
"925" 1 668.41018925 681.16775013228
"926" 1 670.322825999996 702.873997645142
"927" 1 672.343841250001 672.471166590057
"928" 1 674.843797 675.040733420852
"929" 1 675.313634250003 921.230248687657
"930" 1 676.083769000002 714.001542965943
"931" 1 676.891447249999 709.351202511768
"932" 1 677.17809625 815.91569115262
"933" 1 678.626026000001 728.142669457762
"934" 1 678.75163425 678.78033038989
"935" 1 680.484102500003 708.35951294003
"936" 1 683.239276249995 833.241821474215
"937" 1 683.777783249994 780.796881748225
"938" 1 687.966526250001 690.49294109311
"939" 1 688.416751249997 700.902395207875
"940" 1 693.30721725 716.326737284679
"941" 1 696.134076500001 720.825051809201
"942" 1 696.7307825 716.182494861819
"943" 1 698.644656250001 762.135406268195
"944" 1 699.510781249997 702.507092828435
"945" 1 702.943231249998 742.521609574779
"946" 1 703.03714 703.473409122438
"947" 1 707.47287325 716.428308586896
"948" 1 710.679921250001 756.314500849733
"949" 1 717.086659250002 751.640070471953
"950" 1 720.762369999999 814.636027287424
"951" 1 721.116480500002 759.396766156745
"952" 1 723.971322500001 735.136169866758
"953" 1 726.047185999999 761.130591737658
"954" 1 733.496319249995 764.657416581525
"955" 1 738.053082000001 742.268324808197
"956" 1 739.752671249999 739.975965701462
"957" 1 747.76806025 778.664583037243
"958" 1 749.13992 750.040829641713
"959" 1 754.002652249999 826.65024877519
"960" 1 762.166416250003 765.14779559529
"961" 1 764.323572250003 764.583208236067
"962" 1 765.150985 785.57670540673
"963" 1 765.204714250004 787.108068655679
"964" 1 765.63255925 822.225343405014
"965" 1 767.208516999999 781.465632569458
"966" 1 770.864833999999 772.507290679302
"967" 1 771.651891249999 771.914270629625
"968" 1 778.430042 872.694868247382
"969" 1 780.14074 796.404815196175
"970" 1 792.463435250001 837.869710815042
"971" 1 798.770748499998 822.809738706832
"972" 1 801.792099999999 803.249073063184
"973" 1 807.77053125 808.355633757906
"974" 1 823.72975625 824.506531298937
"975" 1 823.802256249999 854.260334196218
"976" 1 833.889285 842.401807687899
"977" 1 837.822962499999 843.958080725985
"978" 1 849.914534250001 859.952323137076
"979" 1 865.316354499999 880.385763071515
"980" 1 879.494806249999 882.919770323557
"981" 1 880.296454249999 908.212995413414
"982" 1 900.200849000001 932.385116917907
"983" 1 919.66954025 923.544865357796
"984" 1 953.406426249999 965.189461960655
"985" 1 971.8641425 978.141574311428
"986" 1 999.266345999998 999.344399678685
"987" 1 1053.02282425 1053.1097320387
"988" 1 1118.415556 1167.58845076887
