"dimension" "Birth" "Death"
"1" 0 0 Inf
"2" 0 0 371.994812999999
"3" 0 0 242.308777000001
"4" 0 0 402.091735249999
"5" 0 0 429.053199999999
"6" 0 0 217.36469
"7" 0 0 389.581005250002
"8" 0 0 419.742930249997
"9" 0 0 293.790206499998
"10" 0 0 303.491092500001
"11" 0 0 311.504224999999
"12" 0 0 288.921892250001
"13" 0 0 409.497296000002
"14" 0 0 386.233689250001
"15" 0 0 292.231191250003
"16" 0 0 338.934192499998
"17" 0 0 384.827588999997
"18" 0 0 346.901236999999
"19" 0 0 176.91613825
"20" 0 0 334.931914
"21" 0 0 336.5025725
"22" 0 0 312.181762
"23" 0 0 325.860984249999
"24" 0 0 430.04851625
"25" 0 0 373.631247249999
"26" 0 0 236.36077
"27" 0 0 275.753410250001
"28" 0 0 390.184686249999
"29" 0 0 324.068592250001
"30" 0 0 161.30147125
"31" 0 0 297.834164000003
"32" 0 0 291.48418
"33" 0 0 394.948336249999
"34" 0 0 271.468521249999
"35" 0 0 238.0414045
"36" 0 0 202.461626250001
"37" 0 0 423.4012445
"38" 0 0 136.07113225
"39" 0 0 303.525965
"40" 0 0 461.952999999997
"41" 0 0 378.668396250001
"42" 0 0 268.499891250001
"43" 0 0 318.24473125
"44" 0 0 441.01885
"45" 0 0 396.674061249999
"46" 0 0 340.57558825
"47" 0 0 165.300491250001
"48" 0 0 426.362861250003
"49" 0 0 242.633045250001
"50" 0 0 238.923349249999
"51" 0 0 375.389041250002
"52" 0 0 266.233944499998
"53" 0 0 384.157743250002
"54" 0 0 181.080313
"55" 0 0 347.638650499998
"56" 0 0 177.710151249999
"57" 0 0 224.843427999999
"58" 0 0 221.028802250002
"59" 0 0 207.74236825
"60" 0 0 214.375972500003
"61" 0 0 135.6798805
"62" 0 0 412.008997
"63" 0 0 471.190952250004
"64" 0 0 302.392267249998
"65" 0 0 309.579390249999
"66" 0 0 289.709729
"67" 0 0 188.733420249999
"68" 0 0 402.159865999999
"69" 0 0 473.597751250001
"70" 0 0 162.532914249999
"71" 0 0 230.851354
"72" 0 0 216.577626499999
"73" 0 0 395.598516999999
"74" 0 0 408.17265625
"75" 0 0 340.587562250002
"76" 0 0 372.288169249998
"77" 0 0 257.854254500001
"78" 0 0 201.046644499999
"79" 0 0 357.688242500004
"80" 0 0 384.16444625
"81" 0 0 111.437665
"82" 0 0 233.185324999998
"83" 0 0 363.879682
"84" 0 0 459.586419999997
"85" 0 0 364.121610250001
"86" 0 0 386.850790250001
"87" 0 0 321.786729999999
"88" 0 0 345.952804000004
"89" 0 0 290.02352625
"90" 0 0 276.895460250003
"91" 0 0 295.002625
"92" 0 0 395.775550250001
"93" 0 0 257.107857250001
"94" 0 0 433.171018249998
"95" 0 0 206.310456250001
"96" 0 0 269.856794499999
"97" 0 0 441.509051249998
"98" 0 0 518.750532499999
"99" 0 0 264.649505000001
"100" 0 0 231.978351250001
"101" 0 0 294.171790250001
"102" 0 0 155.616426499999
"103" 0 0 229.8428425
"104" 0 0 248.584198250001
"105" 0 0 465.144660499998
"106" 0 0 270.610066250001
"107" 0 0 384.939680499998
"108" 0 0 230.1812185
"109" 0 0 248.901703250001
"110" 0 0 420.231972250002
"111" 0 0 382.046045
"112" 0 0 510.658256000001
"113" 0 0 309.505737250001
"114" 0 0 297.707692500001
"115" 0 0 515.07994625
"116" 0 0 348.627061
"117" 0 0 206.392784
"118" 0 0 190.654661250002
"119" 0 0 200.083226499998
"120" 0 0 145.240244999999
"121" 0 0 233.323049
"122" 0 0 317.123055250001
"123" 0 0 332.892178
"124" 0 0 161.3396725
"125" 0 0 270.890696499998
"126" 0 0 167.87589425
"127" 0 0 234.440921250001
"128" 0 0 443.68327125
"129" 0 0 388.884186499999
"130" 0 0 351.475896500001
"131" 0 0 301.474385
"132" 0 0 343.645420500003
"133" 0 0 341.734056249999
"134" 0 0 375.813678499999
"135" 0 0 268.263090499999
"136" 1 243.788769249997 267.325756817057
"137" 1 285.164196250001 757.729387109463
"138" 1 319.93035625 336.311965177153
"139" 1 334.807324999999 604.830089707669
"140" 1 344.094361249997 348.892206895347
"141" 1 350.122394249998 406.631627662811
"142" 1 355.05818125 541.579696578322
"143" 1 359.14621025 820.34609919732
"144" 1 361.270101250003 758.277138771322
"145" 1 363.441406500001 467.114873719648
"146" 1 365.874447249999 446.540854899397
"147" 1 368.1125825 549.03958990332
"148" 1 373.410541249998 651.685878939243
"149" 1 377.038038499996 380.102651125963
"150" 1 379.676550500002 548.372526503711
"151" 1 386.794306000002 556.933145555717
"152" 1 390.79347625 803.192372142207
"153" 1 394.199095249999 454.38402076001
"154" 1 402.415322500001 637.419559126222
"155" 1 403.91334625 803.778687843342
"156" 1 407.760766249996 1156.35075337383
"157" 1 410.100291249997 429.566199498901
"158" 1 418.016730499998 587.829820445347
"159" 1 418.209017 928.35015460359
"160" 1 419.919300999999 514.254109849244
"161" 1 421.103190250001 618.110071976575
"162" 1 426.081781250001 512.353992842184
"163" 1 427.45876425 1117.25409500692
"164" 1 429.686276499997 968.861188240622
"165" 1 429.79801625 502.952154047447
"166" 1 431.27789225 842.624964345213
"167" 1 432.070270250004 881.666553751416
"168" 1 432.145090249999 881.176237992775
"169" 1 434.594964999999 594.04574399382
"170" 1 435.307599250002 487.986035306717
"171" 1 437.232605 441.201402482006
"172" 1 437.636093 849.106760605316
"173" 1 440.258598250002 464.915870281062
"174" 1 443.520498249999 518.77145888559
"175" 1 447.707186000001 558.470884321109
"176" 1 450.244534500002 519.174106898602
"177" 1 451.456478499999 508.002222268981
"178" 1 451.887592000001 831.64629153647
"179" 1 454.613401999997 895.966159494067
"180" 1 455.467450250001 787.712018811258
"181" 1 457.013353000001 473.581378763812
"182" 1 459.896922250004 592.660029181812
"183" 1 460.140901249999 518.922567604222
"184" 1 460.409776249998 682.129555934135
"185" 1 463.07114325 733.304414844496
"186" 1 463.600152999999 528.181755366811
"187" 1 466.29713 887.925867025893
"188" 1 468.519222249999 777.833741959098
"189" 1 472.969711249998 587.718108471107
"190" 1 474.99287225 576.294110088949
"191" 1 475.56350725 1049.02553570053
"192" 1 476.153608500005 521.244069493707
"193" 1 479.5993625 620.370767288081
"194" 1 482.927566499999 612.259925747424
"195" 1 488.391886249999 610.602268159909
"196" 1 489.837028 684.349068856828
"197" 1 490.83281 535.078813503718
"198" 1 494.3323925 771.537007268344
"199" 1 494.805434499999 522.931235299613
"200" 1 495.286980249999 564.11707735296
"201" 1 499.000514499998 680.597911328776
"202" 1 505.526988999999 511.591717122694
"203" 1 506.142666250001 661.792613984621
"204" 1 512.070925249997 525.064532756441
"205" 1 513.262364499998 544.173639113903
"206" 1 513.445480999998 608.077017283002
"207" 1 514.204494499999 514.442032357577
"208" 1 514.213450000002 786.392809600729
"209" 1 516.672195999999 671.158333411908
"210" 1 517.964861000003 730.733927459714
"211" 1 522.841033999999 525.686034016481
"212" 1 523.005128 524.555302848331
"213" 1 527.65695725 992.346186187666
"214" 1 531.429866500001 534.300117662323
"215" 1 533.214130250004 553.885774193466
"216" 1 535.970582500001 653.753188639664
"217" 1 536.380214499997 795.473119642649
"218" 1 538.887016 557.30460274784
"219" 1 539.256963249999 689.663685642742
"220" 1 542.19644825 592.287645311652
"221" 1 542.740572999998 548.247491238335
"222" 1 544.03705 544.085518098898
"223" 1 545.69553625 627.398525682463
"224" 1 546.331755249999 562.395143095953
"225" 1 546.6109025 557.982178017704
"226" 1 548.842521250003 565.082101357853
"227" 1 548.866104999999 650.700484009171
"228" 1 549.779146250002 574.179029729428
"229" 1 550.543842000001 603.635059302193
"230" 1 551.791829 912.050137717705
"231" 1 551.794806499999 618.629388048514
"232" 1 553.3262165 627.468119573778
"233" 1 554.13859225 729.277087201034
"234" 1 554.970382250001 747.709052230797
"235" 1 558.3975525 718.159906101033
"236" 1 558.653326249998 562.365778359656
"237" 1 563.948545 570.022228232781
"238" 1 570.771097250003 662.331032247918
"239" 1 571.509541000001 612.457428540458
"240" 1 572.591720000001 585.713981399169
"241" 1 572.641006499998 662.583313200291
"242" 1 576.16162325 692.010276477722
"243" 1 577.223821 671.611991135962
"244" 1 587.363556249999 677.064022087469
"245" 1 588.8244825 944.981534405325
"246" 1 590.532385000002 607.904606020905
"247" 1 594.629313999996 1308.43114889208
"248" 1 594.860334500003 634.442478500926
"249" 1 595.531950250002 597.187944350975
"250" 1 595.5503825 723.101831431278
"251" 1 596.693952499998 607.88130948015
"252" 1 599.7205625 655.287263005489
"253" 1 612.345826249998 648.05191089563
"254" 1 615.33200525 625.202999365917
"255" 1 619.891803249997 643.862431768266
"256" 1 621.650541249995 691.823451152189
"257" 1 622.454848999997 800.997428532088
"258" 1 625.004940500001 637.114342833869
"259" 1 629.914244 712.054100793172
"260" 1 632.191869250006 645.255721112146
"261" 1 633.888216250004 641.366787058603
"262" 1 634.625331249994 662.228372441974
"263" 1 637.259432500004 678.962324369122
"264" 1 640.966579249999 711.743297723591
"265" 1 642.701110499998 644.867246579207
"266" 1 660.0552205 691.177639798416
"267" 1 664.077188000002 756.405930077491
"268" 1 665.562458499997 683.357657380999
"269" 1 667.749391250001 690.745864087003
"270" 1 671.259433000001 725.950544452943
"271" 1 676.720797249999 718.630369829375
"272" 1 677.344826 695.907943323145
"273" 1 684.259081999999 762.677920066937
"274" 1 690.250432250002 701.303644387124
"275" 1 694.370305249999 781.312026368978
"276" 1 705.381618499998 708.256945839227
"277" 1 710.853642500002 1556.7771588117
"278" 1 711.420907250004 723.996790365201
"279" 1 714.959362000001 717.570663639329
"280" 1 721.181050000002 1137.8096558063
"281" 1 721.947341249999 789.84620577699
"282" 1 726.798636249999 743.443776823856
"283" 1 727.066970499997 730.352708962865
"284" 1 728.299300499998 849.489754389075
"285" 1 744.560532500003 850.745106108982
"286" 1 748.777837000002 753.845565485012
"287" 1 750.900132999998 823.441471733824
"288" 1 752.374033999999 763.087139631876
"289" 1 756.704570000001 756.914250740345
"290" 1 773.402742250003 866.445073716871
"291" 1 779.173306000006 884.480511178599
"292" 1 779.327446500002 779.679035468181
"293" 1 788.815815250001 789.441194418442
"294" 1 798.805461249997 798.904212663576
"295" 1 800.868363250001 991.387590707718
"296" 1 806.261022499993 911.775157071433
"297" 1 819.777650000001 951.930371641628
"298" 1 820.7321425 823.280298458766
"299" 1 838.316222499999 857.909257038558
"300" 1 842.302776250002 842.306654075564
"301" 1 842.891112500003 849.335481435253
"302" 1 854.433332 863.029473299448
"303" 1 877.763380000005 937.373784113615
"304" 1 885.830721999999 1002.80285159417
"305" 1 897.056425000003 897.060888796625
"306" 1 903.898138249994 911.151839775316
"307" 1 916.846250000002 923.087615334801
"308" 1 940.1811565 940.226481136209
"309" 1 951.651649999999 960.385636053023
"310" 1 963.798722499999 982.937343570741
"311" 1 989.571442250003 1000.94595694279
"312" 1 1033.795728 1123.28446961685
"313" 1 1079.8221505 1080.88766289193
"314" 1 1092.45973324999 1092.99720822534
"315" 1 1127.211242 1127.63970598254
"316" 1 1146.6684325 1151.46788288951
"317" 1 1169.067892 1187.99392042604
"318" 1 1206.64585925 1378.51739177335
"319" 1 1246.72020625 1283.89358604044
"320" 1 1472.82733625001 1478.46995723582
