"dimension" "Birth" "Death"
"1" 0 0 Inf
"2" 0 0 371.994812999999
"3" 0 0 242.308777000001
"4" 0 0 402.091735249999
"5" 0 0 429.053199999999
"6" 0 0 217.36469
"7" 0 0 389.581005250002
"8" 0 0 409.497296000002
"9" 0 0 293.790206499998
"10" 0 0 303.491092500001
"11" 0 0 311.504224999999
"12" 0 0 288.921892250001
"13" 0 0 396.674061249999
"14" 0 0 346.901236999999
"15" 0 0 292.231191250003
"16" 0 0 338.934192499998
"17" 0 0 384.827588999997
"18" 0 0 340.587562250002
"19" 0 0 176.91613825
"20" 0 0 334.931914
"21" 0 0 336.5025725
"22" 0 0 312.181762
"23" 0 0 325.860984249999
"24" 0 0 423.4012445
"25" 0 0 373.631247249999
"26" 0 0 236.36077
"27" 0 0 275.753410250001
"28" 0 0 390.184686249999
"29" 0 0 324.068592250001
"30" 0 0 161.30147125
"31" 0 0 297.834164000003
"32" 0 0 291.48418
"33" 0 0 394.948336249999
"34" 0 0 271.468521249999
"35" 0 0 238.0414045
"36" 0 0 202.461626250001
"37" 0 0 395.598516999999
"38" 0 0 136.07113225
"39" 0 0 269.856794499999
"40" 0 0 461.952999999997
"41" 0 0 378.668396250001
"42" 0 0 268.499891250001
"43" 0 0 318.24473125
"44" 0 0 441.01885
"45" 0 0 384.939680499998
"46" 0 0 340.57558825
"47" 0 0 165.300491250001
"48" 0 0 426.362861250003
"49" 0 0 242.633045250001
"50" 0 0 238.923349249999
"51" 0 0 375.389041250002
"52" 0 0 266.233944499998
"53" 0 0 384.157743250002
"54" 0 0 181.080313
"55" 0 0 347.638650499998
"56" 0 0 177.710151249999
"57" 0 0 224.843427999999
"58" 0 0 221.028802250002
"59" 0 0 207.74236825
"60" 0 0 214.375972500003
"61" 0 0 135.6798805
"62" 0 0 412.008997
"63" 0 0 471.190952250004
"64" 0 0 302.392267249998
"65" 0 0 309.579390249999
"66" 0 0 289.709729
"67" 0 0 188.733420249999
"68" 0 0 402.159865999999
"69" 0 0 473.597751250001
"70" 0 0 162.532914249999
"71" 0 0 230.851354
"72" 0 0 216.577626499999
"73" 0 0 377.071685000002
"74" 0 0 408.17265625
"75" 0 0 248.901703250001
"76" 0 0 372.288169249998
"77" 0 0 257.854254500001
"78" 0 0 201.046644499999
"79" 0 0 357.688242500004
"80" 0 0 384.16444625
"81" 0 0 111.437665
"82" 0 0 233.185324999998
"83" 0 0 363.879682
"84" 0 0 459.586419999997
"85" 0 0 348.627061
"86" 0 0 386.850790250001
"87" 0 0 321.786729999999
"88" 0 0 345.952804000004
"89" 0 0 290.02352625
"90" 0 0 276.895460250003
"91" 0 0 295.002625
"92" 0 0 341.734056249999
"93" 0 0 257.107857250001
"94" 0 0 433.171018249998
"95" 0 0 206.310456250001
"96" 0 0 231.978351250001
"97" 0 0 268.263090499999
"98" 0 0 435.526446500002
"99" 0 0 264.649505000001
"100" 0 0 202.56645125
"101" 0 0 294.171790250001
"102" 0 0 155.616426499999
"103" 0 0 229.8428425
"104" 0 0 248.584198250001
"105" 0 0 465.144660499998
"106" 0 0 270.610066250001
"107" 0 0 366.490364499998
"108" 0 0 230.1812185
"109" 0 0 238.75485625
"110" 0 0 312.53122225
"111" 0 0 382.046045
"112" 0 0 510.658256000001
"113" 0 0 309.505737250001
"114" 0 0 297.707692500001
"115" 0 0 515.07994625
"116" 0 0 321.315509000002
"117" 0 0 206.392784
"118" 0 0 190.654661250002
"119" 0 0 200.083226499998
"120" 0 0 145.240244999999
"121" 0 0 233.323049
"122" 0 0 317.123055250001
"123" 0 0 332.892178
"124" 0 0 161.3396725
"125" 0 0 270.890696499998
"126" 0 0 167.87589425
"127" 0 0 234.440921250001
"128" 0 0 352.985922249999
"129" 0 0 338.468130499998
"130" 0 0 351.475896500001
"131" 0 0 301.474385
"132" 0 0 343.645420500003
"133" 0 0 330.547857250001
"134" 0 0 319.7299885
"135" 0 0 199.247017
"136" 0 0 181.59164825
"137" 0 0 271.039017249999
"138" 0 0 193.649151999999
"139" 0 0 211.438367999999
"140" 0 0 342.947477
"141" 0 0 404.943438249999
"142" 0 0 255.20148625
"143" 0 0 422.440572500001
"144" 0 0 192.782456499997
"145" 0 0 181.6366445
"146" 0 0 561.290640500002
"147" 0 0 358.28428525
"148" 0 0 260.167669000001
"149" 0 0 158.347177
"150" 0 0 268.73202025
"151" 0 0 334.452697250003
"152" 0 0 418.967118249995
"153" 0 0 400.852201250002
"154" 0 0 336.918964
"155" 0 0 317.265488499998
"156" 0 0 142.74818225
"157" 0 0 377.196867249996
"158" 0 0 268.838525
"159" 0 0 142.467082000002
"160" 0 0 405.999901249998
"161" 0 0 198.272906
"162" 0 0 254.049644500001
"163" 0 0 298.81112725
"164" 0 0 288.766746000001
"165" 0 0 318.042676249999
"166" 0 0 179.7663425
"167" 0 0 430.541209249997
"168" 0 0 293.0469625
"169" 0 0 396.140981000002
"170" 0 0 364.648682500002
"171" 0 0 158.906899999999
"172" 0 0 372.397298500002
"173" 0 0 376.88102125
"174" 0 0 380.93813225
"175" 0 0 286.991751249999
"176" 0 0 230.593696999999
"177" 0 0 220.371581
"178" 0 0 303.47216225
"179" 0 0 343.120807250001
"180" 0 0 274.986125
"181" 0 0 413.062531249998
"182" 0 0 290.062406249999
"183" 0 0 144.220712
"184" 0 0 152.148649
"185" 0 0 176.29535725
"186" 0 0 297.212753
"187" 0 0 255.14193625
"188" 0 0 178.064185
"189" 0 0 337.592908250004
"190" 0 0 241.993699999998
"191" 0 0 361.094861249998
"192" 0 0 280.81550925
"193" 0 0 286.513214500001
"194" 0 0 219.559846250001
"195" 0 0 299.73604
"196" 0 0 300.926866499998
"197" 0 0 563.042161000002
"198" 0 0 533.945341250002
"199" 0 0 350.132058249999
"200" 0 0 238.213513
"201" 0 0 217.88601125
"202" 0 0 197.949699999999
"203" 0 0 512.084614499997
"204" 0 0 321.378124249997
"205" 0 0 221.844704500001
"206" 0 0 228.82406625
"207" 0 0 234.592100499999
"208" 0 0 131.475298
"209" 0 0 245.648311250001
"210" 0 0 347.029311250001
"211" 0 0 128.00803825
"212" 0 0 311.355099249999
"213" 0 0 124.981345
"214" 0 0 404.250013249999
"215" 0 0 376.0545025
"216" 0 0 291.00714625
"217" 0 0 336.901006249999
"218" 0 0 276.34131725
"219" 0 0 353.77505325
"220" 0 0 244.035988999999
"221" 0 0 236.740846249999
"222" 0 0 309.353431249999
"223" 0 0 412.523766500001
"224" 0 0 209.534821000001
"225" 0 0 304.632085
"226" 0 0 334.213704500002
"227" 0 0 197.1665525
"228" 0 0 159.44946725
"229" 0 0 438.823996249997
"230" 0 0 336.380123249999
"231" 0 0 256.900007250001
"232" 0 0 224.97582025
"233" 0 0 141.49599425
"234" 0 0 105.083989
"235" 0 0 232.063776249999
"236" 0 0 310.010582499999
"237" 0 0 235.732212500001
"238" 0 0 334.6012645
"239" 0 0 334.08853325
"240" 0 0 505.269769999998
"241" 0 0 208.354514
"242" 0 0 288.229844499999
"243" 0 0 274.021342250002
"244" 0 0 237.593466250001
"245" 0 0 281.477090249999
"246" 0 0 294.457440250002
"247" 0 0 305.76771025
"248" 0 0 251.61419725
"249" 0 0 244.961950250002
"250" 0 0 205.012901250001
"251" 0 0 301.287696249999
"252" 0 0 513.07167425
"253" 0 0 459.501294250002
"254" 0 0 339.103671249997
"255" 0 0 411.959105
"256" 0 0 306.249966249998
"257" 0 0 766.840264999997
"258" 0 0 291.1115205
"259" 0 0 160.439445
"260" 0 0 433.6374545
"261" 0 0 683.478478250001
"262" 0 0 296.6161525
"263" 0 0 427.9118045
"264" 0 0 229.409049999997
"265" 0 0 339.12140825
"266" 0 0 288.184957000002
"267" 0 0 295.43844625
"268" 0 0 289.24158125
"269" 0 0 336.26631725
"270" 0 0 232.807164250001
"271" 0 0 247.440106
"272" 0 0 384.27436625
"273" 0 0 430.398280000003
"274" 0 0 154.25985625
"275" 0 0 762.387925
"276" 0 0 481.432396249999
"277" 0 0 500.108054499999
"278" 0 0 262.64861325
"279" 0 0 299.6201965
"280" 0 0 716.857617999997
"281" 0 0 222.26768425
"282" 0 0 285.388956249999
"283" 0 0 157.648825
"284" 0 0 106.4960465
"285" 0 0 169.663606250001
"286" 0 0 328.724295249999
"287" 0 0 188.46928225
"288" 0 0 446.527340499997
"289" 0 0 614.716706250002
"290" 0 0 195.978522499999
"291" 0 0 153.43593325
"292" 0 0 288.139470249999
"293" 0 0 441.513873249996
"294" 0 0 385.264183249999
"295" 0 0 218.614122249999
"296" 0 0 283.22763625
"297" 0 0 215.123085
"298" 0 0 257.6460625
"299" 0 0 446.588389249997
"300" 0 0 394.737505
"301" 0 0 349.365634249999
"302" 0 0 358.262224999996
"303" 0 0 122.434792
"304" 0 0 261.82923125
"305" 0 0 149.012685000001
"306" 0 0 372.026924999998
"307" 0 0 279.38171125
"308" 0 0 248.680440499999
"309" 0 0 205.61337625
"310" 0 0 416.8837
"311" 0 0 281.39791325
"312" 0 0 184.1807945
"313" 0 0 169.22315125
"314" 0 0 329.701914250001
"315" 0 0 193.353245000001
"316" 0 0 342.785482249998
"317" 0 0 297.6527025
"318" 0 0 369.994100500001
"319" 0 0 497.087248500001
"320" 0 0 436.24786325
"321" 0 0 1314.243045
"322" 0 0 352.1646985
"323" 0 0 144.60204025
"324" 0 0 395.260139250001
"325" 0 0 515.760626
"326" 0 0 319.7546325
"327" 0 0 332.364881250001
"328" 0 0 248.98895125
"329" 0 0 199.364744500001
"330" 0 0 190.837678499999
"331" 0 0 183.45744925
"332" 0 0 183.92946125
"333" 0 0 605.669706250001
"334" 0 0 269.101625
"335" 0 0 429.775504999998
"336" 0 0 295.111564999997
"337" 0 0 237.288684999999
"338" 0 0 692.88996125
"339" 0 0 317.395179250001
"340" 0 0 244.924465250002
"341" 0 0 879.684525249996
"342" 0 0 407.75572825
"343" 0 0 196.84308625
"344" 0 0 235.203852999999
"345" 0 0 300.774048999998
"346" 0 0 524.746518500002
"347" 0 0 734.380313000001
"348" 0 0 190.228380249999
"349" 0 0 186.3783025
"350" 0 0 324.450520999998
"351" 0 0 624.438865000006
"352" 0 0 406.32844325
"353" 0 0 244.043881250001
"354" 0 0 393.179914250001
"355" 0 0 219.253614499999
"356" 0 0 316.251076000001
"357" 0 0 636.208712499995
"358" 0 0 156.543195249999
"359" 0 0 552.34391525
"360" 0 0 201.054013
"361" 0 0 277.97652
"362" 0 0 485.120673250001
"363" 0 0 245.069292249999
"364" 0 0 307.204828250003
"365" 0 0 316.41167125
"366" 0 0 205.430977000002
"367" 0 0 553.0031425
"368" 0 0 241.87504625
"369" 0 0 277.45076925
"370" 0 0 768.617723249997
"371" 1 206.047816 313.548170577451
"372" 1 235.0351105 272.510717582733
"373" 1 243.788769249997 267.325756817057
"374" 1 244.524905999999 411.866503461437
"375" 1 258.108955250002 312.987864347212
"376" 1 259.8240825 314.084174257963
"377" 1 266.536089 289.179953333265
"378" 1 269.307385999999 330.409288233889
"379" 1 277.971699999998 441.621523222372
"380" 1 279.54780625 279.631449764443
"381" 1 283.232225249999 297.76686241769
"382" 1 285.164196250001 757.729387109463
"383" 1 285.473341249999 598.49889844142
"384" 1 291.950809000001 628.581657389961
"385" 1 292.00964125 333.375619694483
"386" 1 296.618894500001 610.140085223691
"387" 1 297.388040500001 340.676547102322
"388" 1 299.927533250001 333.654876584514
"389" 1 300.238514000001 358.946994886866
"390" 1 302.372936999999 387.377345817441
"391" 1 303.525965 725.950544452943
"392" 1 305.144044250001 310.659731289346
"393" 1 311.024206249999 340.160059016915
"394" 1 315.704466250001 317.427381549847
"395" 1 315.765260500001 392.599304644509
"396" 1 316.24764725 375.15164113149
"397" 1 316.2952885 328.153017246703
"398" 1 319.30858125 675.157482612987
"399" 1 319.93035625 336.311965177153
"400" 1 321.10471125 812.327396208623
"401" 1 323.553168249999 564.52514557529
"402" 1 325.86720125 501.455812654707
"403" 1 327.748865 405.452778367482
"404" 1 329.44359725 356.622666463676
"405" 1 334.807324999999 604.830089707669
"406" 1 336.219009250001 361.150220268841
"407" 1 338.353230499999 686.646091379806
"408" 1 341.892317000001 793.263529378168
"409" 1 343.761972499999 499.659898976206
"410" 1 343.962090249999 650.046952923655
"411" 1 344.094361249997 348.892206895347
"412" 1 349.057998249997 736.091111703986
"413" 1 350.122394249998 406.631627662811
"414" 1 350.548113249999 707.641986640108
"415" 1 351.78291125 433.341407236014
"416" 1 352.651653 429.691637045636
"417" 1 353.09484025 500.32301211364
"418" 1 354.009950500001 603.987346230987
"419" 1 355.05818125 541.579696578322
"420" 1 355.962132499999 423.198555593814
"421" 1 356.80137925 586.991181311731
"422" 1 357.608320999998 704.975960514521
"423" 1 359.14621025 820.34609919732
"424" 1 359.81257 393.158922428624
"425" 1 359.89465025 567.470204177096
"426" 1 361.270101250003 758.277138771322
"427" 1 361.588678250001 602.372222200287
"428" 1 362.319447249999 593.737955248348
"429" 1 363.441406500001 467.114873719648
"430" 1 363.943759999999 384.761855803781
"431" 1 364.121610250001 928.35015460359
"432" 1 364.583283249999 432.187164908239
"433" 1 364.8076925 606.901266410661
"434" 1 365.874447249999 446.540854899397
"435" 1 365.931197000001 416.813107338765
"436" 1 368.1125825 549.03958990332
"437" 1 370.00108225 471.406395213888
"438" 1 373.295132999999 411.845852747227
"439" 1 373.410541249998 651.685878939243
"440" 1 374.177712500002 388.49707195737
"441" 1 374.85627625 713.571678720772
"442" 1 375.261830499997 488.237690661618
"443" 1 375.557571249999 528.361249580832
"444" 1 375.813678499999 576.294110088949
"445" 1 376.212125249999 377.141548829192
"446" 1 377.038038499996 380.102651125963
"447" 1 379.676550500002 548.372526503711
"448" 1 379.899831249999 700.831437753966
"449" 1 380.47613 406.451990971156
"450" 1 380.649012499999 386.222392827092
"451" 1 381.211065000001 400.61445701094
"452" 1 382.12751725 618.06523982731
"453" 1 382.148371999998 438.678158590483
"454" 1 382.347252500002 412.636979285945
"455" 1 382.500339999999 609.246600832234
"456" 1 383.065692250001 486.915680056559
"457" 1 385.161201 510.573382065847
"458" 1 386.233689250001 625.288883190014
"459" 1 386.41601125 396.510229363135
"460" 1 386.794306000002 556.933145555717
"461" 1 388.884186499999 872.369753950185
"462" 1 390.79347625 803.192372142207
"463" 1 391.483537249999 400.423613843023
"464" 1 392.306607250001 546.013472271657
"465" 1 393.61406825 420.116209543531
"466" 1 394.199095249999 454.38402076001
"467" 1 394.357960000002 487.096173058059
"468" 1 394.41266225 414.043344594031
"469" 1 394.48777 445.076349132189
"470" 1 395.775550250001 941.877963014593
"471" 1 398.717905000003 679.38203152139
"472" 1 399.684784499999 439.739117095024
"473" 1 400.222177 407.45457925991
"474" 1 400.4935225 448.904447849092
"475" 1 400.729350499998 488.795061212716
"476" 1 400.823018000001 690.944444287721
"477" 1 402.415322500001 637.419559126222
"478" 1 403.851568250001 403.851607302395
"479" 1 403.91334625 803.778687843342
"480" 1 405.438437000001 544.786336421141
"481" 1 405.60128725 746.409841418683
"482" 1 406.849419249999 597.400436174966
"483" 1 407.378896 478.253984306776
"484" 1 407.760766249996 1156.35075337383
"485" 1 408.95566625 458.895879329977
"486" 1 409.282047249999 585.146180670742
"487" 1 409.67091425 445.311340672818
"488" 1 410.100291249997 429.566199498901
"489" 1 410.1073225 678.29247321651
"490" 1 410.39487925 582.786914375491
"491" 1 411.7315085 510.019793436999
"492" 1 413.480034500001 427.923572157018
"493" 1 414.73533625 416.654085094789
"494" 1 416.797391250002 454.865497380187
"495" 1 418.016730499998 587.829820445347
"496" 1 418.209017 887.925867025893
"497" 1 419.427081249999 513.958258033816
"498" 1 419.742930249997 1117.25409500692
"499" 1 419.919300999999 514.254109849244
"500" 1 420.042406499999 502.155976287437
"501" 1 420.0522925 440.82936544497
"502" 1 420.231972250002 723.101831431278
"503" 1 420.318601 595.368807120445
"504" 1 421.103190250001 618.110071976575
"505" 1 421.425982249999 490.532218300046
"506" 1 425.839682499999 458.000681273702
"507" 1 426.081781250001 512.353992842184
"508" 1 427.45876425 787.712018811258
"509" 1 427.969454499998 522.366319540913
"510" 1 427.971748999999 467.737424911958
"511" 1 428.20911625 460.494535196479
"512" 1 428.455802000001 737.866268399789
"513" 1 428.623315249999 565.714631306749
"514" 1 428.671252249999 536.921066962272
"515" 1 429.29188825 499.040337228449
"516" 1 429.603525000003 715.18677590524
"517" 1 429.686276499997 968.861188240622
"518" 1 429.79801625 502.952154047447
"519" 1 430.04851625 881.176237992775
"520" 1 430.268805249999 461.688525974955
"521" 1 430.849584500003 461.122723679897
"522" 1 430.856245000001 508.037920858224
"523" 1 431.27789225 842.624964345213
"524" 1 431.827927250001 671.246830274262
"525" 1 432.005812249999 439.048568215466
"526" 1 432.070270250004 881.666553751416
"527" 1 432.145090249999 680.784064590087
"528" 1 432.26789 432.268720658267
"529" 1 432.807452499999 530.197799368
"530" 1 433.6954205 751.294617943593
"531" 1 434.523456999997 461.400046854967
"532" 1 434.53324525 454.098302690426
"533" 1 434.594964999999 594.04574399382
"534" 1 435.307599250002 487.986035306717
"535" 1 437.07979625 454.172539621901
"536" 1 437.232605 441.201402482006
"537" 1 437.636093 849.106760605316
"538" 1 438.300534499999 469.891366998556
"539" 1 439.904824999999 563.629085105996
"540" 1 440.258598250002 464.915870281062
"541" 1 441.20174625 738.267623318372
"542" 1 441.481536249999 474.672977114612
"543" 1 441.509051249998 650.700484009171
"544" 1 442.663068249999 476.721046928912
"545" 1 443.068877249999 685.981353564408
"546" 1 443.520498249999 518.77145888559
"547" 1 443.68327125 849.489754389075
"548" 1 443.833644999998 477.284503594336
"549" 1 445.374145000001 571.625050426903
"550" 1 445.469692999998 671.370631506051
"551" 1 446.091738500002 501.200001412476
"552" 1 447.707186000001 558.470884321109
"553" 1 450.244534500002 519.174106898602
"554" 1 451.240371250002 1385.01734974973
"555" 1 451.456478499999 508.002222268981
"556" 1 451.887592000001 831.64629153647
"557" 1 452.895750250001 823.235358409839
"558" 1 454.228163999995 485.260693610595
"559" 1 454.613401999997 895.966159494067
"560" 1 455.467450250001 620.370767288081
"561" 1 456.434665000001 918.884405646953
"562" 1 457.013353000001 473.581378763812
"563" 1 457.732794500001 489.103970487151
"564" 1 458.21670425 476.712427837648
"565" 1 458.712085 493.065323454706
"566" 1 459.488122000002 464.149072820197
"567" 1 459.896922250004 592.660029181812
"568" 1 460.140901249999 518.922567604222
"569" 1 460.409776249998 682.129555934135
"570" 1 460.552994499999 494.36829370036
"571" 1 461.97487825 482.529202764874
"572" 1 463.07114325 733.304414844496
"573" 1 463.600152999999 528.181755366811
"574" 1 464.624710249999 878.625882935721
"575" 1 466.29713 860.409878334976
"576" 1 466.61498 820.268849745771
"577" 1 468.519222249999 777.833741959098
"578" 1 468.569620250002 532.261690185263
"579" 1 468.665354249998 876.996091946614
"580" 1 470.27656 725.871811318376
"581" 1 472.936290499999 494.486560660028
"582" 1 472.969711249998 587.718108471107
"583" 1 473.830116250001 475.95394678163
"584" 1 474.99287225 564.11707735296
"585" 1 475.163186000002 524.960736202802
"586" 1 475.56350725 1049.02553570053
"587" 1 476.048954000001 514.658941064618
"588" 1 476.153608500005 521.244069493707
"589" 1 478.02440725 797.764433254216
"590" 1 479.042292499998 580.687381283449
"591" 1 482.927566499999 612.259925747424
"592" 1 483.079788249999 484.844817015777
"593" 1 483.274680250001 684.248979802397
"594" 1 484.35020425 500.522893237784
"595" 1 485.07681325 726.149328524055
"596" 1 487.851992500001 494.642250524743
"597" 1 488.391886249999 610.602268159909
"598" 1 488.8415965 511.229298369674
"599" 1 489.714456250001 564.78164529723
"600" 1 489.837028 684.349068856828
"601" 1 490.224134499999 677.618540719812
"602" 1 490.820005000002 643.027105762307
"603" 1 490.83281 535.078813503718
"604" 1 491.1939405 537.237415995694
"605" 1 492.988092999999 654.497945537279
"606" 1 493.979336 494.235895786611
"607" 1 494.3323925 771.537007268344
"608" 1 494.805434499999 522.931235299613
"609" 1 495.068922499997 603.019379414489
"610" 1 495.286980249999 522.225834582778
"611" 1 495.62406725 555.053622560563
"612" 1 497.62163125 497.742908416112
"613" 1 497.970141250001 532.28242722011
"614" 1 499.000514499998 680.597911328776
"615" 1 499.039531249999 578.486763608133
"616" 1 501.700423250001 552.767466340085
"617" 1 502.283336 544.814364310425
"618" 1 502.30246025 535.309182743046
"619" 1 505.06570825 653.107020646394
"620" 1 505.526988999999 511.591717122694
"621" 1 506.142666250001 661.792613984621
"622" 1 510.713690500001 557.028375422095
"623" 1 511.437136249999 884.44262234086
"624" 1 512.070925249997 525.064532756441
"625" 1 512.166631249999 562.022194908169
"626" 1 513.262364499998 544.173639113903
"627" 1 513.437341 515.255479826148
"628" 1 513.445480999998 608.077017283002
"629" 1 514.204494499999 514.442032357577
"630" 1 514.213450000002 786.392809600729
"631" 1 514.673022250001 558.546243995356
"632" 1 515.295091999997 1236.29535679305
"633" 1 516.672195999999 671.158333411908
"634" 1 517.495511249998 745.620931707786
"635" 1 517.964861000003 730.733927459714
"636" 1 518.31342225 852.525140447705
"637" 1 518.750532499999 1084.51703352718
"638" 1 520.329699250002 828.141893086566
"639" 1 520.36058825 520.536162062747
"640" 1 522.328006250002 637.338546457603
"641" 1 522.841033999999 525.686034016481
"642" 1 523.005128 524.555302848331
"643" 1 524.439477000002 1086.69442987952
"644" 1 527.406321249999 634.314941417635
"645" 1 527.65695725 992.346186187666
"646" 1 527.793461 559.158478031302
"647" 1 528.545121249999 794.285285410692
"648" 1 530.239385250001 619.898991247933
"649" 1 530.63922425 590.718750062797
"650" 1 530.891299249999 677.674880506748
"651" 1 531.429866500001 534.300117662323
"652" 1 531.857412000001 839.107573122532
"653" 1 533.214130250004 553.885774193466
"654" 1 533.326408000003 1338.47329371949
"655" 1 534.23368 585.089285047002
"656" 1 535.078272500001 578.338827351499
"657" 1 535.90038125 662.331032247918
"658" 1 535.970582500001 653.753188639664
"659" 1 536.050388249997 750.611305267692
"660" 1 536.380214499997 795.473119642649
"661" 1 536.592452499999 541.608381773859
"662" 1 536.598120500001 596.786900332857
"663" 1 538.5213125 651.872943017504
"664" 1 538.534512499999 547.300559849253
"665" 1 538.887016 557.30460274784
"666" 1 539.256963249999 689.663685642742
"667" 1 539.942706500001 541.900738140126
"668" 1 542.19644825 592.287645311652
"669" 1 542.740572999998 548.247491238335
"670" 1 544.03705 544.085518098898
"671" 1 544.486419250001 614.3505334141
"672" 1 545.69553625 627.398525682463
"673" 1 546.220182249999 678.870667137954
"674" 1 546.331755249999 562.395143095953
"675" 1 546.6109025 557.982178017704
"676" 1 546.799254500002 588.653126722783
"677" 1 548.842521250003 565.082101357853
"678" 1 548.866104999999 581.241082923901
"679" 1 548.947998250001 634.075922223035
"680" 1 549.779146250002 574.179029729428
"681" 1 550.171648 573.821828668938
"682" 1 550.543842000001 603.635059302193
"683" 1 551.791829 912.050137717705
"684" 1 551.794806499999 618.629388048514
"685" 1 553.3262165 627.468119573778
"686" 1 554.13859225 729.277087201034
"687" 1 554.778452000005 764.410268123211
"688" 1 554.970382250001 747.709052230797
"689" 1 558.15560125 609.148505383386
"690" 1 558.3975525 718.159906101033
"691" 1 558.653326249998 562.365778359656
"692" 1 559.675154249999 604.79574807681
"693" 1 560.778644 563.450398918935
"694" 1 560.84092325 599.223656401089
"695" 1 562.757506000002 618.023597468811
"696" 1 563.496792500001 563.953647603478
"697" 1 563.948545 570.022228232781
"698" 1 564.30975625 583.706039793228
"699" 1 569.647766500001 697.78265464603
"700" 1 570.771097250003 653.297763018633
"701" 1 571.509541000001 612.457428540458
"702" 1 572.591720000001 585.713981399169
"703" 1 572.641006499998 662.583313200291
"704" 1 572.772125000001 573.348066072879
"705" 1 573.500810000004 602.590012048819
"706" 1 575.554441999997 806.273014750611
"707" 1 576.16162325 692.010276477722
"708" 1 577.223821 671.611991135962
"709" 1 580.171761250002 619.328733856847
"710" 1 583.037858 675.041994736842
"711" 1 587.363556249999 677.064022087469
"712" 1 588.8244825 944.981534405325
"713" 1 590.532385000002 607.904606020905
"714" 1 591.837757250002 767.814252239773
"715" 1 594.629313999996 1308.43114889208
"716" 1 594.860334500003 634.442478500926
"717" 1 595.531950250002 597.187944350975
"718" 1 595.5503825 644.322248419985
"719" 1 596.693952499998 607.88130948015
"720" 1 597.267621249999 617.228172297472
"721" 1 597.7601065 1027.52218355681
"722" 1 598.6326625 606.799605285221
"723" 1 599.670372500001 819.038490057049
"724" 1 599.7205625 655.287263005489
"725" 1 599.762286500001 720.792575869266
"726" 1 600.254659250004 718.60987431686
"727" 1 603.0933505 928.050839257827
"728" 1 603.105640249999 967.468403625663
"729" 1 606.852842 619.342098714186
"730" 1 606.982024250002 666.700259232584
"731" 1 607.159759999998 636.064292985656
"732" 1 609.970234000002 1256.04118446504
"733" 1 611.496006249998 646.683102909046
"734" 1 611.6336245 628.172880051257
"735" 1 612.345826249998 648.05191089563
"736" 1 614.1896045 647.538085867652
"737" 1 615.33200525 625.202999365917
"738" 1 617.044249249998 681.041103255179
"739" 1 617.542201999999 617.695906565632
"740" 1 619.891803249997 643.862431768266
"741" 1 621.270345249997 715.73944065008
"742" 1 621.650541249995 691.823451152189
"743" 1 622.454848999997 800.997428532088
"744" 1 624.204889999998 671.903931162522
"745" 1 625.004940500001 637.114342833869
"746" 1 626.290978500003 642.991787915395
"747" 1 626.779621000001 897.580877616578
"748" 1 627.167237000003 668.273809664377
"749" 1 629.544262499999 801.898964396651
"750" 1 629.914244 712.054100793172
"751" 1 630.208861250003 630.214975092603
"752" 1 630.726853 645.968817900361
"753" 1 632.191869250006 645.255721112146
"754" 1 633.888216250004 641.366787058603
"755" 1 634.11837125 905.043600982681
"756" 1 634.625331249994 662.228372441974
"757" 1 634.810411249998 649.68580054256
"758" 1 636.06340625 673.45951949488
"759" 1 636.22886825 648.917934430251
"760" 1 636.421034499999 645.855963545621
"761" 1 637.259432500004 678.962324369122
"762" 1 639.816249999998 681.582344292823
"763" 1 640.966579249999 711.743297723591
"764" 1 642.701110499998 644.867246579207
"765" 1 645.345470249996 659.178612452573
"766" 1 648.98621 708.6102168696
"767" 1 649.0711525 767.470000082871
"768" 1 649.211628500002 659.474430495746
"769" 1 650.323291249999 660.077899728486
"770" 1 654.380810000001 689.715343143553
"771" 1 660.0552205 691.177639798416
"772" 1 661.358131249997 662.198267443945
"773" 1 663.072638500002 773.689083928238
"774" 1 664.077188000002 756.405930077491
"775" 1 664.140040250002 695.318241896108
"776" 1 665.054197250003 694.914460548536
"777" 1 665.562458499997 683.357657380999
"778" 1 666.165676249997 724.18055065595
"779" 1 667.749391250001 690.745864087003
"780" 1 669.741800499999 670.169207158626
"781" 1 670.4584225 709.567957023141
"782" 1 671.259433000001 705.3161504241
"783" 1 672.664195250002 1323.20109723147
"784" 1 676.720797249999 718.630369829375
"785" 1 677.344826 695.907943323145
"786" 1 678.291060250001 765.069473583624
"787" 1 683.6465025 700.462994529607
"788" 1 684.259081999999 762.677920066937
"789" 1 685.714358500001 703.240892814056
"790" 1 686.995443999999 687.304882203358
"791" 1 688.215378500001 697.920790679987
"792" 1 689.086516500002 689.186330241283
"793" 1 690.250432250002 701.303644387124
"794" 1 694.370305249999 781.312026368978
"795" 1 695.000901250001 848.955252456794
"796" 1 695.886392500001 768.88843579852
"797" 1 697.445684 702.914806671884
"798" 1 699.950253250003 784.888142206817
"799" 1 700.756345 756.836651827961
"800" 1 701.681646249999 761.700820506171
"801" 1 701.921691250002 704.59110235243
"802" 1 705.381618499998 708.256945839227
"803" 1 705.433405000004 727.22611640706
"804" 1 706.365740250004 977.086153958811
"805" 1 710.853642500002 1556.7771588117
"806" 1 711.420907250004 723.996790365201
"807" 1 714.959362000001 717.570663639329
"808" 1 715.803185250001 727.900673555329
"809" 1 716.051249999999 729.705972639457
"810" 1 718.442661250002 742.104701709257
"811" 1 721.181050000002 1137.8096558063
"812" 1 721.377231250002 885.729068884512
"813" 1 721.947341249999 789.84620577699
"814" 1 724.390268499999 727.404125753147
"815" 1 726.798636249999 743.443776823856
"816" 1 727.066970499997 730.352708962865
"817" 1 728.299300499998 828.966697464289
"818" 1 730.550073249996 858.071455983209
"819" 1 730.77568425 858.022600127274
"820" 1 739.975714249997 740.945765788451
"821" 1 744.560532500003 850.745106108982
"822" 1 747.6155525 756.830909417843
"823" 1 748.02774325 1511.75487757789
"824" 1 748.777837000002 753.845565485012
"825" 1 750.900132999998 823.441471733824
"826" 1 752.374033999999 763.087139631876
"827" 1 754.479270500005 862.977217461866
"828" 1 756.704570000001 756.914250740345
"829" 1 759.2814805 774.132570845777
"830" 1 761.871542499999 784.471934127811
"831" 1 763.299350500008 843.871110214135
"832" 1 768.737310499999 773.953394893866
"833" 1 771.11781625 992.31703774735
"834" 1 773.387919999995 915.481020650602
"835" 1 775.8495485 788.75066532938
"836" 1 779.173306000006 884.480511178599
"837" 1 779.327446500002 779.679035468181
"838" 1 780.333213250003 784.070491831852
"839" 1 780.620894500002 784.127005271512
"840" 1 785.764421 814.143348430079
"841" 1 788.815815250001 789.441194418442
"842" 1 797.36884 813.355866090616
"843" 1 798.805461249997 798.904212663576
"844" 1 800.868363250001 991.387590707718
"845" 1 806.261022499993 911.775157071433
"846" 1 811.0982405 1038.74313724595
"847" 1 817.044396499997 847.008076380522
"848" 1 819.777650000001 951.930371641628
"849" 1 820.7321425 823.280298458766
"850" 1 826.208330000003 1510.71982417546
"851" 1 828.306873250001 885.274749011338
"852" 1 829.422339999999 918.110274154092
"853" 1 837.594384250002 1034.64539595246
"854" 1 838.316222499999 857.909257038558
"855" 1 841.9974245 1016.39683965779
"856" 1 842.302776250002 842.306654075564
"857" 1 842.891112500003 849.335481435253
"858" 1 844.582803249995 897.908792886087
"859" 1 854.433332 863.029473299448
"860" 1 857.921794000001 898.47155322362
"861" 1 858.153985000002 861.862430127826
"862" 1 870.116864500002 873.970977675009
"863" 1 877.763380000005 937.373784113615
"864" 1 885.830721999999 1002.80285159417
"865" 1 886.756216250004 887.414428798968
"866" 1 893.723450000001 1206.18168899619
"867" 1 894.470781250001 1191.96206065249
"868" 1 894.681418500001 1041.56380028887
"869" 1 896.665949000002 998.227253840425
"870" 1 897.056425000003 897.060888796625
"871" 1 899.052913250001 993.380630252868
"872" 1 903.898138249994 911.151839775316
"873" 1 913.662948250002 920.587751858687
"874" 1 916.846250000002 923.087615334801
"875" 1 931.640437249997 935.667541564427
"876" 1 940.1811565 940.226481136209
"877" 1 945.74399225 1108.14594549196
"878" 1 951.651649999999 960.385636053023
"879" 1 953.701288249999 966.929440916226
"880" 1 962.44529525 1035.00752036141
"881" 1 963.007934500002 993.884966015132
"882" 1 963.798722499999 982.937343570741
"883" 1 968.176298000003 1439.08030206951
"884" 1 974.020321249999 1079.29680045088
"885" 1 977.410671249999 1097.54368941041
"886" 1 984.702434500002 1001.4434261305
"887" 1 991.460434 1182.68056229868
"888" 1 1009.483105 1086.62760550519
"889" 1 1009.5748525 1011.06891290151
"890" 1 1017.14055125 1205.0152632318
"891" 1 1033.795728 1123.28446961685
"892" 1 1042.90194499999 1181.37802758259
"893" 1 1055.590425 1132.6182978311
"894" 1 1079.8221505 1080.88766289193
"895" 1 1080.2501005 1126.73988731312
"896" 1 1092.45973324999 1092.99720822534
"897" 1 1098.50134225001 1400.37620399008
"898" 1 1127.211242 1127.63970598254
"899" 1 1131.2735825 1378.51739177335
"900" 1 1141.06185425 1157.84137030206
"901" 1 1146.5594045 1280.37742619053
"902" 1 1160.4373205 1175.34765887464
"903" 1 1161.69083325 1251.80395246602
"904" 1 1166.33463125 1169.64491275411
"905" 1 1169.067892 1187.99392042604
"906" 1 1169.750898 1405.29505340996
"907" 1 1176.54051924999 1286.23289873319
"908" 1 1182.6096725 1736.61612238555
"909" 1 1186.49626599999 1604.8334337283
"910" 1 1206.64585925 1281.48888687878
"911" 1 1212.84557225 1243.68571012055
"912" 1 1218.80548525 1221.98537075361
"913" 1 1220.79201324999 1220.99910121886
"914" 1 1283.975812 1289.35089867525
"915" 1 1289.8003885 1297.1769097971
"916" 1 1292.2692425 1315.16082699494
"917" 1 1314.63745925 2229.19175803282
"918" 1 1334.5638345 1362.83930302055
"919" 1 1343.940674 1394.8149471329
"920" 1 1346.257309 1375.60319760043
"921" 1 1367.32841999999 1425.63567823946
"922" 1 1375.41253 1381.99616049932
"923" 1 1398.97938824999 1406.2139691779
"924" 1 1472.82733625001 1478.46995723582
"925" 1 1509.399137 1557.39417622219
"926" 1 1582.009888 1596.30056858555
"927" 1 1675.10547724999 1694.94776811585
"928" 1 2072.20127424999 2078.86215835152
"929" 1 2607.95537999999 2645.97908119954
