"dimension" "Birth" "Death"
"1" 0 0 Inf
"2" 0 0 334.821698
"3" 0 0 345.340980000002
"4" 0 0 228.444967999999
"5" 0 0 390.463150250001
"6" 0 0 359.670296249999
"7" 0 0 322.167174249999
"8" 0 0 379.1238685
"9" 0 0 316.153912250001
"10" 0 0 461.589908000001
"11" 0 0 307.213226500002
"12" 0 0 249.592312249998
"13" 0 0 336.996828500001
"14" 0 0 320.978324250001
"15" 0 0 171.411241
"16" 0 0 283.07563525
"17" 0 0 307.823264999999
"18" 0 0 176.004094500001
"19" 0 0 236.636220500001
"20" 0 0 400.85220925
"21" 0 0 420.83009525
"22" 0 0 216.767504
"23" 0 0 223.620165250001
"24" 0 0 455.103782500001
"25" 0 0 195.253474000001
"26" 0 0 269.132041000002
"27" 0 0 167.121159249999
"28" 0 0 295.629490000002
"29" 0 0 120.054346000002
"30" 0 0 122.50877225
"31" 0 0 295.170553
"32" 0 0 223.516134250002
"33" 0 0 317.305380249999
"34" 0 0 226.117528249997
"35" 0 0 205.976378500002
"36" 0 0 540.844111250001
"37" 0 0 185.605682
"38" 0 0 369.823180249999
"39" 0 0 224.776723249999
"40" 0 0 358.20516425
"41" 0 0 493.842951999999
"42" 0 0 273.339452500001
"43" 0 0 202.431180249999
"44" 0 0 185.3305565
"45" 0 0 117.4673965
"46" 0 0 368.981488999999
"47" 0 0 176.659122249998
"48" 0 0 317.429482500002
"49" 0 0 243.4696105
"50" 0 0 139.38408425
"51" 0 0 225.624464
"52" 0 0 113.32331825
"53" 0 0 218.0103865
"54" 0 0 310.674836249999
"55" 0 0 438.752281250002
"56" 0 0 266.327520500001
"57" 0 0 309.258930500001
"58" 0 0 250.628685250001
"59" 0 0 200.560562500001
"60" 0 0 254.6706025
"61" 0 0 291.003462500003
"62" 0 0 267.02727025
"63" 0 0 296.227585000001
"64" 0 0 257.563032250001
"65" 0 0 219.129258499997
"66" 0 0 354.181016249999
"67" 0 0 519.136807250002
"68" 0 0 342.510980500002
"69" 0 0 218.38037
"70" 0 0 253.843816250002
"71" 0 0 187.7066945
"72" 0 0 246.651314500001
"73" 0 0 201.525306249999
"74" 0 0 462.290434250001
"75" 0 0 268.06484
"76" 0 0 179.672353250001
"77" 0 0 202.733593250002
"78" 0 0 445.118180499998
"79" 0 0 122.897137250001
"80" 0 0 132.2044825
"81" 0 0 152.329674500001
"82" 0 0 363.840070250001
"83" 0 0 174.844874
"84" 0 0 254.419584250001
"85" 0 0 427.13874225
"86" 0 0 268.892010499999
"87" 0 0 332.29746625
"88" 0 0 488.01441925
"89" 0 0 327.053269
"90" 0 0 396.868545249999
"91" 0 0 158.6857925
"92" 0 0 223.16018125
"93" 0 0 366.970665250002
"94" 0 0 280.497344500001
"95" 0 0 374.959400000001
"96" 0 0 236.332618
"97" 0 0 230.018005000003
"98" 0 0 295.210506250002
"99" 0 0 268.13334925
"100" 0 0 231.839582499999
"101" 0 0 206.147384999999
"102" 0 0 342.070782500004
"103" 0 0 56.4093490000012
"104" 0 0 155.769132500001
"105" 0 0 260.708888250001
"106" 0 0 314.38917325
"107" 0 0 248.028249999999
"108" 0 0 376.356506500001
"109" 0 0 325.45579625
"110" 0 0 202.95425
"111" 0 0 380.67556225
"112" 0 0 186.283840249999
"113" 0 0 158.156258
"114" 0 0 129.28251425
"115" 0 0 200.377797250003
"116" 0 0 317.602842500001
"117" 0 0 481.7923925
"118" 0 0 248.425288249998
"119" 0 0 375.057961
"120" 0 0 164.261522499999
"121" 0 0 365.81257
"122" 0 0 322.730995250001
"123" 0 0 280.329984500002
"124" 0 0 194.731711250001
"125" 0 0 330.813030499999
"126" 0 0 259.7598405
"127" 0 0 275.508945
"128" 0 0 245.284525000003
"129" 0 0 180.326556500001
"130" 0 0 96.1285564999994
"131" 0 0 299.616601999999
"132" 0 0 204.200318499999
"133" 0 0 257.055632000001
"134" 0 0 294.1245845
"135" 0 0 174.606368000001
"136" 0 0 504.150032000001
"137" 0 0 149.54380225
"138" 0 0 379.250751999998
"139" 0 0 374.151190250003
"140" 0 0 46.5139322499992
"141" 0 0 246.096114500001
"142" 0 0 285.253459250001
"143" 0 0 177.6319705
"144" 0 0 205.522060999998
"145" 0 0 173.45834425
"146" 0 0 130.752955249999
"147" 0 0 282.564162249997
"148" 0 0 112.138610000001
"149" 0 0 262.762245250001
"150" 0 0 24.75255925
"151" 0 0 94.6621682500007
"152" 0 0 307.354708
"153" 0 0 62.5569800000007
"154" 0 0 110.143104249999
"155" 0 0 338.2393885
"156" 0 0 324.171181000002
"157" 0 0 304.948428999997
"158" 0 0 118.12256125
"159" 0 0 397.366599999998
"160" 0 0 230.790144500002
"161" 0 0 254.317298499999
"162" 0 0 318.928642250001
"163" 0 0 414.87941125
"164" 0 0 378.871513250001
"165" 0 0 471.763726250001
"166" 0 0 312.628942249999
"167" 0 0 271.4129865
"168" 0 0 186.606698000001
"169" 0 0 291.879272500001
"170" 0 0 251.180946250002
"171" 0 0 341.925604249999
"172" 0 0 339.226599999998
"173" 0 0 242.780470250002
"174" 0 0 449.987365
"175" 0 0 307.844933000001
"176" 0 0 489.820709
"177" 0 0 381.590721
"178" 0 0 107.90968625
"179" 0 0 211.98256325
"180" 0 0 566.232128500001
"181" 0 0 242.835625000002
"182" 0 0 266.61837025
"183" 0 0 276.533521250001
"184" 0 0 230.949132249999
"185" 0 0 263.139698000001
"186" 1 203.308374499997 204.10029924673
"187" 1 204.214600999998 212.27263206666
"188" 1 209.35528 233.669996206188
"189" 1 218.63182925 265.584132445004
"190" 1 232.838852500001 280.333281665049
"191" 1 235.066106249999 259.290545862288
"192" 1 242.9785745 274.243741655801
"193" 1 252.073552999999 312.142339356937
"194" 1 263.335508000001 453.20947101676
"195" 1 264.762389250001 273.503811651693
"196" 1 265.498128999999 285.669057536231
"197" 1 267.005745250001 467.04261753457
"198" 1 270.608473250001 465.559094384746
"199" 1 274.41167125 297.201500067201
"200" 1 275.290404999999 313.854058865363
"201" 1 282.110868999999 304.930455840138
"202" 1 286.295146249998 618.427502454402
"203" 1 295.231016250001 332.167855796076
"204" 1 295.750318250002 377.200937227246
"205" 1 296.009868499996 298.390331346594
"206" 1 299.5731125 346.362927680733
"207" 1 309.047134500001 319.787684342684
"208" 1 311.739498250001 324.099048576274
"209" 1 313.74037925 315.113871741415
"210" 1 315.255413249997 727.365625482647
"211" 1 316.113851249999 683.952642484655
"212" 1 317.595752500001 374.691543148716
"213" 1 317.721602499997 364.618039693077
"214" 1 321.966381250001 618.768846969748
"215" 1 334.480565250001 378.347675567693
"216" 1 335.432568250003 347.46492089993
"217" 1 336.956706249999 357.658276826657
"218" 1 338.893314499999 659.220621912113
"219" 1 342.160126250002 393.822421952786
"220" 1 342.78235525 367.165233191361
"221" 1 345.381345250001 576.825435931185
"222" 1 347.594574499999 613.0772065228
"223" 1 347.77262525 389.27711603114
"224" 1 348.20680625 360.423353774406
"225" 1 349.311008000001 364.69984442571
"226" 1 349.907946250001 485.241245281085
"227" 1 354.902985999997 356.470991433365
"228" 1 357.92772725 422.338396678744
"229" 1 358.363875249997 415.231977005814
"230" 1 360.733146249998 576.022559069983
"231" 1 361.652461249998 843.028743044943
"232" 1 363.866642500003 577.380859066585
"233" 1 366.033223250001 415.698150084377
"234" 1 366.788194249998 553.244851772783
"235" 1 367.15740625 396.827302290856
"236" 1 371.977592499999 468.318758096027
"237" 1 372.111364000001 431.621291179884
"238" 1 377.50540525 543.903281809931
"239" 1 378.502435250002 656.482595941274
"240" 1 379.215524250001 482.344459622648
"241" 1 380.813600000001 392.556672991736
"242" 1 383.960368249999 589.727817865742
"243" 1 385.120418500003 439.101795597761
"244" 1 385.63082725 439.115524789273
"245" 1 385.730836249998 432.595504526662
"246" 1 387.461244249998 626.554313998972
"247" 1 390.443466499998 486.154165008945
"248" 1 391.830331249998 722.027040995372
"249" 1 391.937746249999 763.329787420662
"250" 1 394.517220249999 427.401914101227
"251" 1 394.78276525 453.850224500555
"252" 1 395.946276249999 424.233680416955
"253" 1 397.106851249999 406.791256977243
"254" 1 401.495952500001 420.80536604508
"255" 1 402.645826249997 447.049385930681
"256" 1 404.308841000001 434.606629544533
"257" 1 405.406156999999 416.194888477399
"258" 1 407.972281249999 408.506619069085
"259" 1 412.451827249997 889.71468197931
"260" 1 417.241904499997 966.175072503072
"261" 1 417.415095250003 431.102702728366
"262" 1 417.95867125 455.733416399418
"263" 1 418.144549000002 678.356469777964
"264" 1 419.742229000002 425.310312754571
"265" 1 420.284088999995 425.462826501399
"266" 1 420.74153225 483.147024108244
"267" 1 424.009786249999 428.370006967759
"268" 1 424.45820125 766.33983117111
"269" 1 424.980362250003 437.090421840618
"270" 1 425.38501925 452.091164430505
"271" 1 427.6795725 483.335294959892
"272" 1 429.237591249999 435.123217194389
"273" 1 429.613490500001 436.100991438025
"274" 1 429.955348499998 659.405160570459
"275" 1 431.53509925 541.279488079957
"276" 1 432.279945000001 460.865141936582
"277" 1 433.072234249999 457.847417231136
"278" 1 435.183700500001 489.391335899094
"279" 1 436.82755525 530.352769077318
"280" 1 439.639696000002 878.165585645719
"281" 1 439.741667250002 813.27972307583
"282" 1 441.721676499999 450.021889831934
"283" 1 445.913724249998 732.257034713792
"284" 1 447.577512999999 892.46596110575
"285" 1 448.2692105 681.767226909166
"286" 1 453.992549000001 503.359156355029
"287" 1 456.520890250001 463.639971988432
"288" 1 456.904138000002 540.677796092935
"289" 1 457.631712499998 662.594230406815
"290" 1 458.957765000001 541.533295328433
"291" 1 460.326559999998 729.081473652092
"292" 1 462.0793985 485.035648912471
"293" 1 464.59140925 628.974545921291
"294" 1 467.12608325 499.755665206633
"295" 1 469.740484999998 473.994281917665
"296" 1 471.465122499999 498.248362914855
"297" 1 474.741392 510.942165510688
"298" 1 475.424056999999 529.916416869034
"299" 1 475.81790625 971.286159675322
"300" 1 476.983446250002 549.89056832569
"301" 1 480.953616999999 484.147616048406
"302" 1 482.236280500002 780.56341360793
"303" 1 493.623637000002 520.482474138047
"304" 1 499.108096250004 503.64933940813
"305" 1 500.524266500001 529.943319732374
"306" 1 501.685426250002 575.770387559623
"307" 1 503.196782500002 651.37652317875
"308" 1 504.041530499999 556.780886827102
"309" 1 504.325006249998 1219.25350335723
"310" 1 510.023293 523.494710697048
"311" 1 510.366910250002 971.580350050197
"312" 1 511.179806499999 1047.58450353448
"313" 1 511.462176999999 784.151621885993
"314" 1 513.177786249998 535.274332090933
"315" 1 513.324702499999 587.572855294506
"316" 1 514.427833250002 516.858787201709
"317" 1 515.8077605 1079.70422516721
"318" 1 516.68179025 568.835040924935
"319" 1 520.547987250005 583.115560310846
"320" 1 521.322588250001 587.241207621112
"321" 1 522.101497000002 552.402939380582
"322" 1 522.222812500003 890.166480633986
"323" 1 524.99728625 546.050417549488
"324" 1 525.225612500001 525.316542316849
"325" 1 531.631467250001 978.281362678921
"326" 1 534.899202250002 550.482031853011
"327" 1 536.073625000002 544.275691337693
"328" 1 538.098072499998 629.857469875282
"329" 1 538.691769249999 886.231299302492
"330" 1 538.848425 675.452829562433
"331" 1 541.41913625 573.429851536999
"332" 1 541.666105000001 559.63881783871
"333" 1 547.407876500002 1008.85722739666
"334" 1 547.621262499998 637.884600887152
"335" 1 555.188499999999 884.874558077963
"336" 1 555.242796249999 651.22955064258
"337" 1 556.808300500002 627.788807634328
"338" 1 557.343874 602.405591785434
"339" 1 557.651086249999 728.480306749458
"340" 1 558.86079625 559.697473945585
"341" 1 559.195382250002 714.146730328318
"342" 1 560.975602499998 640.084293180409
"343" 1 561.499051249998 569.896717294646
"344" 1 564.176862249998 582.035074032344
"345" 1 565.68162325 933.10149328891
"346" 1 566.035975250002 852.381487896509
"347" 1 566.80897 1646.58906440785
"348" 1 568.012818249999 707.876019304074
"349" 1 572.883785000001 574.547917923737
"350" 1 577.051268000001 716.033006987772
"351" 1 577.75516025 577.794219752091
"352" 1 581.063386249998 602.771940454398
"353" 1 593.574609999999 708.632601232617
"354" 1 593.594746000001 603.903985421094
"355" 1 594.225505000002 599.85134521496
"356" 1 596.151406250001 609.796225127599
"357" 1 596.315960499996 768.28236457774
"358" 1 597.4277665 627.105351148171
"359" 1 598.296192250001 774.553338143265
"360" 1 600.205906249998 608.317983603513
"361" 1 602.285065 763.348320463764
"362" 1 602.884494250001 660.337572752968
"363" 1 604.570850000002 608.967018606969
"364" 1 607.311048499998 608.227943337757
"365" 1 609.684819249995 695.443367340525
"366" 1 610.328904999999 846.755441589667
"367" 1 612.125010249999 615.60584721834
"368" 1 617.053327249998 621.051212405058
"369" 1 618.676951250001 622.27333962185
"370" 1 621.6595145 662.001020520966
"371" 1 626.763885249999 756.251713827557
"372" 1 632.25887825 695.095624770549
"373" 1 644.804008250002 731.377900615262
"374" 1 648.12719225 1104.46992431664
"375" 1 660.8086425 724.57764872045
"376" 1 661.465141250002 672.295676789564
"377" 1 663.738751249999 665.19421838349
"378" 1 667.694198249998 766.972131249192
"379" 1 669.380618 680.243178177566
"380" 1 670.347079999999 672.192147585625
"381" 1 672.182371250002 687.084090366401
"382" 1 674.22665225 688.742374445423
"383" 1 678.470728000001 723.001223812612
"384" 1 681.922444249999 1170.86201280142
"385" 1 693.597912500001 730.97474297097
"386" 1 699.504582500001 819.482019964711
"387" 1 700.561356999998 881.486001340856
"388" 1 704.5346605 903.229367176904
"389" 1 705.150137250002 714.848024432275
"390" 1 707.135767250002 933.751231472269
"391" 1 707.451512499998 880.424978077297
"392" 1 707.561118499999 762.288184100561
"393" 1 714.56795225 723.217057895634
"394" 1 714.669113249999 822.391865411951
"395" 1 717.7106105 756.538944660583
"396" 1 722.501506249998 744.028906192173
"397" 1 726.16467025 726.166985069224
"398" 1 727.021179250004 728.621695612953
"399" 1 731.340212500001 780.64153452831
"400" 1 735.892254500001 753.091102957964
"401" 1 736.553833 788.397867319433
"402" 1 742.369588 764.929993397167
"403" 1 750.18249925 781.482112350556
"404" 1 755.96078025 800.093276148031
"405" 1 757.626513999999 813.286845007323
"406" 1 760.85671325 763.00170205124
"407" 1 761.667533000001 1029.06753755985
"408" 1 762.556763249998 786.690232872224
"409" 1 765.042226 781.961897788746
"410" 1 774.157026250005 867.670390943671
"411" 1 774.248311250001 782.777414649256
"412" 1 775.310487250001 821.487855902951
"413" 1 778.249644499999 846.295995471936
"414" 1 791.051205250001 832.599829917096
"415" 1 798.299102500001 799.602346942399
"416" 1 799.913462499999 843.411249412308
"417" 1 814.035323250002 840.130450159715
"418" 1 826.431682000003 901.366676160186
"419" 1 831.275768249997 1027.05900625149
"420" 1 831.532835250002 910.399774107789
"421" 1 832.12705 869.32733368379
"422" 1 832.768449249998 836.232091101357
"423" 1 836.310835999999 885.404612825445
"424" 1 845.004100249998 845.791460798988
"425" 1 860.421282249999 863.174068669993
"426" 1 861.572112999998 863.36879314427
"427" 1 886.189016250001 894.724875734768
"428" 1 949.216608499999 959.354163583893
"429" 1 974.229884500002 1007.56273975912
"430" 1 992.711812250001 1027.72792244101
"431" 1 994.149280999998 1116.09718244321
"432" 1 1010.46860525 1436.98135507016
"433" 1 1019.62210900001 1019.63744603336
"434" 1 1054.905589 1064.48409458833
"435" 1 1067.92587325 1328.55067560602
"436" 1 1121.670845 1128.58568306898
"437" 1 1126.101925 1127.33861418961
"438" 1 1129.10130625 1135.0284857455
"439" 1 1129.88253625 1225.27442175646
"440" 1 1164.17493625 1220.89630308562
