"dimension" "Birth" "Death"
"1" 0 0 Inf
"2" 0 0 586.915592499998
"3" 0 0 446.967674000001
"4" 0 0 218.115912250002
"5" 0 0 449.889572499998
"6" 0 0 370.51143925
"7" 0 0 606.252444500005
"8" 0 0 343.089668
"9" 0 0 125.936946249999
"10" 0 0 590.583681999997
"11" 0 0 280.082706250001
"12" 0 0 368.26985
"13" 0 0 388.378434249999
"14" 0 0 410.609680000001
"15" 0 0 134.7185565
"16" 0 0 442.624950250003
"17" 0 0 332.5252005
"18" 0 0 408.264258250003
"19" 0 0 575.218504999996
"20" 0 0 558.8143985
"21" 0 0 539.544845250002
"22" 0 0 567.56774425
"23" 0 0 455.308128250003
"24" 0 0 431.445762500001
"25" 0 0 533.134314499999
"26" 0 0 334.2099125
"27" 0 0 363.914752499999
"28" 0 0 471.948868249996
"29" 0 0 516.835248249999
"30" 0 0 364.0952345
"31" 0 0 420.024745999999
"32" 0 0 409.265219249999
"33" 0 0 298.153037250001
"34" 0 0 498.210952499997
"35" 0 0 477.549546499999
"36" 0 0 420.604455999998
"37" 0 0 333.278389
"38" 0 0 423.762846250001
"39" 0 0 511.109804500003
"40" 0 0 527.318208499999
"41" 0 0 601.60629125
"42" 0 0 317.447718249999
"43" 0 0 202.254383249999
"44" 0 0 228.047653249999
"45" 0 0 479.864488500002
"46" 0 0 260.185012250001
"47" 0 0 143.004696249999
"48" 0 0 278.474528250003
"49" 0 0 237.379248999999
"50" 0 0 332.397255250004
"51" 0 0 304.4082305
"52" 0 0 111.348872500001
"53" 0 0 367.702725249998
"54" 0 0 532.372132000001
"55" 0 0 333.073541249998
"56" 0 0 426.179712499999
"57" 0 0 271.073221249999
"58" 0 0 345.530289249999
"59" 0 0 139.098919999999
"60" 0 0 437.681374250003
"61" 0 0 301.41453625
"62" 0 0 97.4148142500002
"63" 0 0 406.147784499997
"64" 0 0 658.627977249998
"65" 0 0 226.017620000003
"66" 0 0 265.24744625
"67" 0 0 244.213442500001
"68" 0 0 482.142147250001
"69" 0 0 482.331769999999
"70" 0 0 602.155476250001
"71" 0 0 324.0541125
"72" 0 0 378.61110225
"73" 0 0 482.930216000003
"74" 0 0 359.966550250001
"75" 0 0 409.26268825
"76" 0 0 669.0008645
"77" 0 0 269.167930250001
"78" 0 0 516.31614425
"79" 0 0 298.574490249999
"80" 0 0 373.17870925
"81" 0 0 719.259152000001
"82" 0 0 281.563748499999
"83" 0 0 468.014216000002
"84" 0 0 358.126534250002
"85" 0 0 223.937911249998
"86" 0 0 472.600368500001
"87" 0 0 594.990342249999
"88" 0 0 271.526209250001
"89" 0 0 265.32783925
"90" 0 0 327.493585249998
"91" 0 0 200.24208425
"92" 0 0 607.946786500001
"93" 0 0 121.09068625
"94" 0 0 391.688739250003
"95" 0 0 175.621887249999
"96" 0 0 368.734746250003
"97" 0 0 717.340556250002
"98" 0 0 255.3381805
"99" 0 0 221.329969999999
"100" 0 0 851.758508249998
"101" 0 0 163.051362499999
"102" 0 0 472.6693025
"103" 0 0 218.245720499999
"104" 0 0 472.348795249998
"105" 0 0 802.98047425
"106" 0 0 379.906292250002
"107" 0 0 97.1881360000014
"108" 0 0 691.871575249999
"109" 0 0 458.915818500002
"110" 0 0 185.76375025
"111" 0 0 337.062706
"112" 0 0 283.0758625
"113" 0 0 449.410929250002
"114" 0 0 403.777392500001
"115" 0 0 612.239580999994
"116" 0 0 50.1768582499996
"117" 0 0 364.045284999999
"118" 0 0 373.715889999999
"119" 0 0 275.88775025
"120" 0 0 529.942906249998
"121" 0 0 265.581353
"122" 0 0 528.0352625
"123" 0 0 393.890625250001
"124" 0 0 515.34288625
"125" 0 0 229.8530005
"126" 0 0 283.54335525
"127" 0 0 148.756992500001
"128" 0 0 169.229984499999
"129" 0 0 313.374330000001
"130" 0 0 308.85196625
"131" 0 0 408.376656250002
"132" 0 0 549.939666250003
"133" 0 0 505.895817250002
"134" 0 0 316.368151250001
"135" 0 0 565.405272500001
"136" 0 0 347.773541000002
"137" 0 0 203.891496249999
"138" 0 0 300.848672
"139" 0 0 698.834292250003
"140" 0 0 634.80617325
"141" 0 0 548.1949225
"142" 0 0 453.50511925
"143" 0 0 339.03980225
"144" 0 0 201.661002
"145" 0 0 732.989850500005
"146" 0 0 141.200652499999
"147" 0 0 419.309335249999
"148" 0 0 524.260702250005
"149" 0 0 386.32355725
"150" 0 0 458.53738325
"151" 1 156.06728125 166.738842073307
"152" 1 272.589016250001 414.683696192239
"153" 1 276.60816625 314.436922276529
"154" 1 290.577821000003 370.148117055091
"155" 1 295.646809 305.772935832035
"156" 1 313.5872905 316.258824538872
"157" 1 315.1514 322.92483913276
"158" 1 322.361480250001 608.252917188871
"159" 1 351.123848000001 383.853064923573
"160" 1 368.036551250001 722.947050755541
"161" 1 372.0200965 396.097395426969
"162" 1 405.617612500001 879.575388895598
"163" 1 414.11662625 787.089231253037
"164" 1 432.039980499999 1071.03492628914
"165" 1 433.11894525 773.798478962016
"166" 1 453.184341250001 469.601655263309
"167" 1 455.97380725 857.942311690762
"168" 1 462.12571325 602.764823459532
"169" 1 476.013434 501.411398569058
"170" 1 477.795882499999 814.016065694995
"171" 1 481.1813185 594.682532922059
"172" 1 481.249426249997 634.847670452521
"173" 1 483.9354325 697.20673044289
"174" 1 487.099782500002 552.011355025638
"175" 1 494.661793999999 674.9957967873
"176" 1 499.015304000001 765.819074368796
"177" 1 499.646000249998 502.645885528599
"178" 1 513.609664249997 538.714925721552
"179" 1 515.90096125 538.811692241494
"180" 1 520.389584999999 644.365509168587
"181" 1 520.416582499998 1058.01095888339
"182" 1 520.69985525 608.504301825925
"183" 1 523.641658249998 523.642522565718
"184" 1 529.887283249999 620.153645830896
"185" 1 530.515210250002 853.299359976888
"186" 1 532.376550249999 597.074769271637
"187" 1 535.973301250002 549.242117959528
"188" 1 545.954196250004 799.82587731358
"189" 1 546.730428500003 914.107912002806
"190" 1 552.257336500001 563.86654172079
"191" 1 554.591567250001 554.981507303238
"192" 1 557.529181250001 611.405869675458
"193" 1 559.436029 652.509467526862
"194" 1 566.780682250003 566.788205848271
"195" 1 571.077220499997 867.228238900187
"196" 1 579.57917625 695.884775775048
"197" 1 582.405652249998 1467.46766036372
"198" 1 584.653348999996 659.588256992797
"199" 1 586.191806500004 1684.41742467481
"200" 1 589.375380250004 1059.43760391911
"201" 1 590.088514000001 725.713941518857
"202" 1 592.784971249999 625.097765995947
"203" 1 612.337489999999 932.650314204068
"204" 1 612.996556250003 1481.7874686754
"205" 1 616.5990085 618.52918819893
"206" 1 617.584399250002 642.857164848852
"207" 1 625.3027465 627.656561431203
"208" 1 627.36676325 628.222612018307
"209" 1 631.17225925 709.99622131177
"210" 1 633.151442250008 898.177003599336
"211" 1 637.353844999993 675.852515724449
"212" 1 644.654496250002 671.207253803629
"213" 1 647.155730499998 655.134808143993
"214" 1 652.357807250002 804.049514087931
"215" 1 653.212881000002 766.213400988353
"216" 1 655.542465249999 1304.69383710609
"217" 1 660.24456625 1562.24924331863
"218" 1 662.4842725 1100.43350930516
"219" 1 664.192662500004 703.607954331124
"220" 1 664.892737000002 1588.75544387582
"221" 1 666.043392999998 1024.52934467976
"222" 1 667.888456250002 667.961546627479
"223" 1 669.929456250002 1478.42719852933
"224" 1 673.513685000001 830.327629537928
"225" 1 674.670092500002 1144.42669240964
"226" 1 678.410068500005 1027.50210471304
"227" 1 679.421659250002 960.256884252431
"228" 1 679.828081000001 993.390537436002
"229" 1 681.821991250002 884.255862666484
"230" 1 682.860051250003 701.34024057066
"231" 1 689.16648125 698.338465637405
"232" 1 689.310258249997 715.53054004127
"233" 1 689.354527250001 747.721402715916
"234" 1 695.648711250002 797.159637705501
"235" 1 696.173421249997 830.04960596766
"236" 1 701.413170250001 1093.07220461553
"237" 1 705.019791250001 866.807800008389
"238" 1 705.3041705 823.640384910081
"239" 1 707.209944249998 740.946721791836
"240" 1 707.948730000001 808.563479510981
"241" 1 711.182103249999 731.903961119326
"242" 1 713.819527999997 799.718636809948
"243" 1 715.31071625 716.007777355641
"244" 1 728.5093645 788.743972703155
"245" 1 729.837178249997 1188.02244719896
"246" 1 729.91590725 1338.07028499247
"247" 1 731.821891999997 732.238790316961
"248" 1 732.032062250003 776.9148929778
"249" 1 738.686316250004 754.847139867838
"250" 1 742.632372250001 791.510815284404
"251" 1 749.074212999997 1399.37163395107
"252" 1 750.616446500004 822.575086396176
"253" 1 751.605855249996 1139.2345494283
"254" 1 754.070174500005 889.854595898698
"255" 1 754.818969999999 778.804620203685
"256" 1 755.131794500002 915.138547243028
"257" 1 756.62749125 1315.65200143067
"258" 1 759.000224499999 776.591590756089
"259" 1 767.356814499999 767.882032290213
"260" 1 773.183318500003 913.269979230256
"261" 1 782.491288500002 841.575275515158
"262" 1 783.701810000002 1028.04890867697
"263" 1 785.158801249997 788.126104350562
"264" 1 791.517860999999 798.827104925552
"265" 1 795.722932249997 944.188556134947
"266" 1 795.80555825 811.590920333246
"267" 1 799.553182499997 801.990818240998
"268" 1 805.485262500002 820.021523826704
"269" 1 807.207528999999 906.285423897027
"270" 1 809.489272500003 815.531795215547
"271" 1 809.541531249999 1149.13937290369
"272" 1 812.025256250002 828.692166908071
"273" 1 816.864405249996 1134.22435020665
"274" 1 819.795023999997 855.881924148328
"275" 1 829.885591250002 831.380632458356
"276" 1 834.1481525 1099.63715578702
"277" 1 843.832429249998 849.859418621816
"278" 1 844.337549249997 951.657967341324
"279" 1 847.550670249999 853.520410845177
"280" 1 861.00879325 862.648756774958
"281" 1 867.343506250003 867.805354620343
"282" 1 884.076730249999 884.363455441574
"283" 1 885.918665250001 940.824065500146
"284" 1 888.464384999996 911.812496646597
"285" 1 892.029770000001 907.186599138564
"286" 1 892.587186250001 1050.33207039791
"287" 1 893.938149000002 1100.17464066526
"288" 1 894.958820499999 920.861323936421
"289" 1 897.410282500005 1488.18644111577
"290" 1 899.925796249998 974.098958241766
"291" 1 907.196390499997 1056.00094876675
"292" 1 911.86125925 926.562667021025
"293" 1 912.072712500002 984.393175429233
"294" 1 915.799590249997 952.892156831789
"295" 1 918.76286925 1387.07706478138
"296" 1 920.01758125 1033.33106921114
"297" 1 927.384690250001 1013.06101276549
"298" 1 927.413959249999 1089.09566595487
"299" 1 928.818241 1120.159546977
"300" 1 931.627650500001 1035.08742873331
"301" 1 939.487497999996 1026.73688290576
"302" 1 949.816218499998 1052.4065006274
"303" 1 953.354034250003 1083.68374159333
"304" 1 954.557253 957.931502503379
"305" 1 955.876086500001 1465.37038331241
"306" 1 959.657096000002 970.492032501134
"307" 1 961.326936250001 1032.96083959085
"308" 1 972.599571249996 983.925602305873
"309" 1 972.906496249995 1104.06953226085
"310" 1 977.985675250002 1009.65823656398
"311" 1 994.613869249997 1004.99638956373
"312" 1 995.620836250001 1111.98407194005
"313" 1 996.831420999997 1425.30959592526
"314" 1 1004.63428825 1044.41755057103
"315" 1 1006.38330025 1461.05268400288
"316" 1 1007.9188925 1008.43216373807
"317" 1 1010.3433625 1066.76061180978
"318" 1 1023.044345 1218.87247833477
"319" 1 1032.83366425 1138.39934534227
"320" 1 1037.60674 1061.3170769411
"321" 1 1037.639557 1365.22230623819
"322" 1 1038.5324585 1161.8813357118
"323" 1 1045.81643625 1049.00392219414
"324" 1 1055.04827624999 1080.60829381938
"325" 1 1058.993965 1109.82452121893
"326" 1 1086.37950125 1156.51464459741
"327" 1 1098.83130325 1098.88810203392
"328" 1 1100.5033685 1213.4781857784
"329" 1 1131.1376705 1134.53153696297
"330" 1 1166.53811525 1236.03283131734
"331" 1 1181.544965 1235.58100068185
"332" 1 1195.71252725 1820.093667681
"333" 1 1201.27530625 1219.04465735143
"334" 1 1229.9731285 1237.46762376498
"335" 1 1242.13409825 1803.55612193819
"336" 1 1244.92429825 1254.61924717091
"337" 1 1274.7536605 1289.62727436198
"338" 1 1275.93143225 1277.7950744531
"339" 1 1285.7563825 1298.60904640762
"340" 1 1304.5958945 1314.28795295482
"341" 1 1307.008341 1308.76456705065
"342" 1 1328.47246625 1338.30030120913
"343" 1 1340.907668 1341.75111953975
"344" 1 1390.41248125 1391.51410099092
"345" 1 1469.5261705 1476.78094017453
"346" 1 1547.72541125 1554.19478112836
"347" 1 1669.96436 1710.18199151937
"348" 1 1677.31971325 1704.9890128796
"349" 1 1927.22568125 2478.97810746985
"350" 1 2154.51031625 2307.0068999199
"351" 1 2195.6131465 2256.47595665873
