"dimension" "Birth" "Death"
"1" 0 0 Inf
"2" 0 0 553.109329000001
"3" 0 0 544.700476250003
"4" 0 0 364.810462250001
"5" 0 0 539.289120249999
"6" 0 0 305.861872500002
"7" 0 0 442.716708250002
"8" 0 0 321.039513250001
"9" 0 0 294.46864025
"10" 0 0 139.85369225
"11" 0 0 303.636025250001
"12" 0 0 608.905862499998
"13" 0 0 568.302201000004
"14" 0 0 119.679881
"15" 0 0 77.0984289999992
"16" 0 0 515.242025000001
"17" 0 0 449.430532000002
"18" 0 0 149.4219025
"19" 0 0 409.927651250003
"20" 0 0 123.107648
"21" 0 0 228.503226250002
"22" 0 0 339.883251250001
"23" 0 0 293.620658500002
"24" 0 0 263.067156249999
"25" 0 0 538.38487025
"26" 0 0 558.165475249998
"27" 0 0 585.068296499999
"28" 0 0 374.91880325
"29" 0 0 575.484152500003
"30" 0 0 251.706786500001
"31" 0 0 415.613361250002
"32" 0 0 389.271289250002
"33" 0 0 192.013726249999
"34" 0 0 210.310301
"35" 0 0 628.2789005
"36" 0 0 230.895313250001
"37" 0 0 389.425754499999
"38" 0 0 323.33864
"39" 0 0 842.552019249999
"40" 0 0 254.265255249999
"41" 0 0 557.388355249999
"42" 0 0 286.535677000001
"43" 0 0 408.7076185
"44" 0 0 163.65883925
"45" 0 0 461.110345999997
"46" 0 0 286.465570000002
"47" 0 0 337.661140000002
"48" 0 0 546.672288499998
"49" 0 0 562.367416999998
"50" 0 0 257.616712999999
"51" 0 0 260.708232499999
"52" 0 0 210.08512825
"53" 0 0 273.46391125
"54" 0 0 531.552012500001
"55" 0 0 524.531604250001
"56" 0 0 353.983754500002
"57" 0 0 478.013098
"58" 0 0 269.148906499998
"59" 0 0 829.268342500002
"60" 0 0 318.824685250003
"61" 0 0 104.945162499999
"62" 0 0 464.152941249998
"63" 0 0 293.732908999999
"64" 0 0 759.178856249999
"65" 0 0 405.758095999999
"66" 0 0 248.5913005
"67" 0 0 412.435728
"68" 0 0 357.932305249999
"69" 0 0 523.247545
"70" 0 0 226.105891250001
"71" 0 0 304.84765
"72" 0 0 304.613931249999
"73" 0 0 374.358262499998
"74" 0 0 712.7638285
"75" 0 0 745.38388
"76" 0 0 684.966727249999
"77" 0 0 161.581795249997
"78" 0 0 574.828752250001
"79" 0 0 367.670728250002
"80" 0 0 300.800424250001
"81" 0 0 459.490452499998
"82" 0 0 341.3155905
"83" 0 0 468.019604
"84" 0 0 622.344686500005
"85" 0 0 745.950073250001
"86" 0 0 199.547365000001
"87" 0 0 333.40643425
"88" 0 0 135.27654125
"89" 0 0 383.863992499999
"90" 0 0 674.402130000001
"91" 0 0 364.644510499999
"92" 0 0 234.128296
"93" 0 0 332.2331345
"94" 0 0 568.249636249999
"95" 0 0 421.8572425
"96" 0 0 489.992868500002
"97" 0 0 368.754034500001
"98" 0 0 522.416649250001
"99" 0 0 294.801514250001
"100" 0 0 774.586901249999
"101" 0 0 226.871032250001
"102" 0 0 192.663506500004
"103" 0 0 363.491188
"104" 0 0 670.236660249997
"105" 0 0 405.105087249999
"106" 0 0 117.578672499999
"107" 0 0 144.30045625
"108" 0 0 747.49615925
"109" 0 0 549.61628625
"110" 0 0 403.44427825
"111" 0 0 276.566184250003
"112" 0 0 410.113363999997
"113" 0 0 471.770126500001
"114" 0 0 329.0837045
"115" 0 0 853.980081999999
"116" 0 0 375.892978249997
"117" 0 0 393.748266250001
"118" 0 0 448.661175250003
"119" 0 0 511.091701250002
"120" 0 0 263.27430225
"121" 0 0 610.749264499999
"122" 0 0 350.854848500001
"123" 0 0 628.074020499998
"124" 0 0 542.613528999999
"125" 0 0 518.177413
"126" 0 0 247.967336500001
"127" 0 0 284.972612499999
"128" 0 0 526.988593
"129" 0 0 704.388841250001
"130" 0 0 276.205477000001
"131" 0 0 471.702722500004
"132" 0 0 236.83560625
"133" 0 0 600.138865000002
"134" 0 0 207.00633025
"135" 0 0 556.680894250004
"136" 0 0 547.113681250002
"137" 0 0 270.827522499999
"138" 0 0 414.60136425
"139" 0 0 634.3244505
"140" 0 0 283.341256999999
"141" 0 0 344.1335805
"142" 0 0 336.960256999998
"143" 0 0 387.184276250001
"144" 0 0 315.07459225
"145" 0 0 558.270280000001
"146" 0 0 509.409362500002
"147" 0 0 380.269008999999
"148" 0 0 92.0660202499986
"149" 0 0 630.235370499999
"150" 0 0 173.542984
"151" 0 0 235.03645325
"152" 0 0 600.77977
"153" 0 0 442.344641000001
"154" 0 0 102.8518745
"155" 0 0 62.0963352499999
"156" 0 0 255.691524999998
"157" 0 0 394.700700499999
"158" 0 0 743.6485625
"159" 0 0 572.738326249998
"160" 0 0 617.434277
"161" 0 0 778.298469249999
"162" 0 0 702.318630500001
"163" 0 0 350.126022250001
"164" 0 0 218.011122499999
"165" 0 0 82.7917519999999
"166" 0 0 248.20483025
"167" 0 0 220.539480500001
"168" 0 0 239.89956325
"169" 0 0 264.56776425
"170" 0 0 148.497014500001
"171" 0 0 546.253250000002
"172" 0 0 592.48272925
"173" 0 0 610.787220250007
"174" 0 0 457.849505249997
"175" 0 0 390.302056250001
"176" 0 0 256.060970500002
"177" 0 0 356.650139250001
"178" 0 0 108.184649
"179" 0 0 485.895676499999
"180" 0 0 66.1934224999996
"181" 0 0 408.293343249998
"182" 0 0 339.904032499999
"183" 0 0 478.777191999999
"184" 0 0 132.4697525
"185" 0 0 291.96044425
"186" 0 0 430.59222025
"187" 0 0 407.25312625
"188" 0 0 340.277499249999
"189" 0 0 435.055685000002
"190" 0 0 1100.529965
"191" 0 0 475.40597
"192" 0 0 167.959480999998
"193" 0 0 481.659355249999
"194" 0 0 226.633122500001
"195" 0 0 249.203922500001
"196" 0 0 497.5011045
"197" 0 0 336.5367525
"198" 0 0 555.563540249999
"199" 0 0 777.110296999999
"200" 0 0 228.595105999999
"201" 0 0 692.202410500004
"202" 0 0 173.43442
"203" 0 0 483.99153125
"204" 0 0 378.737562500001
"205" 0 0 284.37199225
"206" 0 0 162.728646249999
"207" 0 0 166.126443249998
"208" 0 0 410.20665625
"209" 0 0 290.075042000003
"210" 0 0 204.55021325
"211" 0 0 583.933025
"212" 0 0 368.174481999997
"213" 0 0 683.551622500005
"214" 0 0 329.32822325
"215" 0 0 508.721516999999
"216" 0 0 427.815081249997
"217" 0 0 151.98156025
"218" 0 0 294.97559625
"219" 0 0 475.233186249999
"220" 0 0 547.379244250003
"221" 0 0 550.905790499999
"222" 0 0 578.6987345
"223" 0 0 323.829733000001
"224" 0 0 105.38852125
"225" 0 0 169.2325225
"226" 0 0 140.197478499998
"227" 0 0 473.382036500001
"228" 0 0 386.21680225
"229" 0 0 574.508172999999
"230" 0 0 594.569773000003
"231" 0 0 385.112389
"232" 0 0 100.76984525
"233" 0 0 261.736902500002
"234" 0 0 653.207627250007
"235" 0 0 265.669160499999
"236" 0 0 815.560524999998
"237" 0 0 424.071810500001
"238" 0 0 593.72512925
"239" 0 0 65.9232662499999
"240" 0 0 640.70175625
"241" 0 0 131.04737225
"242" 0 0 499.17462525
"243" 0 0 691.235400499999
"244" 0 0 66.8932942500004
"245" 0 0 1006.75467225
"246" 0 0 593.078167250001
"247" 0 0 375.056581249999
"248" 0 0 79.0176410000002
"249" 0 0 466.2005305
"250" 0 0 605.664858500003
"251" 0 0 455.052573
"252" 0 0 921.953822499999
"253" 0 0 272.414762500001
"254" 0 0 615.107166249999
"255" 0 0 375.197129000001
"256" 0 0 264.501916250001
"257" 0 0 541.883462499999
"258" 0 0 109.663073999999
"259" 0 0 423.26027125
"260" 0 0 381.341416249999
"261" 0 0 582.090874249999
"262" 0 0 734.99163025
"263" 0 0 423.905848249999
"264" 0 0 415.400001249998
"265" 0 0 474.210117000005
"266" 0 0 342.303617
"267" 0 0 368.392142499997
"268" 0 0 403.110632
"269" 0 0 389.136520249999
"270" 0 0 481.087900249999
"271" 0 0 465.3236965
"272" 0 0 258.494114249999
"273" 0 0 522.153178
"274" 0 0 608.926276249998
"275" 0 0 556.220130499997
"276" 0 0 420.787860999996
"277" 0 0 301.623582249998
"278" 0 0 975.7384705
"279" 0 0 269.239777000001
"280" 0 0 341.02226
"281" 0 0 423.255732999998
"282" 0 0 371.355156250003
"283" 0 0 587.008456250003
"284" 0 0 1618.4419645
"285" 0 0 380.390504
"286" 0 0 929.164174249997
"287" 0 0 228.613086500002
"288" 0 0 534.299494500003
"289" 0 0 420.134402000004
"290" 0 0 292.464930500001
"291" 0 0 81.2100265000006
"292" 0 0 184.261280500001
"293" 0 0 194.801596250001
"294" 0 0 583.513183249997
"295" 0 0 568.380010249999
"296" 1 119.424402499999 124.382664819129
"297" 1 142.760546 155.015805719698
"298" 1 145.793234000001 148.426113368613
"299" 1 159.7785625 162.979677626224
"300" 1 200.181390499998 302.50915933037
"301" 1 223.90413125 371.898112156467
"302" 1 235.082068999999 238.765973197091
"303" 1 252.876146000001 311.740648208011
"304" 1 267.958416499999 293.035035089205
"305" 1 289.018730499998 471.362276666459
"306" 1 289.387192249999 318.975025038979
"307" 1 298.806836499999 345.393002624529
"308" 1 299.926658250004 322.743667476097
"309" 1 300.871219999999 325.907224177966
"310" 1 308.11132125 310.778459386238
"311" 1 313.607640249999 338.868738156081
"312" 1 316.491272499999 359.602928449152
"313" 1 321.435809 442.190622290745
"314" 1 324.06082825 334.00857264941
"315" 1 336.032362250003 435.324592226707
"316" 1 336.75213725 435.195002599416
"317" 1 343.95992725 371.217412870451
"318" 1 354.046568 455.650950116002
"319" 1 354.413905000001 564.330538744673
"320" 1 358.971020499997 515.056268559132
"321" 1 366.6089305 371.592437027454
"322" 1 367.407655249999 367.419223316423
"323" 1 367.628496500002 375.075564465317
"324" 1 368.398702250002 371.598064034303
"325" 1 369.603970249999 462.016116416205
"326" 1 372.7159045 383.87728801626
"327" 1 390.34589525 451.828109075961
"328" 1 391.425927999999 406.204144640857
"329" 1 399.008562500003 522.363725809728
"330" 1 400.13435125 425.584716397918
"331" 1 409.583200999999 760.082084217355
"332" 1 413.857186250001 427.886211403319
"333" 1 413.868103999999 416.501130801597
"334" 1 416.409139250001 422.612136831912
"335" 1 421.094101249997 421.097059457876
"336" 1 422.959482250001 463.254179611435
"337" 1 424.864381249999 759.337768314879
"338" 1 436.465542249998 486.626200142725
"339" 1 437.377266249998 561.726023500077
"340" 1 438.657849249997 806.987602778045
"341" 1 440.22012625 443.296914471969
"342" 1 442.887115249998 459.072071881673
"343" 1 445.224781 872.811523048765
"344" 1 452.8235065 511.120151771277
"345" 1 454.766377250003 600.607763810557
"346" 1 456.180004999997 485.756170069883
"347" 1 456.255209249999 535.860601553705
"348" 1 456.848551999996 800.193275991651
"349" 1 460.868307249999 597.38307554771
"350" 1 461.075848249999 511.630806492142
"351" 1 465.93087125 516.380541389069
"352" 1 479.57323525 624.656415956126
"353" 1 483.45343225 591.783048993277
"354" 1 484.810126250002 487.573814855299
"355" 1 485.46096125 590.741482400383
"356" 1 490.410072500002 593.559795024026
"357" 1 490.851062500002 664.367962407549
"358" 1 493.253402500001 562.627512566005
"359" 1 494.857228500003 580.888510588354
"360" 1 501.625458250001 537.467914444625
"361" 1 502.5124625 608.788792397957
"362" 1 508.181326249999 882.897901417087
"363" 1 509.08147425 513.80841637058
"364" 1 509.887857249999 563.587989095461
"365" 1 510.109602250004 663.119949779126
"366" 1 510.52380425 544.126109077673
"367" 1 514.236337249997 599.435701301389
"368" 1 517.847234000001 581.359271782592
"369" 1 523.277396499996 986.953636504306
"370" 1 525.058936250001 540.555774680548
"371" 1 530.3163125 556.777554388675
"372" 1 536.108241250002 1511.72571154758
"373" 1 543.78874225 600.336629014153
"374" 1 544.67530325 654.730453108647
"375" 1 546.85513325 694.80917076838
"376" 1 553.950793249998 637.94462658867
"377" 1 560.305489249999 575.760006709679
"378" 1 560.723015249999 1242.74760145676
"379" 1 563.476909250002 818.381021876198
"380" 1 564.273569 1062.33254034376
"381" 1 566.049922249996 566.398648080295
"382" 1 567.01496525 643.555397925515
"383" 1 567.2029645 674.039219920512
"384" 1 568.37303225 632.587008119253
"385" 1 569.76691625 624.375325295065
"386" 1 573.2997925 661.03692902967
"387" 1 575.786667249995 667.14846138083
"388" 1 577.0912765 645.214887314532
"389" 1 577.532586249999 753.162876183114
"390" 1 578.598792499993 737.419023528483
"391" 1 581.460076249997 1370.2297921514
"392" 1 581.943174249998 723.816950204766
"393" 1 583.247632500001 948.182547640702
"394" 1 584.334741250003 592.005083124743
"395" 1 584.833081999999 622.021027729646
"396" 1 585.329712499996 649.015763787413
"397" 1 588.222210249999 603.082560179666
"398" 1 593.811921250001 761.684932361285
"399" 1 597.865329999997 735.364779001673
"400" 1 600.354062499998 751.727062735206
"401" 1 602.788157 1077.4228905238
"402" 1 605.015296000003 948.51266886397
"403" 1 612.7762625 854.856841523856
"404" 1 613.345605250001 632.119052536684
"405" 1 614.704724999998 1166.15769702215
"406" 1 615.045530500001 854.778448172381
"407" 1 623.335026249998 656.05448931993
"408" 1 623.799968499996 980.301409452386
"409" 1 624.116127999998 638.356304258062
"410" 1 624.4416425 1043.22410727263
"411" 1 625.044638499997 797.796539893853
"412" 1 626.161381250003 1532.75401432443
"413" 1 626.411216250001 1532.27738137752
"414" 1 631.307290249999 1138.64621395741
"415" 1 635.977138250003 1305.05392085026
"416" 1 637.838854249998 868.838994475382
"417" 1 638.1709525 704.916360581313
"418" 1 638.808514000002 783.677037458431
"419" 1 643.986005000001 1486.37487109806
"420" 1 645.901346250002 780.283085929171
"421" 1 647.642884250002 1082.5723668029
"422" 1 648.825134500001 930.924475782857
"423" 1 654.122581249998 747.444570930968
"424" 1 655.237129999999 1335.67971501046
"425" 1 656.9003005 911.963730140085
"426" 1 659.772625249997 1121.12563957228
"427" 1 661.549369 687.263492718582
"428" 1 661.60722125 662.369647033657
"429" 1 661.767972499999 1251.40538283268
"430" 1 662.100124500003 786.60501973936
"431" 1 663.310159250001 1172.84295301528
"432" 1 666.619051249997 1207.02856279635
"433" 1 669.286674500004 1075.98316491252
"434" 1 677.695329999998 894.306773124446
"435" 1 678.202117000002 771.114740468993
"436" 1 680.856291249996 804.218664669841
"437" 1 680.996991999997 1193.57271794327
"438" 1 681.870388249999 699.31421983081
"439" 1 682.439062250001 928.067038078344
"440" 1 682.518411249997 747.598062434236
"441" 1 685.35468125 690.700426985617
"442" 1 685.421733250002 1092.96402943539
"443" 1 686.72129 1020.13878265333
"444" 1 687.174000499999 927.76828653845
"445" 1 688.860624999997 1110.14387262182
"446" 1 690.293839999999 878.903584450233
"447" 1 691.55281 797.585170738645
"448" 1 697.061136250006 891.218717421173
"449" 1 698.578152499999 746.777007846791
"450" 1 701.516633000006 1030.58477447983
"451" 1 701.59408925 1138.66627627734
"452" 1 704.287332999997 713.436391676643
"453" 1 707.041881250003 707.562725427887
"454" 1 707.634414250002 712.453040080573
"455" 1 709.358616499996 779.778333630818
"456" 1 710.811114499999 750.56110825352
"457" 1 711.435588999997 1563.10868485222
"458" 1 712.162752499998 775.115078555788
"459" 1 712.666974500004 775.886257588034
"460" 1 717.401512250002 733.783631929682
"461" 1 718.434363249999 780.697784604186
"462" 1 721.296265000002 740.477398050056
"463" 1 721.890313250002 723.991676001147
"464" 1 722.978389250001 782.157966071322
"465" 1 726.209590500001 741.383160577331
"466" 1 726.906448 758.979148150874
"467" 1 727.551451250002 1112.15154005337
"468" 1 727.865079249999 741.55967657581
"469" 1 729.683961250002 894.464850924137
"470" 1 731.395325 833.655462137915
"471" 1 734.90584625 821.345930618782
"472" 1 735.157677250002 1281.90450482515
"473" 1 735.759136249994 881.21681387204
"474" 1 736.649481250002 1024.61871611953
"475" 1 737.969866249998 759.944226908024
"476" 1 738.097448499999 1398.13411557785
"477" 1 740.577032499997 869.321465127542
"478" 1 740.604622250003 887.760441371552
"479" 1 743.093808249998 764.998943656773
"480" 1 746.402233249998 1220.96593377489
"481" 1 747.906367250001 756.439404698164
"482" 1 750.417923249996 752.947155291644
"483" 1 751.005699999999 826.115623564964
"484" 1 751.55779925 1317.7472761873
"485" 1 753.331188999996 876.777528828634
"486" 1 754.442154500005 2258.17275290269
"487" 1 755.760441250002 908.002077554345
"488" 1 757.694954250001 1586.24917239712
"489" 1 759.462106499998 1225.30294011699
"490" 1 761.192230250001 816.05937350183
"491" 1 762.470378499999 763.86628555874
"492" 1 762.599625250004 807.556516762968
"493" 1 763.469248999998 1074.71262092142
"494" 1 765.848059250002 850.688378942425
"495" 1 768.252631250002 1163.18994847608
"496" 1 768.410995250001 861.869290896999
"497" 1 768.546117249999 1937.8737785256
"498" 1 768.849886249998 804.55201087722
"499" 1 769.43693525 2145.46858366961
"500" 1 772.703165000003 984.017470357661
"501" 1 773.552432500001 931.397536664817
"502" 1 775.748749250001 853.459157136234
"503" 1 781.788912249998 783.353634077883
"504" 1 783.167174500003 790.105482232296
"505" 1 785.807740250001 789.576836574012
"506" 1 787.912570250002 806.953956054687
"507" 1 788.595394499994 1033.13214176788
"508" 1 795.551736999998 825.606217664829
"509" 1 795.60996125 1076.84987328811
"510" 1 796.951542500002 1028.81631226625
"511" 1 798.89945225 845.795835106299
"512" 1 800.554083249997 803.339735650994
"513" 1 801.633393999999 1094.93934776167
"514" 1 805.046229249999 853.261139351438
"515" 1 805.2102305 805.214476910746
"516" 1 807.632252999999 1240.96417981037
"517" 1 813.099726499998 905.329274971945
"518" 1 816.817143250005 1687.68674136402
"519" 1 817.562125 1075.10403865756
"520" 1 818.090324999998 880.90639518269
"521" 1 820.976326249996 915.605673859942
"522" 1 829.662133249997 924.330563555205
"523" 1 833.483937250001 1225.78117185404
"524" 1 835.375596250001 838.997884362791
"525" 1 839.163469249992 934.917351527102
"526" 1 840.371257999996 1076.36907096399
"527" 1 841.235105000002 1043.76219010682
"528" 1 842.563171250003 857.725849590566
"529" 1 849.649476249998 908.868284578738
"530" 1 849.742896499998 873.158192800065
"531" 1 850.713624500001 1077.25171961076
"532" 1 854.170386250001 1542.65672907738
"533" 1 856.593286250004 950.226214625314
"534" 1 857.557548499996 1021.22836981721
"535" 1 859.06912625 978.710607596999
"536" 1 866.637568999998 866.691497759818
"537" 1 867.2222425 893.606784716402
"538" 1 869.99963125 1190.07793803228
"539" 1 871.86792725 953.312795865292
"540" 1 873.041572000003 1076.49962527292
"541" 1 882.60534125 896.796442466104
"542" 1 882.998358250001 908.739903390742
"543" 1 888.37312525 891.281309623403
"544" 1 891.908750499996 910.037731624909
"545" 1 892.46470325 1014.03843598576
"546" 1 895.74525625 910.688295280105
"547" 1 896.064528499999 1149.96098428124
"548" 1 899.992998499998 1470.79776351285
"549" 1 900.639958250001 972.478751418627
"550" 1 901.01004325 908.997723450868
"551" 1 902.52271625 1129.32439838366
"552" 1 902.840252499999 903.561989405695
"553" 1 905.348941250003 1036.00102315917
"554" 1 906.510791249998 957.825188809028
"555" 1 910.10022725 1056.88456875715
"556" 1 910.988676000001 928.55839069904
"557" 1 914.445954500004 914.459308199298
"558" 1 914.4573685 999.186982937437
"559" 1 915.332562500001 934.199166150815
"560" 1 915.697034499998 1016.72792918607
"561" 1 922.791682000001 928.682467334426
"562" 1 925.417531249998 1026.65073871449
"563" 1 927.405648999998 985.386071856483
"564" 1 931.1943365 964.504625360279
"565" 1 933.509473000002 1141.56589744919
"566" 1 934.263577 974.067139184601
"567" 1 935.4538225 1157.10303702169
"568" 1 936.975332500002 1032.59163189766
"569" 1 939.068312499997 954.401017898964
"570" 1 939.450782499995 947.79234007021
"571" 1 939.872712999998 1094.17812200941
"572" 1 944.974058500001 1550.87373109493
"573" 1 947.539174499999 1262.95987153596
"574" 1 948.49664125 1021.46932526122
"575" 1 949.357120499994 952.142881099499
"576" 1 954.950271250001 1129.55521977883
"577" 1 955.436168 1018.94945156289
"578" 1 958.748227999998 958.981708700261
"579" 1 966.474930499999 1014.28763139744
"580" 1 967.944006249997 980.851005686276
"581" 1 968.238805 1131.10738880082
"582" 1 968.870282000002 1072.66869862597
"583" 1 973.718502249999 991.546360164809
"584" 1 975.963804999998 1839.58813189807
"585" 1 976.244916250001 986.374788899181
"586" 1 984.463891999996 1112.26426187037
"587" 1 987.817469000002 1015.19961263663
"588" 1 989.010960500002 1079.45877862499
"589" 1 995.331626 995.94628729837
"590" 1 999.57717625 1011.45030823262
"591" 1 999.578290000002 1049.35450573703
"592" 1 1000.88213 1195.06821557993
"593" 1 1002.75367725 1036.06701469476
"594" 1 1003.341321 1287.61447023986
"595" 1 1006.07654225 2110.3611685279
"596" 1 1008.45260525 1052.91328167187
"597" 1 1013.64239925 1015.49928088479
"598" 1 1013.661721 1027.21775564621
"599" 1 1016.58660625 1381.07834601075
"600" 1 1021.78148125 1696.80220159253
"601" 1 1024.78253125 1144.70161453091
"602" 1 1028.63475625 1073.80326699883
"603" 1 1029.48400125 1631.86603365748
"604" 1 1036.82451725 1207.70527961343
"605" 1 1041.42096125 1120.79158998641
"606" 1 1042.5605065 1286.88606898948
"607" 1 1047.04203125 1087.49032795911
"608" 1 1049.133325 1371.25305712367
"609" 1 1053.76845600001 1087.45477584553
"610" 1 1061.50629325 1455.44029714944
"611" 1 1063.135705 1070.68014560344
"612" 1 1069.158325 1281.27026825163
"613" 1 1070.04443825 1811.26536529905
"614" 1 1071.34974125 1164.4362613397
"615" 1 1075.79489425 1084.55494874758
"616" 1 1080.24617425 1080.49303324553
"617" 1 1091.410561 1303.60779163102
"618" 1 1101.62791525 1411.62429300184
"619" 1 1109.450941 1128.55977932582
"620" 1 1113.255845 1153.89938913784
"621" 1 1114.06426025 1114.28892779569
"622" 1 1114.250245 1115.97522067652
"623" 1 1116.3992725 1149.55457760922
"624" 1 1117.07014725 1981.04856329778
"625" 1 1120.751626 1418.70897073124
"626" 1 1122.49411625 1391.83051997412
"627" 1 1123.72498025001 1250.04661269887
"628" 1 1133.606682 2227.40014188856
"629" 1 1134.01400825 1196.55001214786
"630" 1 1137.55118425 1601.26669751896
"631" 1 1137.58416 1224.34669143497
"632" 1 1140.35277425 1223.72644137682
"633" 1 1142.491325 1382.74502635827
"634" 1 1142.9840825 1146.99833654362
"635" 1 1145.50785125 1160.10443305919
"636" 1 1153.63022125001 1169.79592762203
"637" 1 1165.4631365 1168.57428447954
"638" 1 1169.223274 1221.27024471829
"639" 1 1176.6240725 1354.17318281835
"640" 1 1180.29685 1405.45184734346
"641" 1 1181.29593825 1779.11598378953
"642" 1 1188.3261325 1331.93633454409
"643" 1 1188.68530325 1218.71993414035
"644" 1 1194.25010450001 1194.59726094112
"645" 1 1203.169669 1361.54299498644
"646" 1 1209.95843125 1287.28086479413
"647" 1 1219.21269725 1295.21367885572
"648" 1 1222.448197 1223.7860717003
"649" 1 1229.210216 1952.46706812296
"650" 1 1232.0613125 1509.77395796986
"651" 1 1242.634016 1336.21055076503
"652" 1 1246.981124 1247.05953080522
"653" 1 1253.82293125 1368.02306643101
"654" 1 1263.54689225 1506.66150272722
"655" 1 1279.9995665 1333.67491339795
"656" 1 1306.91225825 1323.24339797844
"657" 1 1309.500274 1313.58526709295
"658" 1 1316.34026 1432.28765799244
"659" 1 1317.561985 1375.42502267612
"660" 1 1318.185698 1339.81069286947
"661" 1 1321.32729925 1366.31708778546
"662" 1 1327.1576765 1779.90015620994
"663" 1 1329.988837 1349.94757122426
"664" 1 1351.6113605 1351.95543424044
"665" 1 1363.965444 1365.27673195225
"666" 1 1368.70565800001 1748.51947440283
"667" 1 1369.34792824999 1567.59619123523
"668" 1 1370.7587045 1382.66985092337
"669" 1 1379.16677125 1544.11597913584
"670" 1 1387.27554325 1578.74016268488
"671" 1 1397.433497 1468.18412370569
"672" 1 1398.96454924999 1420.09254764881
"673" 1 1407.11610100001 1772.31051638396
"674" 1 1413.346064 1415.91778705893
"675" 1 1416.2220425 1430.04955076407
"676" 1 1442.48528125 1579.14996663133
"677" 1 1447.3326205 1525.25066793442
"678" 1 1452.11118025 1495.24903300957
"679" 1 1464.94673000001 1544.80341182712
"680" 1 1476.96975625 1484.21822527075
"681" 1 1484.130218 1510.76415175673
"682" 1 1491.86978125 1855.19099648054
"683" 1 1499.44290625 2181.87987985992
"684" 1 1499.6861945 1653.37404173221
"685" 1 1505.705645 1619.09163371611
"686" 1 1505.800585 1528.67105172691
"687" 1 1505.81020825001 1524.28448846125
"688" 1 1510.2902565 1701.64559744971
"689" 1 1514.1933225 1614.79270838512
"690" 1 1514.60026425 1519.25774562189
"691" 1 1525.6122305 1578.61429459863
"692" 1 1542.412042 1730.80515989145
"693" 1 1575.48743125 1596.15939876435
"694" 1 1597.8793025 1885.31795656979
"695" 1 1621.18457525 1631.33612249202
"696" 1 1622.806585 2150.77191070049
"697" 1 1630.987381 1855.09302904851
"698" 1 1647.58385025 1699.77097235359
"699" 1 1673.565066 1763.1562707051
"700" 1 1718.548229 1725.28233943385
"701" 1 1718.65541425 1890.80155369149
"702" 1 1745.6498365 1747.60357018498
"703" 1 1911.25015625 1911.78556032865
"704" 1 1913.62922 1913.63092657045
"705" 1 1937.29794625 2054.45385864435
"706" 1 1987.29558425 2419.60260800055
"707" 1 2038.6809965 2318.43441723212
"708" 1 2070.5598905 2070.63131435177
"709" 1 2715.20146924999 2765.71814744129
