"dimension" "Birth" "Death"
"1" 0 0 Inf
"2" 0 0 544.327006249999
"3" 0 0 180.973440499998
"4" 0 0 266.045969249999
"5" 0 0 421.495251999997
"6" 0 0 497.835233999999
"7" 0 0 439.892041000003
"8" 0 0 424.966367250003
"9" 0 0 468.982400000002
"10" 0 0 372.56800725
"11" 0 0 381.61203725
"12" 0 0 314.529401249999
"13" 0 0 318.101912500001
"14" 0 0 422.69126125
"15" 0 0 329.966980000002
"16" 0 0 277.036369249999
"17" 0 0 350.23845025
"18" 0 0 483.024080499995
"19" 0 0 153.603081999999
"20" 0 0 381.89001925
"21" 0 0 489.523396499999
"22" 0 0 513.679646500005
"23" 0 0 430.4957425
"24" 0 0 271.787363999999
"25" 0 0 675.364801250002
"26" 0 0 252.80707325
"27" 0 0 135.41207725
"28" 0 0 141.45316
"29" 0 0 441.920907249999
"30" 0 0 516.950364999998
"31" 0 0 292.395543249999
"32" 0 0 321.575041249999
"33" 0 0 386.319280999994
"34" 0 0 311.621722249999
"35" 0 0 458.74613725
"36" 0 0 174.280212000001
"37" 0 0 436.606140999997
"38" 0 0 252.945492499999
"39" 0 0 238.089062500001
"40" 0 0 271.030324
"41" 0 0 568.514131249999
"42" 0 0 135.134775249999
"43" 0 0 288.571482000001
"44" 0 0 182.05936025
"45" 0 0 460.270046250004
"46" 0 0 159.888090249999
"47" 0 0 67.4823282500004
"48" 0 0 31.4730980000004
"49" 0 0 395.214548499999
"50" 0 0 196.520970499999
"51" 0 0 457.220545
"52" 0 0 112.0765025
"53" 0 0 406.046104250001
"54" 0 0 353.55255525
"55" 0 0 344.082285000002
"56" 0 0 226.089461000001
"57" 0 0 90.9307202500003
"58" 0 0 213.634345250001
"59" 0 0 377.17953125
"60" 0 0 375.855974499998
"61" 0 0 598.857901
"62" 0 0 409.845732500001
"63" 0 0 358.543242499999
"64" 0 0 518.357830250002
"65" 0 0 368.7910825
"66" 0 0 400.429127249999
"67" 0 0 225.3215925
"68" 0 0 194.347542499998
"69" 0 0 378.5364925
"70" 0 0 234.2246005
"71" 0 0 394.614056000002
"72" 0 0 413.865381250002
"73" 0 0 383.008544500003
"74" 0 0 180.54497725
"75" 0 0 358.698406250002
"76" 0 0 104.57569625
"77" 0 0 275.70324325
"78" 0 0 399.01535125
"79" 0 0 216.502192250001
"80" 0 0 599.439002500003
"81" 0 0 368.524887249999
"82" 0 0 356.978224249999
"83" 0 0 424.903192250004
"84" 0 0 403.350660499998
"85" 0 0 832.7613625
"86" 0 0 205.677551249999
"87" 0 0 257.296728250002
"88" 0 0 424.596723249998
"89" 0 0 329.452564249999
"90" 0 0 229.008548249998
"91" 0 0 205.11676925
"92" 0 0 415.948396249997
"93" 0 0 492.07611125
"94" 0 0 126.566183249999
"95" 0 0 307.67351625
"96" 0 0 392.992427250001
"97" 0 0 418.409070249999
"98" 0 0 402.453721000001
"99" 0 0 360.48493
"100" 0 0 283.819146499998
"101" 0 0 472.26257825
"102" 0 0 165.890452249999
"103" 0 0 335.934187249999
"104" 0 0 337.161951250002
"105" 0 0 298.480967999999
"106" 0 0 426.16646225
"107" 0 0 197.600076250001
"108" 0 0 477.904056500001
"109" 0 0 523.019410000002
"110" 0 0 360.401060499999
"111" 0 0 390.302729999998
"112" 0 0 348.160569250001
"113" 0 0 294.227732250001
"114" 0 0 338.76126225
"115" 0 0 300.976153999998
"116" 0 0 308.88317425
"117" 0 0 339.877578499999
"118" 0 0 232.288726250001
"119" 0 0 361.928214500004
"120" 0 0 416.272284250001
"121" 0 0 255.91028125
"122" 0 0 351.067718499999
"123" 0 0 611.764276000003
"124" 0 0 333.492286249999
"125" 0 0 277.569506
"126" 0 0 281.5412
"127" 0 0 206.25506425
"128" 0 0 237.730352500002
"129" 0 0 267.278755249999
"130" 0 0 142.026150499998
"131" 0 0 194.841562500002
"132" 0 0 215.956510250001
"133" 0 0 271.270308999999
"134" 0 0 249.926373
"135" 0 0 249.8995925
"136" 0 0 240.13330625
"137" 0 0 186.585795249999
"138" 0 0 460.30195025
"139" 0 0 200.905806249999
"140" 0 0 241.86745225
"141" 0 0 248.046768999999
"142" 0 0 319.267046500001
"143" 0 0 356.099160499998
"144" 0 0 597.440746250001
"145" 0 0 398.284671250002
"146" 0 0 248.30708225
"147" 0 0 395.955291249999
"148" 0 0 566.458816499999
"149" 0 0 526.956125000001
"150" 0 0 145.332904249999
"151" 0 0 127.4318145
"152" 0 0 299.5567165
"153" 0 0 460.815926499999
"154" 0 0 275.596692500001
"155" 0 0 213.039732250002
"156" 0 0 515.252672499999
"157" 0 0 357.9864425
"158" 0 0 427.317087250001
"159" 0 0 497.72304
"160" 0 0 243.218462499999
"161" 0 0 398.138476250001
"162" 0 0 358.911569
"163" 0 0 340.770576250002
"164" 0 0 173.131688000001
"165" 0 0 276.432271250001
"166" 0 0 243.1028205
"167" 0 0 288.44772625
"168" 0 0 314.90477
"169" 0 0 211.416842499998
"170" 0 0 279.685406249999
"171" 0 0 116.55192625
"172" 0 0 290.846416250002
"173" 0 0 585.079563249997
"174" 0 0 302.844445250001
"175" 0 0 271.3509965
"176" 0 0 308.10138125
"177" 0 0 482.675100500001
"178" 0 0 373.214452
"179" 0 0 991.325500249996
"180" 0 0 388.082788249999
"181" 0 0 541.674319250001
"182" 0 0 224.232550249997
"183" 0 0 226.21515625
"184" 0 0 334.226290000003
"185" 0 0 198.218724249998
"186" 0 0 190.02494925
"187" 0 0 617.401902499997
"188" 0 0 523.72681225
"189" 0 0 306.669948499997
"190" 0 0 374.6384865
"191" 1 217.0909105 262.839457342265
"192" 1 217.121670249999 222.907425818331
"193" 1 230.43580325 237.106958268807
"194" 1 267.464191249999 268.967461815177
"195" 1 303.117178500001 349.580050099947
"196" 1 309.687237 439.802998520264
"197" 1 318.47856025 354.948155175722
"198" 1 342.689829250001 369.633726233194
"199" 1 347.637691249999 507.739536538357
"200" 1 363.028911249999 414.601414984501
"201" 1 365.457722500002 798.39500720656
"202" 1 366.427728499998 571.756080880561
"203" 1 373.182527250001 392.864833027115
"204" 1 378.875680000001 607.344182410451
"205" 1 386.668431249999 445.31023712291
"206" 1 391.289820499999 416.470796504567
"207" 1 395.404525000004 631.951131213017
"208" 1 397.27307525 422.360817171955
"209" 1 400.310009999999 400.664513009742
"210" 1 403.031966499995 536.913442875937
"211" 1 404.988798250004 943.563099357243
"212" 1 405.031100499996 523.227199869955
"213" 1 406.092719249999 518.890911478093
"214" 1 406.706275999998 406.746557632577
"215" 1 414.684352999999 655.598383229305
"216" 1 423.34202725 424.053210887325
"217" 1 423.460057249997 618.199998528501
"218" 1 425.0559725 475.026223904021
"219" 1 425.955781250003 630.957927435654
"220" 1 426.20581525 463.093677161062
"221" 1 429.165960499998 443.647932026436
"222" 1 430.234920000002 506.380705531485
"223" 1 433.410954250001 439.442451941719
"224" 1 435.70085 556.911468862025
"225" 1 443.084329 1212.01542408781
"226" 1 443.335202499999 471.297770339596
"227" 1 443.73518725 494.943704043547
"228" 1 446.750724999995 799.820086671052
"229" 1 449.092986500001 545.004772098218
"230" 1 449.805126250003 875.128330940552
"231" 1 453.378193999998 1009.9442451601
"232" 1 458.462468250002 602.495309481924
"233" 1 458.583320500001 799.625031082212
"234" 1 463.346641000001 531.942405448782
"235" 1 466.663417999998 590.267456797693
"236" 1 466.847976249999 609.128241374144
"237" 1 466.98452825 547.689504389959
"238" 1 469.021717 569.655098176938
"239" 1 475.620473249999 837.274825242949
"240" 1 476.50378625 790.472625999841
"241" 1 476.99520625 746.226868479569
"242" 1 477.91296725 903.137875626717
"243" 1 479.131178499999 984.989291152295
"244" 1 481.232245249998 691.966470256107
"245" 1 483.339829250001 580.224094821382
"246" 1 484.238186500001 484.284700156089
"247" 1 484.249068999997 939.113281050485
"248" 1 484.778053249999 617.395243388492
"249" 1 485.704426500001 537.840262966758
"250" 1 486.462908499999 599.318173251526
"251" 1 489.15777625 555.71159726259
"252" 1 490.645789000001 554.502407422867
"253" 1 491.943794000002 746.434289678004
"254" 1 499.508740249999 513.95112303333
"255" 1 503.470006250001 1277.99289406535
"256" 1 504.003424250001 597.791484827648
"257" 1 505.903005250005 592.484773733648
"258" 1 507.394285 587.752744012685
"259" 1 512.051152000003 523.726902016457
"260" 1 518.19633125 583.41050836516
"261" 1 520.129675250003 796.268657420619
"262" 1 523.0367545 977.414495918467
"263" 1 523.774460500001 589.493659984209
"264" 1 525.55338425 529.609294519595
"265" 1 526.092828999998 879.703815456012
"266" 1 526.266451250001 572.250197170713
"267" 1 527.092770499999 894.959146765723
"268" 1 531.33790625 541.127622480379
"269" 1 531.81173125 546.447612186675
"270" 1 534.34122725 671.654233077939
"271" 1 536.263396249999 536.459636277487
"272" 1 536.7681965 1037.62814850695
"273" 1 538.28573 1037.48584613081
"274" 1 539.909922499999 806.878841722672
"275" 1 540.428121249998 763.756026380189
"276" 1 543.606242499998 646.206929684133
"277" 1 544.00867225 607.447661635493
"278" 1 544.793319999997 745.281056337924
"279" 1 545.678628999999 709.272687078508
"280" 1 550.655557250002 827.569869480828
"281" 1 552.740169250003 587.44712159106
"282" 1 553.297638500002 699.101463177416
"283" 1 554.627073999999 632.77849293305
"284" 1 555.856445000004 558.576312801994
"285" 1 557.669058250004 610.104413780981
"286" 1 559.924040250003 720.773818504081
"287" 1 562.272669249997 729.109331649444
"288" 1 563.343678500007 681.601091189402
"289" 1 563.59260225 611.656164434208
"290" 1 565.68491425 610.10818504763
"291" 1 568.030066249997 619.135939980301
"292" 1 568.288611999997 571.028438697885
"293" 1 570.618518500001 608.06990224124
"294" 1 570.68313125 919.19586364422
"295" 1 573.71850125 681.480751377681
"296" 1 574.802714249999 601.309486680311
"297" 1 575.152024499998 654.932173627789
"298" 1 577.018496500004 649.364087554488
"299" 1 577.737456249998 613.312541679221
"300" 1 581.199026000003 1035.09660573969
"301" 1 581.53595125 599.648226425023
"302" 1 583.355552 640.348941989415
"303" 1 590.493063250002 1090.39437163763
"304" 1 591.531337 595.444273767314
"305" 1 591.787249999999 834.121388704692
"306" 1 592.988105249997 886.704256543755
"307" 1 594.111973250001 620.377496420522
"308" 1 599.283747249998 725.202073638642
"309" 1 601.258378499999 793.27234284921
"310" 1 601.635292250001 667.000184712608
"311" 1 602.916977 709.288698544187
"312" 1 604.751658249998 922.879442141001
"313" 1 604.786492249997 621.623418985733
"314" 1 605.630766249999 606.102266475785
"315" 1 609.469833999999 609.833895369511
"316" 1 613.288322000001 1446.6526310976
"317" 1 613.478662249998 613.653345951443
"318" 1 614.832177250003 1059.76104054423
"319" 1 617.105056250004 977.850057250565
"320" 1 617.456596249999 690.681849753686
"321" 1 618.36037325 1201.28992756562
"322" 1 620.009480000002 690.767702615788
"323" 1 620.180282249998 851.721513976811
"324" 1 622.4718985 658.191535323464
"325" 1 622.568382500002 1244.84989687269
"326" 1 625.3328845 686.138417583524
"327" 1 630.049854249998 639.418663261546
"328" 1 638.402976249998 781.577336023684
"329" 1 641.047561999999 747.736793633504
"330" 1 643.144730000005 764.332014066886
"331" 1 643.595208999997 942.540164466635
"332" 1 649.40959225 660.543864348771
"333" 1 657.554961999998 679.205913774373
"334" 1 658.705096999998 755.548355867818
"335" 1 660.618209 766.393929760852
"336" 1 662.8733845 826.071589260316
"337" 1 664.818549249998 669.124605295047
"338" 1 665.037267249997 868.106004963632
"339" 1 666.412580500004 735.165700816026
"340" 1 668.150893000001 697.161358136327
"341" 1 668.483860000001 677.360612993741
"342" 1 672.242365 743.132755763349
"343" 1 678.093481000005 719.119642690753
"344" 1 679.742906000001 710.743041021276
"345" 1 680.580930249999 739.0033257418
"346" 1 681.179033000002 710.304169105293
"347" 1 681.987177249999 684.272985986957
"348" 1 682.185706249999 704.240603938037
"349" 1 689.868481250002 807.412717688837
"350" 1 694.264279250001 765.676957313493
"351" 1 694.661402500002 759.322779135789
"352" 1 695.254674249994 925.26675473705
"353" 1 696.971583250001 998.013085864385
"354" 1 701.69207825 765.139937968812
"355" 1 704.425929999998 796.518301838965
"356" 1 706.932492249999 838.943262284744
"357" 1 707.202216499998 1461.67325024789
"358" 1 707.414684500001 880.416570566746
"359" 1 708.368912 821.852441303269
"360" 1 711.780318249998 732.43225299714
"361" 1 715.298230249999 721.934595218083
"362" 1 715.336093000001 721.333929053523
"363" 1 716.281616499998 837.878659000173
"364" 1 717.593887250001 718.647363900322
"365" 1 731.465356249999 732.503804199715
"366" 1 736.694874500003 819.540736520941
"367" 1 737.675584999998 806.944423611436
"368" 1 739.274341000001 744.449660379969
"369" 1 739.375460499999 759.225756214353
"370" 1 740.662328249999 766.208528447952
"371" 1 745.05489125 773.911496509705
"372" 1 748.594407249998 782.5091231842
"373" 1 752.347349 1352.72845221897
"374" 1 753.531932500001 788.661746551514
"375" 1 754.601920249998 755.261352753515
"376" 1 758.636534499999 760.275259952112
"377" 1 760.795690249998 807.962541507458
"378" 1 768.4214525 777.44519472373
"379" 1 772.0959805 808.791483110099
"380" 1 774.041368249998 804.026082025322
"381" 1 774.871032499997 831.826196271785
"382" 1 774.899468500001 1731.82735890043
"383" 1 778.567378250001 788.46529957434
"384" 1 783.19511525 1022.40461966183
"385" 1 786.820746500002 1372.34532292214
"386" 1 786.99321725 871.043467894067
"387" 1 787.729939249998 787.945417587353
"388" 1 793.789888999997 833.464793354939
"389" 1 794.705620249997 795.570542862518
"390" 1 795.190981250001 795.193557046705
"391" 1 796.338712249992 813.67100870029
"392" 1 796.416799999998 833.85360074265
"393" 1 796.942768499998 796.945558008426
"394" 1 797.478697250001 802.045611407334
"395" 1 800.532581000001 1452.05749411351
"396" 1 804.353849000001 850.87932653996
"397" 1 809.713470249996 819.338317714184
"398" 1 812.877106000001 873.442991136984
"399" 1 814.109091250007 924.389181989761
"400" 1 815.706990250001 844.878512301783
"401" 1 818.174050000001 839.150055911785
"402" 1 828.945944500003 1299.66087390844
"403" 1 833.110222499999 876.562333397678
"404" 1 833.165641250003 956.705040495706
"405" 1 849.050680250002 852.793482534437
"406" 1 862.290400500002 1219.48551047415
"407" 1 865.517806250001 865.517935840079
"408" 1 878.510703250005 957.40362664008
"409" 1 879.757352500001 957.690555139575
"410" 1 884.141168500003 972.878158915479
"411" 1 885.480115249998 885.672207329792
"412" 1 897.198526249999 930.991842014627
"413" 1 903.037730499999 932.432763086808
"414" 1 907.9209365 928.515969940021
"415" 1 912.592602499999 937.011302728422
"416" 1 922.323710499998 973.531765821672
"417" 1 931.56692225 980.163917074373
"418" 1 943.762552249997 1285.14492837195
"419" 1 948.606136999999 1262.07580559146
"420" 1 958.535071250001 963.123585226267
"421" 1 966.108420000003 1610.59641523465
"422" 1 977.365408499998 1064.89303313672
"423" 1 978.121991250002 1015.1036515393
"424" 1 986.310156250002 1067.85109730376
"425" 1 997.72520725 1010.7711479553
"426" 1 1003.75551025 1096.42353536038
"427" 1 1008.13885 1188.71444983948
"428" 1 1050.902009 1053.9741950641
"429" 1 1059.20852825 1341.79773811018
"430" 1 1060.0361845 1093.91594762479
"431" 1 1061.7023045 1129.55905955713
"432" 1 1107.31673125 1395.09216550807
"433" 1 1111.30429624999 1112.79137183433
"434" 1 1126.9255045 1143.90378032744
"435" 1 1153.4287805 1332.18935621934
"436" 1 1155.63018125 1423.90398808006
"437" 1 1177.4594725 1208.42359266862
"438" 1 1205.17202650001 1434.04335170917
"439" 1 1227.34260625 1247.12543130206
"440" 1 1228.21083125 1251.60229834327
"441" 1 1281.5453025 1406.35872334037
"442" 1 1283.5719625 1294.14303601663
"443" 1 1300.41972624999 1300.42428089715
"444" 1 1331.50361125 1528.06596405749
"445" 1 1346.8104 1351.45447169025
"446" 1 1361.05345125 1365.4000433798
"447" 1 1364.79721625 1424.08787571788
"448" 1 1381.96956125 1455.06816726193
"449" 1 1496.00825525 1593.86349262458
