"dimension" "Birth" "Death"
"1" 0 0 Inf
"2" 0 0 512.361042499999
"3" 0 0 425.648618000001
"4" 0 0 416.045080250003
"5" 0 0 448.735348000001
"6" 0 0 516.228078499996
"7" 0 0 385.3742225
"8" 0 0 376.60815725
"9" 0 0 359.27397925
"10" 0 0 444.519434499997
"11" 0 0 549.062124999999
"12" 0 0 676.7243125
"13" 0 0 435.3993445
"14" 0 0 389.365652
"15" 0 0 609.731444500005
"16" 0 0 543.571528
"17" 0 0 454.27746625
"18" 0 0 411.842421249998
"19" 0 0 781.113703999999
"20" 0 0 336.4368745
"21" 0 0 333.162360249999
"22" 0 0 696.815632250004
"23" 0 0 398.148802
"24" 0 0 526.450164250005
"25" 0 0 459.271885249997
"26" 0 0 643.2527405
"27" 0 0 729.186289
"28" 0 0 351.41557525
"29" 0 0 460.433193249999
"30" 0 0 513.317882250002
"31" 0 0 556.217392249998
"32" 0 0 645.93762725
"33" 0 0 387.959144499999
"34" 0 0 478.817331250001
"35" 0 0 379.461016249999
"36" 0 0 649.260788500002
"37" 0 0 966.124621249998
"38" 0 0 425.148785999997
"39" 0 0 529.189632250006
"40" 0 0 499.556574499999
"41" 0 0 609.632676499998
"42" 0 0 812.749706000001
"43" 0 0 503.848876249999
"44" 0 0 310.379412499998
"45" 0 0 757.098568999993
"46" 0 0 896.124954499994
"47" 0 0 443.238613250001
"48" 0 0 406.473662250001
"49" 0 0 402.039696250002
"50" 0 0 395.378646499998
"51" 0 0 405.713925000001
"52" 0 0 330.044916499999
"53" 0 0 334.250079249999
"54" 0 0 512.163861250001
"55" 0 0 416.93128
"56" 0 0 412.158696500002
"57" 0 0 890.878458499999
"58" 0 0 245.190480999999
"59" 0 0 434.842993
"60" 0 0 646.111194499998
"61" 0 0 416.023362499999
"62" 0 0 479.10996625
"63" 0 0 508.979425
"64" 0 0 536.963634500002
"65" 0 0 520.037352499998
"66" 0 0 428.927527999999
"67" 0 0 555.179437250001
"68" 0 0 282.666946250001
"69" 0 0 243.667998249999
"70" 0 0 359.135541
"71" 0 0 334.42741325
"72" 0 0 348.37461125
"73" 0 0 246.02656625
"74" 0 0 361.321956000002
"75" 0 0 452.576297000001
"76" 0 0 361.645464999998
"77" 0 0 710.107635250001
"78" 0 0 988.101121249998
"79" 0 0 373.9198825
"80" 0 0 405.148808000001
"81" 0 0 300.87642325
"82" 0 0 596.48404225
"83" 0 0 251.599325000001
"84" 0 0 487.917556250002
"85" 0 0 157.080464000001
"86" 0 0 586.734257249999
"87" 0 0 449.73056825
"88" 0 0 245.192016249998
"89" 0 0 608.118050249996
"90" 0 0 465.764240500001
"91" 0 0 228.14586925
"92" 0 0 344.406834249999
"93" 0 0 504.578576000001
"94" 0 0 573.370111249999
"95" 0 0 443.137345249999
"96" 0 0 819.6169325
"97" 0 0 235.4736925
"98" 0 0 311.282035250002
"99" 0 0 688.440739999999
"100" 0 0 394.5055525
"101" 0 0 241.331677
"102" 0 0 340.6363625
"103" 0 0 455.331508
"104" 0 0 218.731682
"105" 0 0 909.721423999998
"106" 0 0 196.635058
"107" 0 0 587.904577249996
"108" 0 0 756.21316625
"109" 0 0 317.78162425
"110" 0 0 405.774986500001
"111" 0 0 297.122357249999
"112" 0 0 188.8884125
"113" 0 0 685.545912500001
"114" 0 0 253.571706250001
"115" 0 0 235.5759445
"116" 0 0 402.466441250001
"117" 0 0 335.44377425
"118" 0 0 338.948730500001
"119" 0 0 179.077356249999
"120" 0 0 345.856425999999
"121" 0 0 334.086340250001
"122" 0 0 335.275011250003
"123" 0 0 642.909331250001
"124" 0 0 223.988866
"125" 0 0 201.3429725
"126" 0 0 182.15657
"127" 0 0 374.64225725
"128" 0 0 249.7551745
"129" 0 0 120.5226325
"130" 0 0 835.120801000001
"131" 0 0 392.51675125
"132" 0 0 275.577106249998
"133" 0 0 360.827641249999
"134" 0 0 607.856824999999
"135" 0 0 826.363833250001
"136" 0 0 363.417699999997
"137" 0 0 484.513501249997
"138" 0 0 450.151662500001
"139" 0 0 462.008982249999
"140" 0 0 684.436376499998
"141" 0 0 175.16650625
"142" 0 0 295.431276999999
"143" 0 0 225.39548425
"144" 0 0 703.009322500001
"145" 0 0 340.828915250001
"146" 0 0 721.202425249997
"147" 0 0 484.800592
"148" 0 0 392.384664500002
"149" 0 0 704.96513225
"150" 0 0 875.641540500001
"151" 0 0 371.342984499999
"152" 0 0 445.82175625
"153" 0 0 359.799286249999
"154" 0 0 360.7752145
"155" 0 0 553.044856250001
"156" 0 0 665.000781249999
"157" 0 0 366.79254125
"158" 0 0 309.971072499999
"159" 0 0 292.051809999999
"160" 0 0 288.60257725
"161" 0 0 439.373252249999
"162" 0 0 638.244200500001
"163" 0 0 563.68751825
"164" 0 0 402.597914
"165" 0 0 444.2508065
"166" 0 0 230.44152125
"167" 0 0 343.223482499999
"168" 0 0 342.763392250002
"169" 0 0 262.564
"170" 0 0 297.112302499999
"171" 0 0 876.015276250001
"172" 0 0 648.505526500006
"173" 0 0 325.608136
"174" 0 0 426.278776250001
"175" 0 0 399.722082500003
"176" 0 0 468.567031249998
"177" 0 0 521.032014500003
"178" 0 0 394.411699999999
"179" 0 0 237.034596249996
"180" 0 0 496.482868249997
"181" 0 0 768.517408250001
"182" 0 0 328.001811999999
"183" 0 0 345.70476625
"184" 0 0 244.928909250001
"185" 0 0 897.949074249998
"186" 0 0 337.545336250003
"187" 0 0 397.743990500003
"188" 0 0 557.988929999996
"189" 0 0 445.857165
"190" 0 0 401.931331249999
"191" 1 288.525266499998 390.766399426559
"192" 1 344.302517000001 371.07267082662
"193" 1 393.525331250003 630.968428137039
"194" 1 409.799536249999 513.826290889276
"195" 1 409.977202 681.012107171323
"196" 1 410.139445000001 474.353754909264
"197" 1 410.169469250001 549.174691652226
"198" 1 414.385770250001 423.488991177729
"199" 1 420.4514945 544.974249544765
"200" 1 428.173898500001 431.886005848869
"201" 1 429.684281000001 431.103500242943
"202" 1 431.13643025 464.106771513986
"203" 1 433.1268245 615.36474202071
"204" 1 442.9610765 507.783587466848
"205" 1 449.692993000001 558.023278703431
"206" 1 455.58420625 502.801035842116
"207" 1 456.54478325 748.76362018256
"208" 1 458.77605625 807.296422693914
"209" 1 459.117996999998 606.828138704601
"210" 1 461.187932499998 697.478741888111
"211" 1 464.183191250001 652.014701996578
"212" 1 471.161002000003 527.704511189036
"213" 1 472.938956499999 829.899637848145
"214" 1 476.150802249999 767.753446401391
"215" 1 477.977653249999 891.590203053945
"216" 1 482.28826325 569.571605424034
"217" 1 484.0692025 752.24118681135
"218" 1 484.103421250001 962.584672015517
"219" 1 485.637774250001 633.415234427769
"220" 1 488.65941625 981.933478782039
"221" 1 488.905156250002 629.854060382296
"222" 1 490.549977999999 573.563428782867
"223" 1 493.600122500001 528.59515512403
"224" 1 495.151807250003 597.241824881527
"225" 1 500.30828125 577.653942638527
"226" 1 503.743185249998 516.182243457089
"227" 1 504.145700499999 536.132195649133
"228" 1 505.061669250001 607.129524795904
"229" 1 505.334425000001 634.876820396143
"230" 1 505.887984999999 665.709154122259
"231" 1 506.724733249999 619.078223781456
"232" 1 507.90792825 567.079684150354
"233" 1 507.942021250001 621.54308818817
"234" 1 514.272000249999 589.965805704977
"235" 1 518.291928249998 588.698709231312
"236" 1 520.5151205 531.191795215326
"237" 1 520.525873000001 572.953039291962
"238" 1 521.483500249995 600.622983434073
"239" 1 522.021997249998 714.492667827622
"240" 1 522.46340425 559.398191320865
"241" 1 523.2193825 580.908343946402
"242" 1 523.355270499999 1045.67568065256
"243" 1 524.944926500002 1046.5804953404
"244" 1 529.818780499998 707.616491409599
"245" 1 530.245062250004 540.699149809993
"246" 1 530.513988250005 612.620997490172
"247" 1 531.338753249999 594.374218777269
"248" 1 531.730473249999 629.627740828666
"249" 1 533.235181250001 610.279046733938
"250" 1 533.7041725 651.775491839866
"251" 1 535.827548500002 880.14697624426
"252" 1 537.582746500001 730.910484632777
"253" 1 545.190321249999 616.94251800754
"254" 1 547.709425250004 600.233449814142
"255" 1 554.169001000001 646.092255710321
"256" 1 554.611075249999 598.806718398034
"257" 1 555.185968249999 1069.88225611706
"258" 1 556.176589249998 701.654840675444
"259" 1 556.474401250001 970.753832533708
"260" 1 563.672169999999 898.736074755098
"261" 1 565.496550249999 680.497184037277
"262" 1 566.069908999999 647.301167108744
"263" 1 566.351716250001 858.463937442104
"264" 1 566.727991250001 828.225091979986
"265" 1 570.60260725 626.13906867362
"266" 1 575.098962249999 575.233612201547
"267" 1 575.148422250001 599.357984834803
"268" 1 575.6438785 606.747128296647
"269" 1 576.601901 814.500842410421
"270" 1 578.493435249999 1052.16472959609
"271" 1 579.316530499999 1212.79679091675
"272" 1 581.4438885 993.389681805209
"273" 1 587.20722325 938.959802961813
"274" 1 588.0885265 905.288114786686
"275" 1 588.707268500001 1008.03515351403
"276" 1 589.131060999999 595.525242041776
"277" 1 591.282264500002 672.22607957975
"278" 1 591.407141000002 628.66603892335
"279" 1 592.023854500001 697.093874428246
"280" 1 593.214394249999 595.579032139474
"281" 1 594.0163125 811.997775265915
"282" 1 597.006312249995 668.056467178779
"283" 1 598.341612499999 800.573184864127
"284" 1 604.064200000002 721.247134947514
"285" 1 606.783081999997 1054.22086622522
"286" 1 606.959234500002 877.39849594316
"287" 1 608.758479249998 1147.72863974429
"288" 1 616.208605 629.423890771659
"289" 1 616.629229250001 774.843921259018
"290" 1 620.72582525 724.964640927804
"291" 1 620.8729425 626.180588691483
"292" 1 621.59821425 623.21558258309
"293" 1 622.082185000004 663.657897600707
"294" 1 624.987018499999 720.620206729636
"295" 1 625.722932000001 825.544796856803
"296" 1 630.591601249998 1047.58686977392
"297" 1 632.73485725 695.524756276566
"298" 1 632.755292499997 641.036237009639
"299" 1 635.903430499998 715.49089148928
"300" 1 636.792650000001 854.878580277204
"301" 1 638.7203125 840.312747959144
"302" 1 639.647932499998 985.6721392638
"303" 1 640.348018000003 977.14802699274
"304" 1 644.44528625 673.265768044587
"305" 1 650.008434250003 726.981088782355
"306" 1 653.710244500001 706.258444614519
"307" 1 659.03437125 859.198046236973
"308" 1 662.0065825 1004.96135415395
"309" 1 669.129120499995 682.121669710314
"310" 1 676.966774249998 884.281061123963
"311" 1 681.611856250002 760.936018229864
"312" 1 684.234996249998 720.495118105348
"313" 1 687.171860499999 710.505217062701
"314" 1 688.657352499999 938.48816760993
"315" 1 689.37663125 890.385340928108
"316" 1 694.25468125 1133.73489173388
"317" 1 701.099940500001 808.049990705236
"318" 1 701.356555249999 719.861240348223
"319" 1 705.845681 1252.5014520438
"320" 1 706.39061 985.21528307625
"321" 1 710.321124500003 1217.6866551671
"322" 1 715.595088499996 765.781494211192
"323" 1 721.213546249996 797.628986532555
"324" 1 721.23896825 888.208408801351
"325" 1 724.998382250003 1807.46723415484
"326" 1 729.728425000001 1079.67567986225
"327" 1 733.463573 1118.1714968771
"328" 1 733.880036500001 1309.93051734881
"329" 1 734.275274000002 857.914865438198
"330" 1 738.28754 791.469097131799
"331" 1 741.906714249999 764.9103994902
"332" 1 742.766851249998 876.306728385902
"333" 1 742.804373249997 802.077067285253
"334" 1 743.23017325 785.461156776123
"335" 1 754.7960825 801.742331164626
"336" 1 758.034386499997 1445.39982071587
"337" 1 759.845682249997 848.270409693931
"338" 1 762.162241000003 1082.50308433204
"339" 1 765.202239249998 873.958170358677
"340" 1 772.913694250001 796.167029130258
"341" 1 776.728712500003 778.401935733582
"342" 1 778.245170500001 1133.0780964373
"343" 1 781.122077000002 823.684651634533
"344" 1 783.704164000001 839.231140990239
"345" 1 784.13197 862.626357137135
"346" 1 784.138449999997 825.787063481037
"347" 1 787.482244000001 827.4685888152
"348" 1 789.2203265 873.456813041282
"349" 1 794.423992499999 1080.53862877055
"350" 1 799.955141000001 978.241463459201
"351" 1 801.055673999999 815.909285858567
"352" 1 803.087640999998 1014.48413930631
"353" 1 807.137061250005 1454.90917940731
"354" 1 808.339780000001 1182.70034073613
"355" 1 810.9979865 1627.75690801206
"356" 1 813.38126825 847.523106655039
"357" 1 816.50812525 901.938574729806
"358" 1 816.9848125 987.19169304237
"359" 1 817.086180500005 1376.58108924834
"360" 1 819.143153 1112.77060015407
"361" 1 819.621892 819.622021726622
"362" 1 821.24280025 900.771605925674
"363" 1 823.221914000001 838.328118850681
"364" 1 829.822073000001 894.38145886667
"365" 1 833.163412000002 839.939803352687
"366" 1 834.742405250001 1330.99487215371
"367" 1 835.454743250001 1300.36634723729
"368" 1 835.51190125 849.917880867871
"369" 1 844.3407145 1149.3065479414
"370" 1 845.729210000001 1056.79349044525
"371" 1 846.204084499997 1417.37852385513
"372" 1 846.468373249998 1086.54162666353
"373" 1 846.768846500001 987.893639735135
"374" 1 849.7695445 940.937278590986
"375" 1 852.901584999996 1151.10005860978
"376" 1 853.378924249997 869.238994376834
"377" 1 856.708801000002 1040.28526668719
"378" 1 857.855238499998 949.45035598151
"379" 1 861.167239250003 921.471052739194
"380" 1 864.159402500003 883.919277223666
"381" 1 864.632765 870.644817438025
"382" 1 866.119184500002 950.561745166454
"383" 1 866.206516499999 1325.16959193826
"384" 1 874.2281785 1184.0643398967
"385" 1 875.636274500001 879.748504647676
"386" 1 889.630056500004 901.736313316926
"387" 1 894.195736999998 898.573450141698
"388" 1 894.301022499997 1078.65881687732
"389" 1 894.688713249998 978.748522638536
"390" 1 894.714000500002 1182.25731663637
"391" 1 898.343376999997 1025.44372005935
"392" 1 903.6056725 909.412507787766
"393" 1 905.082693250002 1086.19943396271
"394" 1 907.808088499998 1032.56928601078
"395" 1 910.949016250001 933.467495643219
"396" 1 912.53163125 951.652160341663
"397" 1 912.593026249997 1091.97791585696
"398" 1 917.7724285 1717.58215223705
"399" 1 920.384865249995 1350.93412197699
"400" 1 921.505620500001 928.85866486863
"401" 1 921.918384249998 1259.76644374276
"402" 1 922.276340499999 963.075208995382
"403" 1 923.444355249997 1031.3093108336
"404" 1 934.981044999996 1087.27527323701
"405" 1 938.159185000004 1042.0891877345
"406" 1 938.766932499998 1010.47477652575
"407" 1 948.229977999999 978.785753063113
"408" 1 954.509845250003 1001.98393543988
"409" 1 957.636972499994 1044.42932553353
"410" 1 965.68518425 980.543223739508
"411" 1 968.758121 973.58411856595
"412" 1 970.438405000002 974.794267498426
"413" 1 975.15681625 980.630972465409
"414" 1 979.728245000001 981.951779997459
"415" 1 979.916505250003 1023.64092975223
"416" 1 982.228282249997 1718.31186553466
"417" 1 987.021317249998 1073.71806603593
"418" 1 1003.95617425 1404.63954555594
"419" 1 1005.2676225 1041.38269215051
"420" 1 1010.88771925 1012.90373858427
"421" 1 1011.41837525 1392.56989895637
"422" 1 1024.3468465 1054.72626544186
"423" 1 1024.80676 1245.77853466991
"424" 1 1043.48351125 1076.79896747426
"425" 1 1044.066994 1044.09984332254
"426" 1 1044.30509725001 1044.78186873515
"427" 1 1048.33940725 1138.09829149717
"428" 1 1049.04951925 1049.68527598006
"429" 1 1054.31930825001 1159.60432140712
"430" 1 1056.6263285 1116.2866991347
"431" 1 1057.55265725 1058.67753716782
"432" 1 1064.5398725 1109.93931561702
"433" 1 1070.8031825 1079.1423359916
"434" 1 1074.04717 1336.91426549724
"435" 1 1083.63865 1525.38959950334
"436" 1 1095.16951825 1334.98589943968
"437" 1 1100.67984625 1326.46631813269
"438" 1 1112.76602125 1112.85583921965
"439" 1 1123.83078249999 1261.85571749247
"440" 1 1123.878257 1203.57937961952
"441" 1 1124.4345905 1141.20685641055
"442" 1 1140.20698225 1661.64183276307
"443" 1 1148.827565 1208.90036244527
"444" 1 1153.7065105 1396.13623097019
"445" 1 1153.7276365 1515.76407280974
"446" 1 1178.5485905 1284.97073367879
"447" 1 1188.47813825 1330.04957630617
"448" 1 1195.1845525 1244.39376023341
"449" 1 1211.9342425 1521.48825228954
"450" 1 1215.0259425 1358.74507723819
"451" 1 1215.4300085 1298.85785462366
"452" 1 1219.433473 1234.72800103473
"453" 1 1219.70145125 1256.57476756866
"454" 1 1240.38718325 1327.3032483837
"455" 1 1241.30738425 1241.32540625764
"456" 1 1260.0765085 1588.76003684936
"457" 1 1260.52063400001 1646.45746158742
"458" 1 1269.76480425 1423.01377288618
"459" 1 1281.42943925 1309.40864512233
"460" 1 1283.305829 1387.1785656533
"461" 1 1306.35242 1322.17022743461
"462" 1 1307.61481525 1319.87415702253
"463" 1 1309.08347724999 1493.48214757501
"464" 1 1317.93501625 1474.22376527203
"465" 1 1335.1741525 1574.35009536104
"466" 1 1338.3358885 1387.64943081034
"467" 1 1342.35507625 1389.28544904389
"468" 1 1354.18038625 1734.65360457233
"469" 1 1385.59195825 1389.40211298353
"470" 1 1386.922888 1482.61526321098
"471" 1 1407.64001225 1410.82085684781
"472" 1 1416.2425965 1514.23257785487
"473" 1 1509.55553125 1661.17877972562
"474" 1 1567.484981 1662.9110566016
"475" 1 1594.6423425 1655.40084155612
"476" 1 1601.0870585 1625.5070730487
"477" 1 1642.75983124999 1645.1839897166
"478" 1 1728.35931125 1728.57297963317
