"dimension" "Birth" "Death"
"1" 0 0 Inf
"2" 0 0 263.47122
"3" 0 0 193.626836
"4" 0 0 128.090665
"5" 0 0 377.000569999999
"6" 0 0 84.7539925000003
"7" 0 0 155.37389825
"8" 0 0 315.298099999999
"9" 0 0 186.371905000001
"10" 0 0 224.819865999999
"11" 0 0 110.42492525
"12" 0 0 304.987978000001
"13" 0 0 296.668464249999
"14" 0 0 179.28456625
"15" 0 0 109.980480999999
"16" 0 0 305.93657725
"17" 0 0 196.4582525
"18" 0 0 313.809626499999
"19" 0 0 358.618278500001
"20" 0 0 198.413551250002
"21" 0 0 164.713082
"22" 0 0 311.989610000002
"23" 0 0 183.740206249999
"24" 0 0 355.457249999999
"25" 0 0 252.070945249998
"26" 0 0 248.309517249997
"27" 0 0 192.558656
"28" 0 0 168.070141
"29" 0 0 322.95794525
"30" 0 0 255.702785000001
"31" 0 0 299.409720500001
"32" 0 0 186.9969925
"33" 0 0 346.754599250004
"34" 0 0 258.756534250001
"35" 0 0 295.984144
"36" 0 0 227.056170499998
"37" 0 0 145.764643999999
"38" 0 0 186.130836
"39" 0 0 367.079365250002
"40" 0 0 164.668176999999
"41" 0 0 346.379936499998
"42" 0 0 308.00778925
"43" 0 0 233.391181
"44" 0 0 362.15317125
"45" 0 0 364.044842500002
"46" 0 0 255.068169249998
"47" 0 0 219.707163250001
"48" 0 0 189.36884
"49" 0 0 287.71422325
"50" 0 0 339.124731249998
"51" 0 0 239.007368
"52" 0 0 175.233092500001
"53" 0 0 286.0636325
"54" 0 0 274.8764525
"55" 0 0 207.018510499996
"56" 0 0 248.464113250001
"57" 0 0 286.980812499997
"58" 0 0 268.6745645
"59" 0 0 313.648696250001
"60" 0 0 226.493848999999
"61" 0 0 254.255010499997
"62" 0 0 187.895216249999
"63" 0 0 167.314381250001
"64" 0 0 312.373111249998
"65" 0 0 195.567329250001
"66" 0 0 312.862612249999
"67" 0 0 343.491477249999
"68" 0 0 450.889478500003
"69" 0 0 201.45545125
"70" 0 0 233.850400250003
"71" 0 0 376.053889000001
"72" 0 0 204.52138825
"73" 0 0 226.077578
"74" 0 0 298.638857249996
"75" 0 0 242.738187250002
"76" 0 0 187.371505000001
"77" 0 0 160.99434125
"78" 0 0 188.18008525
"79" 0 0 205.7973845
"80" 0 0 239.339037250001
"81" 0 0 299.292343249998
"82" 0 0 223.414561249999
"83" 0 0 343.008048499999
"84" 0 0 243.60182225
"85" 0 0 303.728412999998
"86" 0 0 331.530328999999
"87" 0 0 236.80765
"88" 0 0 245.759356249999
"89" 0 0 236.519729
"90" 0 0 192.515816249998
"91" 0 0 209.065524250002
"92" 0 0 280.347417249999
"93" 0 0 158.373054500001
"94" 0 0 152.061505999999
"95" 0 0 239.529809250001
"96" 0 0 287.157223999998
"97" 0 0 230.673025249999
"98" 0 0 201.559901000001
"99" 0 0 213.900486499998
"100" 0 0 192.07248125
"101" 0 0 285.49248725
"102" 0 0 316.04246325
"103" 0 0 225.757957
"104" 0 0 234.326510500002
"105" 0 0 301.335871249999
"106" 0 0 341.211471250001
"107" 0 0 206.240612500001
"108" 0 0 163.99915325
"109" 0 0 345.106971250002
"110" 0 0 300.895538
"111" 0 0 187.424626499999
"112" 0 0 240.5237885
"113" 0 0 374.576205249998
"114" 0 0 334.313784500003
"115" 0 0 298.725456250001
"116" 0 0 216.546840249999
"117" 0 0 302.611328499999
"118" 0 0 281.267645
"119" 0 0 288.656545
"120" 0 0 145.65089725
"121" 0 0 202.031362249998
"122" 0 0 282.894042249999
"123" 0 0 222.609953249999
"124" 0 0 154.88017625
"125" 0 0 195.781547249999
"126" 0 0 257.283337250001
"127" 0 0 196.03457
"128" 0 0 126.987879999999
"129" 0 0 264.804959250001
"130" 0 0 245.822157250001
"131" 0 0 193.96240225
"132" 0 0 190.3180085
"133" 0 0 132.657733
"134" 0 0 282.683575249998
"135" 0 0 262.422436250001
"136" 0 0 142.833409999999
"137" 0 0 252.90052625
"138" 0 0 215.354232249999
"139" 0 0 155.7934625
"140" 0 0 179.54435525
"141" 0 0 291.52722625
"142" 0 0 281.93355625
"143" 0 0 243.93241625
"144" 0 0 196.042044999999
"145" 0 0 208.25639125
"146" 0 0 251.426256250001
"147" 0 0 169.722826249998
"148" 0 0 218.515400999999
"149" 0 0 266.900702499999
"150" 0 0 249.320097999999
"151" 0 0 137.382833249999
"152" 0 0 310.248688250001
"153" 0 0 237.665753000001
"154" 0 0 216.096234249999
"155" 0 0 197.042989249999
"156" 0 0 229.22859625
"157" 0 0 227.497459999999
"158" 0 0 187.326502250001
"159" 0 0 210.310081250001
"160" 0 0 167.488681
"161" 0 0 197.188020500001
"162" 0 0 208.10337025
"163" 0 0 223.455918249997
"164" 0 0 304.173369999999
"165" 0 0 257.062322500002
"166" 0 0 154.93458625
"167" 0 0 328.550564
"168" 0 0 156.483974499999
"169" 0 0 133.386603249997
"170" 0 0 285.664814500001
"171" 0 0 157.109673249999
"172" 0 0 187.2079865
"173" 0 0 180.314069
"174" 0 0 169.141777
"175" 0 0 287.095323250002
"176" 0 0 364.537381
"177" 0 0 268.546461250001
"178" 0 0 272.848746250001
"179" 0 0 237.339193999999
"180" 0 0 277.993692250002
"181" 0 0 185.183125
"182" 0 0 185.854276250001
"183" 0 0 251.559423250001
"184" 0 0 206.231124999999
"185" 0 0 114.53955325
"186" 0 0 262.6027265
"187" 0 0 358.985929250001
"188" 0 0 258.95608825
"189" 0 0 274.231818250001
"190" 0 0 244.764812500003
"191" 0 0 387.998079250003
"192" 0 0 316.205509
"193" 0 0 277.6206745
"194" 0 0 198.891742250001
"195" 0 0 160.646856500001
"196" 0 0 90.9905442500005
"197" 0 0 140.201862499999
"198" 0 0 278.861346249999
"199" 0 0 217.497927999999
"200" 0 0 176.162069
"201" 0 0 257.213247249999
"202" 0 0 239.20613125
"203" 0 0 278.156648249998
"204" 0 0 271.154797249999
"205" 0 0 343.84583225
"206" 0 0 282.655855249998
"207" 0 0 385.129893249998
"208" 0 0 182.685541
"209" 0 0 323.71540825
"210" 0 0 96.2036822499994
"211" 0 0 213.38183125
"212" 0 0 117.91292225
"213" 0 0 185.041123249998
"214" 0 0 233.991202249998
"215" 0 0 137.4064245
"216" 0 0 270.436480000001
"217" 0 0 275.366293249998
"218" 0 0 267.89448325
"219" 0 0 322.866210499998
"220" 0 0 302.252682500002
"221" 0 0 304.908142500003
"222" 0 0 217.467485000001
"223" 0 0 130.150868
"224" 0 0 303.432756249995
"225" 0 0 261.432020250001
"226" 0 0 189.400892499999
"227" 0 0 296.221206249999
"228" 0 0 277.26338125
"229" 0 0 307.4656505
"230" 0 0 370.351130000001
"231" 0 0 250.9002365
"232" 0 0 353.402011249999
"233" 0 0 265.131194499999
"234" 0 0 319.744096999999
"235" 0 0 190.743970000001
"236" 0 0 315.341920999997
"237" 0 0 258.20499125
"238" 0 0 130.555021000001
"239" 0 0 253.446625
"240" 0 0 128.720070250001
"241" 0 0 254.415962499998
"242" 0 0 289.725076249998
"243" 0 0 265.655049250001
"244" 0 0 263.724062499999
"245" 0 0 214.2195885
"246" 0 0 290.258868250001
"247" 0 0 171.371883250001
"248" 0 0 187.784961249999
"249" 0 0 173.559021249999
"250" 0 0 283.87980725
"251" 0 0 267.56665625
"252" 0 0 134.747996499999
"253" 0 0 228.732380999997
"254" 0 0 424.113704499998
"255" 0 0 197.460857250002
"256" 0 0 256.520967250002
"257" 0 0 352.174399999998
"258" 0 0 134.308202499999
"259" 0 0 340.653630499999
"260" 0 0 288.677908999999
"261" 0 0 334.277936499999
"262" 0 0 284.0169965
"263" 0 0 254.346164000003
"264" 0 0 235.120203250001
"265" 0 0 308.55213625
"266" 0 0 168.462229
"267" 0 0 288.0703125
"268" 0 0 270.56753125
"269" 0 0 241.832894499999
"270" 0 0 330.82083725
"271" 0 0 268.7581
"272" 0 0 200.16928825
"273" 0 0 479.33313325
"274" 0 0 133.7829605
"275" 0 0 277.060524499998
"276" 0 0 197.239612250001
"277" 0 0 167.793492999999
"278" 0 0 218.832076249998
"279" 0 0 190.025322500002
"280" 0 0 206.266602499998
"281" 0 0 309.78489425
"282" 0 0 317.719525
"283" 0 0 468.300143250004
"284" 0 0 184.19145925
"285" 0 0 254.515044999999
"286" 1 135.873481249999 171.099935703565
"287" 1 189.926766250001 277.678818667423
"288" 1 203.627393999999 227.482757750687
"289" 1 220.152832250001 311.817242320469
"290" 1 222.212990499998 233.431880171779
"291" 1 227.207256999999 300.623205473162
"292" 1 234.355850000001 290.990626371191
"293" 1 235.280502249999 285.086017848745
"294" 1 239.535342500001 283.429728492479
"295" 1 247.4567325 249.670502554387
"296" 1 249.917616999999 304.262874525436
"297" 1 253.065530499999 401.919209007748
"298" 1 254.405334249999 432.828766594295
"299" 1 254.455770250001 365.458272863581
"300" 1 259.177753249999 264.44328272263
"301" 1 259.33262225 283.963670875995
"302" 1 261.0547285 441.273023468965
"303" 1 261.91582625 367.200816527476
"304" 1 262.7389 277.410852714992
"305" 1 263.028642500001 599.792125641166
"306" 1 265.397051249996 526.158120613383
"307" 1 265.804132500001 438.799978537188
"308" 1 270.974112999998 303.687271492423
"309" 1 271.305708500001 480.785944894626
"310" 1 271.868612499999 331.374045629409
"311" 1 273.043625 282.630455174338
"312" 1 273.977244499999 720.177097890731
"313" 1 278.798260249999 525.021709387043
"314" 1 278.852941250001 338.60081144087
"315" 1 282.659910250001 333.292165193161
"316" 1 286.377181249999 459.143073624142
"317" 1 286.730959999998 357.560254040482
"318" 1 287.806696250001 422.696104061427
"319" 1 289.596698 346.303885016122
"320" 1 289.642410249999 374.119599428259
"321" 1 289.875802499998 426.890594012301
"322" 1 291.714429250001 521.961135079843
"323" 1 292.661525000002 349.678949533908
"324" 1 293.464729999999 317.959528929769
"325" 1 293.579073249998 527.152811838331
"326" 1 294.858151250001 346.960160730505
"327" 1 297.003316249998 436.582861439271
"328" 1 299.006481249999 383.784729268276
"329" 1 299.7228105 416.321627753372
"330" 1 300.5271405 346.299769381137
"331" 1 302.795839999997 453.088922850334
"332" 1 303.120285250003 319.668616968975
"333" 1 303.458025250001 650.791807840463
"334" 1 303.484862250001 403.95175284791
"335" 1 303.74817025 371.107765165457
"336" 1 303.887382499999 478.393524148107
"337" 1 304.73175125 332.297340396559
"338" 1 305.951396000001 493.699910978552
"339" 1 306.145352000001 336.492715972
"340" 1 307.006274000002 363.81265554897
"341" 1 308.367386 431.815035588597
"342" 1 308.547641250001 527.804780382219
"343" 1 309.8410565 451.244864445023
"344" 1 309.915894500001 360.138709972875
"345" 1 310.967876499999 390.250275414243
"346" 1 312.078842500001 463.214727389911
"347" 1 312.563024 474.467436830552
"348" 1 313.482244 368.059916651367
"349" 1 314.745028250001 394.795299555952
"350" 1 315.521480000001 572.471345084145
"351" 1 316.1265625 359.658357814279
"352" 1 317.19814225 668.403797231201
"353" 1 318.177381249999 377.015557243305
"354" 1 318.680113999999 441.839935159981
"355" 1 318.68833525 327.263780397074
"356" 1 318.986980250001 622.515572750382
"357" 1 319.11504125 367.295634742226
"358" 1 319.173196249998 321.317898082656
"359" 1 319.349778499999 407.133867608885
"360" 1 320.3401865 422.252384206138
"361" 1 320.941861250001 323.338978453739
"362" 1 321.276786500001 358.937333025091
"363" 1 321.338778500001 434.472192721257
"364" 1 321.92910425 370.069050011329
"365" 1 322.300873000004 358.597682130582
"366" 1 322.336628999999 358.606256615733
"367" 1 322.684062500001 396.454332818715
"368" 1 322.989582500002 361.910782006644
"369" 1 323.624919250001 347.723720988133
"370" 1 323.937594000001 439.938881102548
"371" 1 324.249860500001 366.053572395638
"372" 1 324.75078025 488.968292457258
"373" 1 324.950828499998 483.640770032863
"374" 1 325.401049999998 667.341054386943
"375" 1 325.4074765 601.686341027539
"376" 1 326.182697000001 648.387763446723
"377" 1 327.94860125 406.346697137007
"378" 1 328.715094500001 330.540959040637
"379" 1 329.276656249999 394.993268170021
"380" 1 331.48077625 405.325957452586
"381" 1 331.54258625 626.913706723467
"382" 1 331.679217999998 423.354812472365
"383" 1 331.78397225 375.166945107817
"384" 1 333.147216250002 337.582901181637
"385" 1 333.547381 413.482255285389
"386" 1 334.294128999999 437.461576515485
"387" 1 334.575477 432.741163851305
"388" 1 335.6403305 390.791367877699
"389" 1 335.783837000001 426.082251932844
"390" 1 336.184096249998 391.126461530566
"391" 1 336.297348999999 391.14960558414
"392" 1 336.5349005 488.119517775344
"393" 1 337.6387625 342.852244865453
"394" 1 338.456792499999 428.697252340089
"395" 1 338.781856500001 378.080524694726
"396" 1 339.155516500001 585.94101273564
"397" 1 339.784764499997 657.007520375786
"398" 1 339.9052385 442.736750020648
"399" 1 341.373935249998 598.451715651276
"400" 1 342.921786499999 375.181537285742
"401" 1 344.648943249999 493.420669578636
"402" 1 344.673301249997 466.294250874371
"403" 1 344.676124999999 353.270875498971
"404" 1 344.680250000001 475.230766322254
"405" 1 345.279635999999 349.235985872973
"406" 1 345.696008500001 635.480191680423
"407" 1 347.631676249998 407.799178349237
"408" 1 349.048314249999 398.623091383721
"409" 1 349.637521249997 426.520123441611
"410" 1 350.054506 637.830679271787
"411" 1 351.559866500001 596.266364099675
"412" 1 352.38598925 527.998074579041
"413" 1 353.529202000001 381.56416675651
"414" 1 353.8495265 370.413536081481
"415" 1 353.919489250002 806.564020871611
"416" 1 354.201322249999 404.751462978946
"417" 1 354.67345 547.144966288457
"418" 1 355.451905249999 388.97286342278
"419" 1 356.272066249999 472.570110858541
"420" 1 356.775750499999 380.187593729637
"421" 1 357.90003625 491.011008634677
"422" 1 358.087896250001 634.091683379282
"423" 1 358.358746250001 374.289417573919
"424" 1 358.633989 591.705159251413
"425" 1 358.910404000001 600.616966897126
"426" 1 360.129936999998 377.422810367294
"427" 1 360.1506985 446.03414437289
"428" 1 361.17591325 476.215090019912
"429" 1 361.680666249998 385.927501253079
"430" 1 362.465714000001 452.463637115284
"431" 1 362.47013125 512.532433209008
"432" 1 362.48826125 597.683788265039
"433" 1 362.585616999999 489.338647909486
"434" 1 363.018009250001 486.691176148474
"435" 1 363.146654250002 439.021685382975
"436" 1 364.5104605 454.658301031562
"437" 1 364.926466250002 410.092798691319
"438" 1 365.502236500003 458.853266099222
"439" 1 366.599220500001 445.832089986238
"440" 1 367.747116250001 477.078993434314
"441" 1 368.49678125 429.555178469145
"442" 1 369.528630249999 484.362835687242
"443" 1 370.273701250001 491.432673473823
"444" 1 370.512156999999 435.362120462065
"445" 1 371.360875249997 440.521276960283
"446" 1 371.387071250002 573.385070254192
"447" 1 371.592391999999 386.324209542568
"448" 1 371.81108925 404.677175128982
"449" 1 371.927977 584.715218179315
"450" 1 372.623465000001 379.057787162893
"451" 1 372.64952425 400.669526669307
"452" 1 372.719300000004 795.994018654989
"453" 1 373.068612999998 423.316976243133
"454" 1 373.191194500001 441.6641880362
"455" 1 373.69613025 612.704831503916
"456" 1 373.8881285 542.249103598762
"457" 1 373.896560499999 421.957917183029
"458" 1 374.158744999999 471.058074262791
"459" 1 375.006482 585.322725739334
"460" 1 376.053678250001 378.238065252481
"461" 1 377.87536525 414.167552006046
"462" 1 378.2009425 625.954101608147
"463" 1 379.178438499997 452.27880468699
"464" 1 379.57625225 547.488456302621
"465" 1 380.261336500003 581.36090541298
"466" 1 381.612626000001 386.908585180175
"467" 1 382.348761250001 445.825983268995
"468" 1 382.413460250001 554.27319063097
"469" 1 383.653925 527.877957498501
"470" 1 384.44066225 459.225038532817
"471" 1 384.931743249998 950.180064383624
"472" 1 385.289873999999 466.77907794137
"473" 1 385.30453025 494.103453685051
"474" 1 385.527310249998 631.167161815194
"475" 1 388.00884025 389.60394905372
"476" 1 388.1646025 455.040092135709
"477" 1 388.5093605 537.372174753115
"478" 1 388.751111999999 467.866713568046
"479" 1 388.958268250001 399.768997574306
"480" 1 389.488430499999 406.558270953672
"481" 1 390.367172000001 455.099025622535
"482" 1 390.90716525 593.688950245127
"483" 1 390.936264500001 403.458321301549
"484" 1 391.06487025 406.347106158272
"485" 1 391.376065000001 636.786052349525
"486" 1 391.741186250002 731.574402852673
"487" 1 392.760348999999 449.349614370022
"488" 1 393.399614499997 397.406210808417
"489" 1 394.034300499997 399.139056655025
"490" 1 394.248434 465.238766019827
"491" 1 394.84704725 439.71710251375
"492" 1 394.996479249999 622.321284290173
"493" 1 395.449730000001 404.102813365302
"494" 1 396.294297250002 441.632992973407
"495" 1 396.4744045 586.99533709529
"496" 1 398.704866250001 536.72347565134
"497" 1 399.214892500001 482.271272358108
"498" 1 400.470618499998 494.037405938793
"499" 1 400.772177 536.325834827404
"500" 1 400.78496 784.302608249597
"501" 1 401.263783999997 429.54787699208
"502" 1 401.6116765 423.716513284478
"503" 1 402.389626250001 402.999634715643
"504" 1 403.565805250002 403.846684439635
"505" 1 403.950362499999 524.81302002607
"506" 1 404.000631249998 540.172966606628
"507" 1 404.594304250003 650.567666739986
"508" 1 405.607624000001 456.388683964066
"509" 1 406.124548000001 517.818172396305
"510" 1 406.443987999998 408.628565900007
"511" 1 406.765230500002 710.562814284876
"512" 1 406.78715425 591.214835016527
"513" 1 408.920515249999 411.320377440928
"514" 1 409.650805 555.079531598031
"515" 1 410.01001325 419.473535896839
"516" 1 410.744857000001 418.712219226472
"517" 1 411.489032000003 431.217979522387
"518" 1 413.554576999996 512.332251654777
"519" 1 413.589174499999 794.294506433342
"520" 1 413.593951250001 437.817712058883
"521" 1 413.595461000001 422.524809854273
"522" 1 415.117730000002 495.699854240141
"523" 1 415.26794425 475.725183930235
"524" 1 416.220906250003 501.277866581205
"525" 1 416.4067465 544.173239094174
"526" 1 417.68905225 485.601986541583
"527" 1 419.764590250003 425.2436396134
"528" 1 420.270862250002 434.278532019417
"529" 1 421.164742499999 688.143874215083
"530" 1 422.364532249998 503.476135519645
"531" 1 423.031084250002 612.899451102837
"532" 1 423.765858499999 445.488189351136
"533" 1 424.628450499999 858.373351940931
"534" 1 424.845317 525.284553686864
"535" 1 425.676064000001 444.207771541254
"536" 1 425.801781249999 466.308226491205
"537" 1 426.003613250001 647.123746639273
"538" 1 426.14788025 493.272169644118
"539" 1 426.645011249999 477.574487287232
"540" 1 427.477312249999 457.590106501235
"541" 1 430.1744525 430.256243679848
"542" 1 430.85054225 680.421591824346
"543" 1 431.146993999997 449.52348486355
"544" 1 431.676406249999 454.784224408171
"545" 1 432.296019999999 810.078518635032
"546" 1 432.462017 453.592169704306
"547" 1 433.137505000001 526.187494320052
"548" 1 434.461261249999 472.374445322347
"549" 1 434.62750725 540.664301716924
"550" 1 435.250546 436.227945400095
"551" 1 435.761956249998 613.497546329188
"552" 1 435.9562205 452.230970554142
"553" 1 436.305682249995 453.081942492793
"554" 1 436.645445 464.484973746634
"555" 1 437.240010499998 535.379144263505
"556" 1 438.979056499999 439.270011643527
"557" 1 439.6267585 472.070064076069
"558" 1 440.226824500001 567.602134775274
"559" 1 440.529040249999 477.853656863152
"560" 1 440.917758249999 479.770153567699
"561" 1 440.921648499999 681.261712299915
"562" 1 440.991246249997 444.792787726914
"563" 1 441.8737705 523.410237634098
"564" 1 441.880253000001 649.749578366229
"565" 1 442.142369999999 504.479802581868
"566" 1 442.804457000003 465.286690613454
"567" 1 443.715005000002 543.901272435298
"568" 1 444.023916499999 449.231539532466
"569" 1 444.06321325 522.802035520165
"570" 1 444.293809999999 510.306622358724
"571" 1 445.855398250001 525.918106832404
"572" 1 446.631721249999 457.783428143694
"573" 1 447.488652249999 517.08481428556
"574" 1 447.564233000002 511.648933144001
"575" 1 448.379336 474.756025944169
"576" 1 448.721111250001 506.564802817308
"577" 1 450.086800249999 511.669363678341
"578" 1 450.411484499998 459.743179420757
"579" 1 450.602952500002 533.631203729112
"580" 1 452.792717000003 826.29582933478
"581" 1 455.996188249999 586.494830159291
"582" 1 456.860464999999 788.524747977941
"583" 1 456.923380499999 469.905848817207
"584" 1 457.152355999999 504.275583096098
"585" 1 459.207725 469.039220520848
"586" 1 459.629988250003 729.25955514774
"587" 1 460.714356500001 696.823551971326
"588" 1 460.749646249999 469.497158370416
"589" 1 461.562906250002 563.166594744261
"590" 1 461.919882500005 494.447161122959
"591" 1 465.350212999999 596.034053581881
"592" 1 465.774041 617.19641110111
"593" 1 467.999348 480.420670520667
"594" 1 468.103070500001 499.720432046007
"595" 1 468.255026500001 483.088487969496
"596" 1 468.278766250001 488.416529780293
"597" 1 468.471691250001 468.764250338615
"598" 1 469.82290525 567.745477137601
"599" 1 470.28285 537.840550992079
"600" 1 471.1403925 670.867062664606
"601" 1 473.762896999998 476.157821382096
"602" 1 474.0807185 499.825008947415
"603" 1 475.2685645 476.043031321118
"604" 1 476.885882250002 565.278436404223
"605" 1 478.22968125 497.995604469517
"606" 1 478.765476000002 487.132234376423
"607" 1 480.093018250002 537.265543657816
"608" 1 480.748050250001 518.097054796224
"609" 1 480.7610785 495.238735154178
"610" 1 481.671996249999 515.077309930987
"611" 1 482.648702500001 484.56816166419
"612" 1 483.903674000001 487.938666515559
"613" 1 484.399488499997 702.201999421268
"614" 1 485.735592250001 621.729699261192
"615" 1 486.885881 492.110052468075
"616" 1 488.43005225 507.770066585403
"617" 1 489.560785249998 581.117041959471
"618" 1 489.764859250001 547.774620519997
"619" 1 490.064692500003 544.932647673631
"620" 1 490.17663125 549.388399718474
"621" 1 491.251636250003 519.870487340349
"622" 1 491.348692000002 708.735259996627
"623" 1 491.730619250002 549.734243736912
"624" 1 493.924512249999 507.507737295331
"625" 1 495.760885000003 517.239197932353
"626" 1 497.117780000003 519.517421854178
"627" 1 497.691592000002 524.171471867088
"628" 1 497.7614365 625.182703042786
"629" 1 498.510037250001 512.919627250843
"630" 1 501.704893 563.148937096503
"631" 1 502.666016499999 593.637102527586
"632" 1 503.053092250002 555.860150251851
"633" 1 503.213988999996 862.722475012328
"634" 1 504.722618 528.665031756937
"635" 1 507.345204250001 528.764933077184
"636" 1 508.582120500002 699.543917236348
"637" 1 508.7783825 561.939290602689
"638" 1 511.138788249996 558.401029774389
"639" 1 511.355240500003 567.681633070671
"640" 1 512.829721000002 617.697778424799
"641" 1 513.238622499998 620.192415475209
"642" 1 513.495278499997 531.163682265117
"643" 1 515.461477 518.478082991813
"644" 1 515.510661250001 519.0970477489
"645" 1 515.59504625 521.105999111765
"646" 1 515.919154250002 579.001378937723
"647" 1 517.430472499999 519.235402483913
"648" 1 521.122922500002 630.130147819591
"649" 1 521.409488 536.426768584017
"650" 1 522.296405000002 676.845447014739
"651" 1 523.790677 533.585478702414
"652" 1 526.009277 597.201945181508
"653" 1 526.63114125 540.995439468047
"654" 1 530.018264500001 531.98200067788
"655" 1 531.133481000001 565.861780549583
"656" 1 531.31952425 617.371657350508
"657" 1 532.581461 543.982323923387
"658" 1 534.857545999999 545.364728417279
"659" 1 535.235665249997 535.791348979671
"660" 1 535.470121 559.531921840104
"661" 1 538.794568249997 539.922701960676
"662" 1 539.211642499998 553.754816917374
"663" 1 540.01669025 678.899278215952
"664" 1 541.590002499998 553.512747484614
"665" 1 542.99698 570.430022842974
"666" 1 543.9926725 643.914353331243
"667" 1 545.088681250001 554.90594386656
"668" 1 546.953497250002 604.123063865458
"669" 1 549.490371250001 571.738819256049
"670" 1 552.680728999998 624.594712136583
"671" 1 555.597961249999 561.622297125357
"672" 1 555.877045000003 601.341846877791
"673" 1 556.213576000001 568.688901712571
"674" 1 557.633994249999 703.885987222255
"675" 1 558.988999999998 859.796063419529
"676" 1 562.318600999999 601.735034427699
"677" 1 563.994260000004 718.564734657642
"678" 1 564.333111250001 564.349857269216
"679" 1 566.7193585 610.959900833063
"680" 1 568.608646250001 624.900866257514
"681" 1 575.680111249998 576.637921157692
"682" 1 576.430212499999 577.051785928042
"683" 1 576.637306250002 581.37203450587
"684" 1 580.555624999999 580.589726151186
"685" 1 582.389471249997 590.076221611876
"686" 1 582.9432725 641.522320724008
"687" 1 584.09347625 586.641320789094
"688" 1 585.782536249999 597.138009568513
"689" 1 586.679361249998 594.910296270792
"690" 1 586.982113999998 668.631244129433
"691" 1 591.784186250001 626.700842432715
"692" 1 594.29393425 639.893059882015
"693" 1 599.624211999998 600.568739387513
"694" 1 599.639593250001 631.569749424157
"695" 1 601.311802499996 609.958960612092
"696" 1 601.736340500003 658.918163680957
"697" 1 604.673307249998 605.088903479384
"698" 1 609.632932249999 846.859720687376
"699" 1 612.429903999999 666.962561258081
"700" 1 612.948807250004 632.710899061419
"701" 1 615.057826499998 625.802396192659
"702" 1 620.3579985 626.771904911192
"703" 1 620.643652249998 621.438944966762
"704" 1 632.157700000001 635.840830830518
"705" 1 633.037579250001 633.165541117934
"706" 1 634.159471250001 647.76573482932
"707" 1 634.876960249998 653.029294788114
"708" 1 637.960218250002 658.895573748639
"709" 1 647.151700000004 655.556730425194
"710" 1 651.183334250001 666.565521534095
"711" 1 652.800159249999 666.124034889431
"712" 1 662.597846499998 671.043450692785
"713" 1 666.904985000003 701.70745023987
"714" 1 668.610890000004 700.734917311733
"715" 1 678.964146249997 690.973896681868
"716" 1 687.738599999998 734.287320538001
"717" 1 688.24102725 796.280263341145
"718" 1 703.413006250001 708.001862208174
"719" 1 709.458948249999 712.519350590592
"720" 1 713.104167250001 809.548918607521
"721" 1 724.019269000001 790.336148675495
"722" 1 727.35240125 843.303741732647
"723" 1 760.80367325 775.696567326587
"724" 1 789.483139999999 800.894073312102
"725" 1 801.055450000005 804.944328311557
"726" 1 806.175403249997 861.559185672398
"727" 1 828.479148249999 845.990646080874
