"dimension" "Birth" "Death"
"1" 0 0 Inf
"2" 0 0 514.978622499999
"3" 0 0 258.356729000001
"4" 0 0 282.459100999999
"5" 0 0 346.273289000002
"6" 0 0 287.69366825
"7" 0 0 458.823778249997
"8" 0 0 274.620817000001
"9" 0 0 413.946711250005
"10" 0 0 491.245464999997
"11" 0 0 446.1536225
"12" 0 0 466.45936625
"13" 0 0 291.020773
"14" 0 0 173.995705999999
"15" 0 0 360.98779625
"16" 0 0 416.807342499999
"17" 0 0 341.857805
"18" 0 0 386.968904499999
"19" 0 0 509.476880249999
"20" 0 0 408.8660465
"21" 0 0 429.594531249999
"22" 0 0 361.027234000001
"23" 0 0 348.650442500001
"24" 0 0 257.827925000001
"25" 0 0 412.2810185
"26" 0 0 326.283574250001
"27" 0 0 377.490266000001
"28" 0 0 350.269981
"29" 0 0 234.616817000001
"30" 0 0 469.017260499999
"31" 0 0 501.779650499998
"32" 0 0 255.693826
"33" 0 0 345.059331249998
"34" 0 0 597.449090249999
"35" 0 0 196.774266250001
"36" 0 0 411.533938000001
"37" 0 0 216.010414250001
"38" 0 0 463.862756249999
"39" 0 0 321.154656999999
"40" 0 0 257.701044500001
"41" 0 0 333.253624249998
"42" 0 0 621.616092499999
"43" 0 0 574.754049999996
"44" 0 0 307.869859249999
"45" 0 0 371.240330500001
"46" 0 0 270.853505
"47" 0 0 208.619923250001
"48" 0 0 478.614152250002
"49" 0 0 407.854006250003
"50" 0 0 154.9505305
"51" 0 0 479.722625
"52" 0 0 304.278186249999
"53" 0 0 254.154294249998
"54" 0 0 467.176881250001
"55" 0 0 271.288592000001
"56" 0 0 188.654592999998
"57" 0 0 195.290836249999
"58" 0 0 174.342021250001
"59" 0 0 368.422558250001
"60" 0 0 390.070881250002
"61" 0 0 528.219795999999
"62" 0 0 418.116481250004
"63" 0 0 277.62957625
"64" 0 0 448.72799525
"65" 0 0 262.600902499999
"66" 0 0 211.949298250002
"67" 0 0 676.399906250001
"68" 0 0 248.320287999999
"69" 0 0 634.873212500001
"70" 0 0 706.779004499998
"71" 0 0 301.83945325
"72" 0 0 318.112218249999
"73" 0 0 248.940564499999
"74" 0 0 465.651192249999
"75" 0 0 329.365680249997
"76" 0 0 536.273505
"77" 0 0 334.407529999997
"78" 0 0 454.91256725
"79" 0 0 182.3622165
"80" 0 0 396.364711249999
"81" 0 0 256.107192499999
"82" 0 0 494.823171249999
"83" 0 0 276.355030249999
"84" 0 0 515.18574025
"85" 0 0 348.799428500003
"86" 0 0 215.52941525
"87" 0 0 397.100812249997
"88" 0 0 188.286432500001
"89" 0 0 551.069929
"90" 0 0 363.2365685
"91" 0 0 388.72041325
"92" 0 0 444.9591945
"93" 0 0 189.560040249998
"94" 0 0 462.14793425
"95" 0 0 455.3721845
"96" 0 0 270.464724999998
"97" 0 0 486.975820999999
"98" 0 0 415.716354499999
"99" 0 0 283.384745999997
"100" 0 0 608.225524249998
"101" 0 0 382.679562499999
"102" 0 0 246.703384250002
"103" 0 0 321.464015999999
"104" 0 0 492.253905250001
"105" 0 0 368.559274500002
"106" 0 0 499.99720725
"107" 0 0 492.248608999999
"108" 0 0 438.768518500001
"109" 0 0 326.958042500003
"110" 0 0 463.9139425
"111" 0 0 250.198906249998
"112" 0 0 320.185384000002
"113" 0 0 480.460471249999
"114" 0 0 376.332994250002
"115" 0 0 304.3801325
"116" 0 0 551.392962499998
"117" 0 0 496.488169
"118" 0 0 191.38731925
"119" 0 0 328.0252945
"120" 0 0 371.107485249999
"121" 0 0 629.268754250001
"122" 0 0 348.010399999999
"123" 0 0 302.920036249999
"124" 0 0 415.194674499999
"125" 0 0 581.827285000003
"126" 0 0 360.831439999998
"127" 0 0 313.119277249999
"128" 0 0 310.765146250001
"129" 0 0 321.146715250004
"130" 0 0 407.960528
"131" 0 0 420.085804499998
"132" 0 0 432.075100499999
"133" 0 0 468.055350500001
"134" 0 0 409.992421250003
"135" 0 0 290.967377000001
"136" 0 0 399.108924999999
"137" 0 0 265.40522
"138" 0 0 290.579796
"139" 0 0 312.005876499997
"140" 0 0 369.639945
"141" 0 0 242.51218925
"142" 0 0 426.504902500001
"143" 0 0 240.241685
"144" 0 0 252.041904999999
"145" 0 0 270.036844250002
"146" 0 0 304.201771249999
"147" 0 0 429.38518625
"148" 0 0 427.614030500003
"149" 0 0 510.936581249999
"150" 0 0 345.532234
"151" 0 0 410.850234250001
"152" 0 0 248.320225000002
"153" 0 0 407.087225000004
"154" 0 0 395.361089999998
"155" 0 0 563.41240425
"156" 0 0 201.166820000002
"157" 0 0 570.12289525
"158" 0 0 436.867760500001
"159" 0 0 690.468985000001
"160" 0 0 360.80573125
"161" 0 0 477.953477000001
"162" 0 0 410.786426249998
"163" 0 0 225.836868500002
"164" 0 0 183.257154000002
"165" 0 0 297.96785325
"166" 0 0 367.574456249999
"167" 0 0 662.367113999998
"168" 0 0 267.93901825
"169" 0 0 449.162316249999
"170" 0 0 236.812165
"171" 0 0 717.135397249999
"172" 0 0 220.375056249999
"173" 0 0 258.355382499998
"174" 0 0 400.86903925
"175" 0 0 297.247214499998
"176" 0 0 367.401206250003
"177" 0 0 287.288686249998
"178" 0 0 362.510444500002
"179" 0 0 396.898116500003
"180" 0 0 247.89541225
"181" 0 0 301.85721125
"182" 0 0 429.9653405
"183" 0 0 376.921021
"184" 0 0 243.824913
"185" 0 0 200.954339999999
"186" 0 0 1088.6704685
"187" 0 0 362.24424
"188" 0 0 572.590512999999
"189" 0 0 218.156506
"190" 0 0 322.0926705
"191" 0 0 201.598296250001
"192" 0 0 409.397995250003
"193" 0 0 121.71539825
"194" 0 0 343.36219625
"195" 0 0 385.639446249997
"196" 0 0 571.813662499999
"197" 0 0 443.808812499997
"198" 0 0 690.269609250002
"199" 0 0 454.431054250002
"200" 0 0 427.746766249999
"201" 0 0 341.343722500001
"202" 0 0 502.800271999999
"203" 0 0 287.806842249998
"204" 0 0 344.073141250002
"205" 0 0 404.455330250004
"206" 0 0 725.65591325
"207" 0 0 409.5007825
"208" 0 0 503.910928250003
"209" 0 0 245.094138249998
"210" 0 0 333.107341000002
"211" 0 0 362.659929249999
"212" 0 0 687.0713805
"213" 0 0 508.029797250001
"214" 0 0 436.852766499997
"215" 0 0 426.174336249998
"216" 0 0 254.400282500002
"217" 0 0 277.512511249999
"218" 0 0 464.7522665
"219" 0 0 315.848226500002
"220" 0 0 371.472868000001
"221" 0 0 358.518762499997
"222" 0 0 558.499945249998
"223" 0 0 330.404224999999
"224" 0 0 289.5989425
"225" 0 0 453.423172250002
"226" 0 0 438.102731249999
"227" 0 0 313.975705
"228" 0 0 607.593224499999
"229" 0 0 327.325376499999
"230" 0 0 384.517071250003
"231" 0 0 452.713566499998
"232" 0 0 323.262526499999
"233" 0 0 479.014649999998
"234" 0 0 438.994264999997
"235" 0 0 425.85461
"236" 0 0 247.827234250002
"237" 0 0 303.749012499998
"238" 0 0 153.670386249999
"239" 0 0 493.062817250002
"240" 0 0 222.78226
"241" 0 0 202.431753
"242" 0 0 158.162005249999
"243" 0 0 464.804984499999
"244" 0 0 464.480361249998
"245" 0 0 229.748264000003
"246" 0 0 720.58201025
"247" 0 0 550.853845
"248" 0 0 457.853760499999
"249" 0 0 464.016610000001
"250" 0 0 708.184908249999
"251" 0 0 424.65645125
"252" 0 0 420.845901250002
"253" 0 0 322.260409999999
"254" 0 0 701.695862499999
"255" 0 0 291.010280499999
"256" 0 0 389.534850499998
"257" 0 0 398.641514000001
"258" 0 0 219.22185025
"259" 0 0 336.574737999999
"260" 0 0 286.076649999999
"261" 0 0 543.595466
"262" 0 0 534.605209999999
"263" 0 0 332.011711250002
"264" 0 0 236.775253249998
"265" 0 0 551.659723250001
"266" 0 0 526.95591925
"267" 0 0 485.144377000003
"268" 0 0 267.5936845
"269" 0 0 332.6319505
"270" 0 0 407.175966249999
"271" 0 0 391.249002499999
"272" 0 0 426.8251705
"273" 0 0 1273.19746525
"274" 0 0 378.048439249997
"275" 0 0 465.985051250001
"276" 0 0 691.6829465
"277" 0 0 235.781330000002
"278" 0 0 521.5575125
"279" 0 0 640.818264999999
"280" 0 0 266.4168965
"281" 0 0 449.08093
"282" 0 0 511.607331999997
"283" 0 0 572.405379999999
"284" 0 0 437.62878925
"285" 0 0 702.313014249998
"286" 1 229.76240825 300.47660936861
"287" 1 327.099942250004 360.437376907673
"288" 1 333.369752499999 383.757312157964
"289" 1 334.108506500001 418.033790296923
"290" 1 378.643719249999 636.261892105884
"291" 1 417.498626249999 452.357583294832
"292" 1 423.507006500001 510.43409132208
"293" 1 427.120922000001 475.936934947312
"294" 1 433.567273249999 1160.87052123211
"295" 1 442.355908249997 907.376759817342
"296" 1 442.835542249999 461.221132777396
"297" 1 450.622545249999 710.889670704511
"298" 1 452.405234000003 767.664672718171
"299" 1 460.424077249999 577.892606487181
"300" 1 465.1489565 554.283405912761
"301" 1 474.562416249997 1209.82881802279
"302" 1 478.709163250001 480.195696654467
"303" 1 478.896867250001 703.589290739274
"304" 1 480.154216250003 533.557737871093
"305" 1 485.981104249996 603.766397117887
"306" 1 487.743325 502.09771556425
"307" 1 492.456125000004 497.977757967723
"308" 1 493.588009999997 569.818243863513
"309" 1 494.70086825 527.992181271091
"310" 1 494.816217999998 1238.9415449848
"311" 1 495.647620000004 1508.51657759407
"312" 1 495.876880249996 948.835290100834
"313" 1 501.774631249999 1141.52038380717
"314" 1 501.882333250001 1190.14238539691
"315" 1 502.796400999994 607.919026114853
"316" 1 504.254718249999 863.746609755097
"317" 1 504.887244999998 1078.07206035708
"318" 1 508.197827249998 973.667425896107
"319" 1 510.121131249999 1186.94646562986
"320" 1 513.326953250001 1211.25699853714
"321" 1 515.770002499996 706.347484553631
"322" 1 517.464425000001 610.207293988927
"323" 1 518.391084999998 683.847085040824
"324" 1 518.541336249997 576.538192245375
"325" 1 519.440103249997 654.901861748431
"326" 1 521.4523225 745.827389857199
"327" 1 522.256902499999 693.480688696221
"328" 1 529.774325000002 589.408393474691
"329" 1 534.890238500002 620.077162801635
"330" 1 536.426040249998 649.398760409336
"331" 1 537.294337 923.269250819213
"332" 1 544.113637000001 587.281026962621
"333" 1 544.521124000001 554.97258286894
"334" 1 547.316254249995 628.685478277322
"335" 1 547.443523250004 833.776770328801
"336" 1 547.889302250002 585.624707044058
"337" 1 554.857396249999 783.59550111514
"338" 1 558.3163345 567.572137310892
"339" 1 559.214745999998 636.113074575778
"340" 1 562.326862499998 964.512541589961
"341" 1 562.894249999999 1523.33917461135
"342" 1 565.740646249998 777.914766713445
"343" 1 570.732201249998 699.109107230677
"344" 1 572.28563225 915.04071236146
"345" 1 572.382394250001 764.872919459204
"346" 1 573.94108125 705.973479050831
"347" 1 575.775457999998 942.291906188822
"348" 1 576.204012499996 627.222996865118
"349" 1 577.0826525 681.323457480505
"350" 1 579.503656250003 698.978278593352
"351" 1 582.1879625 869.571998647913
"352" 1 583.5423505 920.739029481346
"353" 1 588.470238249999 1093.69900711438
"354" 1 588.49468225 910.813751510807
"355" 1 589.308841249999 642.026590337856
"356" 1 590.010625 654.379834183355
"357" 1 590.277936500003 689.936365247702
"358" 1 592.618781249998 595.135323297303
"359" 1 593.059201249999 1682.04439822869
"360" 1 599.76479225 2066.58321651365
"361" 1 602.208538 666.127947222888
"362" 1 605.867478499998 613.141856377144
"363" 1 606.084324500007 770.543891804971
"364" 1 606.841529000002 930.961736171643
"365" 1 607.425152500001 698.967112814195
"366" 1 609.679442500001 655.268014943941
"367" 1 611.33604625 1187.70334178584
"368" 1 612.15037325 762.226956027435
"369" 1 616.450176250004 691.677944012402
"370" 1 616.868842500003 1142.4315011565
"371" 1 619.559181 857.13504265218
"372" 1 621.436242249997 621.514277101485
"373" 1 621.483081249999 914.246279683989
"374" 1 623.389627249995 623.39109687547
"375" 1 623.598781249999 696.497581114497
"376" 1 623.83259825 653.458101405423
"377" 1 624.4000145 636.111098818762
"378" 1 624.777469 669.184013962276
"379" 1 626.965095250002 632.033963888452
"380" 1 628.361622249999 678.506248006303
"381" 1 633.243183249998 870.742819390157
"382" 1 633.969126250003 906.870205691184
"383" 1 638.64654625 1383.83901324283
"384" 1 639.209099249998 1223.19242746977
"385" 1 640.845481250003 1542.00863621018
"386" 1 643.297790499998 1432.06444187157
"387" 1 644.382238249998 668.753689624564
"388" 1 644.81434225 743.378085574052
"389" 1 645.273609249997 725.550979608716
"390" 1 645.95987425 1780.93733950685
"391" 1 646.23987125 893.272186165559
"392" 1 646.8148825 775.991920930802
"393" 1 649.504241000002 816.046881867524
"394" 1 650.244342250002 674.577075208059
"395" 1 652.525023249999 886.011965845328
"396" 1 656.319722499996 913.357473546904
"397" 1 658.044694250001 1317.74735087507
"398" 1 658.377531250006 658.443963289458
"399" 1 658.390573249997 905.913051557867
"400" 1 659.339380250001 1453.08491189262
"401" 1 660.567086499998 1162.94829308457
"402" 1 661.743837249999 1446.95699643044
"403" 1 662.170518500002 909.649266931249
"404" 1 667.486756 735.520433636538
"405" 1 668.353162499997 1022.85466642939
"406" 1 669.097008500003 743.378839016429
"407" 1 669.689582500001 1270.40971044809
"408" 1 675.656246249999 708.267442018197
"409" 1 676.116116999998 700.216029274854
"410" 1 677.336563249999 681.270284100371
"411" 1 677.776078250001 756.284981332988
"412" 1 678.19694125 767.617641663856
"413" 1 679.753449000001 1783.04246644012
"414" 1 686.828002499994 691.051575284569
"415" 1 688.534158499998 769.316493764552
"416" 1 688.587984499998 708.69426839443
"417" 1 689.734944999994 767.880568609151
"418" 1 690.972612999994 1011.41548194523
"419" 1 695.450186499999 754.086669226336
"420" 1 695.624404 965.904318468203
"421" 1 696.693848500004 755.625332671478
"422" 1 699.672534499998 700.136069193099
"423" 1 706.13001425 733.834565190405
"424" 1 706.598084249999 737.678379191279
"425" 1 711.927845000002 1027.16371533509
"426" 1 714.372168250004 802.28134730957
"427" 1 718.0890265 903.592184373244
"428" 1 724.573527250004 724.63846825112
"429" 1 726.278829249998 860.936259417624
"430" 1 727.2073225 809.298777377481
"431" 1 728.29211625 1652.62388831138
"432" 1 728.519508250002 958.996450426206
"433" 1 730.162062500001 1660.20519688837
"434" 1 733.821231250004 803.919315575028
"435" 1 734.946217000004 760.354437246016
"436" 1 736.665375999999 739.010439310529
"437" 1 737.09118025 1275.55898735359
"438" 1 737.147801000003 1046.72838296028
"439" 1 738.573907999998 1526.04072003156
"440" 1 740.093600500001 889.582079922129
"441" 1 742.749127249996 835.834109529357
"442" 1 743.465546 1530.62815652583
"443" 1 746.612526250001 815.124103543874
"444" 1 747.5256985 852.605187449961
"445" 1 748.101192499997 754.103996316075
"446" 1 748.332731249999 1597.29182347815
"447" 1 750.95477125 960.126344159932
"448" 1 752.085681999998 757.758793624176
"449" 1 752.175344500004 752.601198654026
"450" 1 758.495437249999 1045.02296710829
"451" 1 758.933341000003 769.893568062742
"452" 1 761.537344500001 917.360706011966
"453" 1 762.768323999997 821.679940067973
"454" 1 766.192623249992 856.650770587097
"455" 1 766.815723249996 768.616473077144
"456" 1 768.112335249997 770.313525032999
"457" 1 768.1646565 791.260002443428
"458" 1 768.53319425 771.329191893615
"459" 1 770.480337250003 889.989445641513
"460" 1 770.610331249995 816.789552513861
"461" 1 772.030746500001 825.035777512258
"462" 1 776.506539249998 816.078625937853
"463" 1 776.654580499997 948.113241494091
"464" 1 778.088653000001 782.73426274269
"465" 1 780.594662250002 902.691919657969
"466" 1 786.45432325 2087.10008934205
"467" 1 787.390906250001 944.616339234877
"468" 1 788.96417125 1305.49836981177
"469" 1 791.421510500002 804.947610340943
"470" 1 791.758753999997 793.46655927614
"471" 1 792.102629000005 853.198979439516
"472" 1 795.88813925 863.25177622275
"473" 1 797.263026499999 1378.07783113745
"474" 1 798.736612249999 804.365993815592
"475" 1 798.954682000002 805.766301546012
"476" 1 799.025886250002 854.019402412684
"477" 1 803.490540249996 840.35697424546
"478" 1 803.687451250004 1034.22427689406
"479" 1 804.14307625 865.861303418076
"480" 1 805.630990249997 871.932399969899
"481" 1 806.741224249998 1816.41615141712
"482" 1 808.898222499999 1094.45383810829
"483" 1 809.310415249999 814.916932044043
"484" 1 810.914978249998 1514.87880253137
"485" 1 818.6765085 1111.12167466446
"486" 1 818.720153 855.060447068903
"487" 1 820.375909 1351.18442758797
"488" 1 823.122508499999 920.129783642928
"489" 1 825.685624249999 933.050272567101
"490" 1 826.428362500002 893.873906504066
"491" 1 830.41037 1023.64789720282
"492" 1 831.07315525 1219.78497268676
"493" 1 833.139301249999 1295.939093141
"494" 1 836.253392 1484.54161141733
"495" 1 838.493105000001 947.810425828013
"496" 1 840.732010000001 878.949995975613
"497" 1 844.233962500002 901.135457793749
"498" 1 844.236141250004 847.576969434649
"499" 1 846.792036250003 1065.10629149183
"500" 1 846.804598249998 935.651488504562
"501" 1 847.029220249998 882.493763712474
"502" 1 848.60582125 999.380546118512
"503" 1 850.025884249996 905.48724417239
"504" 1 855.642487249999 860.117407868562
"505" 1 858.05008 924.210185481505
"506" 1 858.206925249998 1144.4077938576
"507" 1 859.43160425 934.973013264815
"508" 1 859.7394445 915.769803815342
"509" 1 863.676589250004 910.463458331285
"510" 1 863.890510250001 864.054818833165
"511" 1 866.978124999997 890.120465929194
"512" 1 870.635691250001 1276.95111476864
"513" 1 871.504623250002 892.939514816284
"514" 1 871.571166249998 876.731496726138
"515" 1 872.516881 1073.53659535617
"516" 1 872.751286250002 961.911753162274
"517" 1 874.088129000005 874.425211644801
"518" 1 874.2838985 1486.43211256857
"519" 1 879.539939999996 1160.46864076796
"520" 1 880.003144000005 915.613044075086
"521" 1 880.4947925 989.336173304894
"522" 1 880.94988925 1314.86742305117
"523" 1 881.889811249997 991.978525880255
"524" 1 882.270649999998 1093.60329955844
"525" 1 882.398978500001 1549.49955634493
"526" 1 883.785849999996 1769.16304926369
"527" 1 883.81144025 984.08134843289
"528" 1 886.927065249999 901.108360629519
"529" 1 887.221399250002 1193.26405949898
"530" 1 889.513659250003 898.474427662393
"531" 1 892.335392500001 918.793964316631
"532" 1 895.577565250004 1024.54104686263
"533" 1 896.215602500004 902.449632771545
"534" 1 897.788206249999 901.498770350074
"535" 1 898.3850625 940.667450859033
"536" 1 900.084152499999 906.205129819182
"537" 1 901.728588250003 939.04699329759
"538" 1 902.768209250007 960.303969683854
"539" 1 902.922236500002 928.125574845477
"540" 1 907.168900500001 1032.21889605653
"541" 1 907.20064025 907.34377389978
"542" 1 909.343200499997 910.054572434711
"543" 1 909.765461249999 910.358072461888
"544" 1 912.769169000002 1026.72136311074
"545" 1 914.284758499999 1121.47894764541
"546" 1 918.579224249994 1145.45005608017
"547" 1 922.540921250001 1327.3123134246
"548" 1 923.059324999999 1022.77942014233
"549" 1 924.3096525 989.500267022106
"550" 1 928.390332500002 1197.2010499783
"551" 1 929.531653000002 954.812473165386
"552" 1 930.753633999999 1362.18436047393
"553" 1 932.498226250002 1114.7984333015
"554" 1 936.449506250002 1063.71353056642
"555" 1 937.817916250001 1202.02764327463
"556" 1 938.462898250002 987.637522905374
"557" 1 940.977444250001 1120.52500036821
"558" 1 941.821953999999 943.752749469223
"559" 1 945.953942499998 1182.2854678452
"560" 1 946.659780249998 1023.22325482878
"561" 1 946.838341250002 1019.12795197368
"562" 1 947.87280125 1000.24004951369
"563" 1 952.889106249998 1115.10626914004
"564" 1 954.504165249996 1014.84672498349
"565" 1 957.415623250006 966.888157345727
"566" 1 964.032262250002 1035.86412367341
"567" 1 967.317523249999 1010.9451053423
"568" 1 973.95850625 980.763039967888
"569" 1 980.842450250004 985.031381829198
"570" 1 982.274010249998 1029.91854899751
"571" 1 984.739340250001 1007.87536666782
"572" 1 987.332591250006 1022.07426512761
"573" 1 990.11093425 990.840707085594
"574" 1 992.638262500001 1014.55931861184
"575" 1 1008.21198925 1024.67012130341
"576" 1 1009.74997825 1011.23244180899
"577" 1 1009.860745 1009.86122936773
"578" 1 1016.27043050001 1021.4434959049
"579" 1 1019.49210725 1022.54369616882
"580" 1 1026.0343825 1057.34587482348
"581" 1 1032.95308225 1036.82894005921
"582" 1 1043.32893125 1060.03659866881
"583" 1 1047.0619265 1119.76209809198
"584" 1 1049.33865125 1080.66834659732
"585" 1 1063.92197025 1190.18416470221
"586" 1 1065.5380205 1096.21795177028
"587" 1 1070.13034125 1295.09845957357
"588" 1 1071.0669905 1197.96375533829
"589" 1 1082.05479625 1138.22756069496
"590" 1 1083.07293125 1101.63840537918
"591" 1 1084.330629 1306.42125414794
"592" 1 1090.8856525 1129.45681664883
"593" 1 1097.2841765 1178.45231593496
"594" 1 1102.27630225 1130.48468427205
"595" 1 1102.90538 1103.06112149028
"596" 1 1105.99999525 1106.73714736083
"597" 1 1111.5358885 1119.61080368714
"598" 1 1115.328365 1459.26004715816
"599" 1 1115.65254125 1122.50459663156
"600" 1 1116.4535585 1245.59966031987
"601" 1 1136.70558125 1137.01993482457
"602" 1 1145.09259125 1278.53173990643
"603" 1 1147.00632325 1147.11750113128
"604" 1 1148.69970625 1158.2698201541
"605" 1 1154.82812825 1351.22642876879
"606" 1 1160.96518325 1162.62409761767
"607" 1 1164.7681685 1166.03592137408
"608" 1 1180.79225225 1214.74155712584
"609" 1 1181.310773 1831.24201036075
"610" 1 1198.3215665 1238.95633421453
"611" 1 1198.390132 1203.34277049325
"612" 1 1217.05085125 1249.37296423278
"613" 1 1219.48637625 1333.14778773461
"614" 1 1226.01993625 1263.2896142543
"615" 1 1231.84589725 1261.2492811192
"616" 1 1243.2028265 1348.4195317817
"617" 1 1248.86099125 1260.48175587916
"618" 1 1250.33422725 1455.60581960885
"619" 1 1255.735325 1855.74811317976
"620" 1 1267.61210325 1415.46100836446
"621" 1 1273.0647505 1375.57223688998
"622" 1 1274.71513525 1417.30655829245
"623" 1 1280.68168 1448.11851915066
"624" 1 1284.19534325 1293.02519865556
"625" 1 1293.8155225 1397.82946334441
"626" 1 1296.94852125 1453.12923061504
"627" 1 1302.70392625 1319.35000712056
"628" 1 1303.4942185 1322.47951290943
"629" 1 1312.279994 1428.97489955274
"630" 1 1313.67429125 1386.82356744326
"631" 1 1316.40331625 1384.14504312334
"632" 1 1316.43388025 1609.70355077196
"633" 1 1320.17681525 1376.80286929786
"634" 1 1323.04798125 1773.57548302432
"635" 1 1323.14882625 1333.54407166773
"636" 1 1341.19466 1389.52744560766
"637" 1 1361.76913325 1511.07821433389
"638" 1 1366.56362825 1437.66965417897
"639" 1 1380.80741 1446.45522857518
"640" 1 1381.95531399999 1400.9887587239
"641" 1 1382.42185625 1398.21632410395
"642" 1 1411.449898 1443.60004445936
"643" 1 1414.93914500001 1417.87002017324
"644" 1 1423.30853125 1423.40796968733
"645" 1 1455.58332925 1460.12676380339
"646" 1 1466.63371125 1488.22010343425
"647" 1 1495.2875405 1499.75661983702
"648" 1 1530.48354499999 1530.48949295892
"649" 1 1534.91081725 1616.17594387176
"650" 1 1563.48571625 1749.07259593381
"651" 1 1577.14623725 1581.05866837201
"652" 1 1589.64004625 1618.2204176788
"653" 1 1592.8100505 1748.68957404291
"654" 1 1612.48163225 1617.48618653988
"655" 1 1631.06186449999 1638.31533642775
"656" 1 1642.06300025 1642.17673215412
"657" 1 1678.01408 1798.23627281991
"658" 1 1692.48935425 1715.97450101151
"659" 1 1697.33965025 1703.66842834099
"660" 1 1754.014496 1839.19559019804
"661" 1 1754.0377585 1754.4860829211
"662" 1 1803.67164125 1867.54536498746
"663" 1 1832.21028425 1838.74815275806
"664" 1 1895.403848 1926.31061296631
"665" 1 2326.085281 2752.03377438618
"666" 1 2738.9681665 2742.5858343148
"667" 1 3009.32252525 3009.84085820367
