"dimension" "Birth" "Death"
"1" 0 0 Inf
"2" 0 0 476.689936499999
"3" 0 0 470.956516000001
"4" 0 0 409.702602249999
"5" 0 0 282.518439250002
"6" 0 0 314.5074685
"7" 0 0 214.511484999999
"8" 0 0 393.974260249999
"9" 0 0 267.766948000001
"10" 0 0 492.1858105
"11" 0 0 178.124552999999
"12" 0 0 137.32820225
"13" 0 0 220.548288999999
"14" 0 0 154.512289
"15" 0 0 426.420421250001
"16" 0 0 127.969652499999
"17" 0 0 60.5389865000014
"18" 0 0 403.660704499999
"19" 0 0 265.385462500001
"20" 0 0 335.58528125
"21" 0 0 85.646886250001
"22" 0 0 66.4840562499998
"23" 0 0 417.27622325
"24" 0 0 207.272871249998
"25" 0 0 290.373077249998
"26" 0 0 380.937588999999
"27" 0 0 326.433744249998
"28" 0 0 115.75480625
"29" 0 0 208.633553999999
"30" 0 0 105.021291249999
"31" 0 0 428.709298250002
"32" 0 0 356.815978250001
"33" 0 0 334.722597249998
"34" 0 0 75.507385999999
"35" 0 0 312.865045250001
"36" 0 0 246.31064225
"37" 0 0 413.69963125
"38" 0 0 121.672889000002
"39" 0 0 444.358380499997
"40" 0 0 311.149412500002
"41" 0 0 353.814410000002
"42" 0 0 222.742667249999
"43" 0 0 239.2602745
"44" 0 0 356.0903865
"45" 0 0 267.386401249999
"46" 0 0 290.014874500002
"47" 0 0 272.948626
"48" 0 0 325.828986249998
"49" 0 0 213.531459249999
"50" 0 0 272.34925925
"51" 0 0 229.01252225
"52" 0 0 289.224519250002
"53" 0 0 181.595038249998
"54" 0 0 373.014472499999
"55" 0 0 246.829768249999
"56" 0 0 170.128345000001
"57" 0 0 417.784286249999
"58" 0 0 333.215873999999
"59" 0 0 115.98696225
"60" 0 0 308.826986499999
"61" 0 0 243.313755250001
"62" 0 0 331.26496225
"63" 0 0 255.646465000001
"64" 0 0 242.866933000001
"65" 0 0 260.112324250003
"66" 0 0 481.660285250003
"67" 0 0 168.96435725
"68" 0 0 446.44437725
"69" 0 0 270.0783425
"70" 0 0 306.302581249999
"71" 0 0 137.694845250002
"72" 0 0 70.7508762499997
"73" 0 0 292.920721249999
"74" 0 0 240.301996250001
"75" 0 0 543.201738500001
"76" 0 0 261.07723025
"77" 0 0 32.7940324999996
"78" 0 0 305.6064125
"79" 0 0 232.872438250001
"80" 0 0 193.016712499999
"81" 0 0 249.67154425
"82" 0 0 349.193545999999
"83" 0 0 222.952410499998
"84" 0 0 162.893241250001
"85" 0 0 322.45271125
"86" 0 0 192.663276499999
"87" 0 0 278.349730000001
"88" 0 0 308.455013000001
"89" 0 0 177.912368999999
"90" 0 0 92.2273672500011
"91" 0 0 155.871104500001
"92" 0 0 94.4550224999985
"93" 0 0 326.088149000001
"94" 0 0 174.419742249998
"95" 0 0 183.957490000001
"96" 0 0 266.755248500001
"97" 0 0 384.542660500001
"98" 0 0 194.283441999998
"99" 0 0 327.139922
"100" 0 0 379.546628000003
"101" 0 0 74.4103022499992
"102" 0 0 112.943292500001
"103" 0 0 300.070663999998
"104" 0 0 130.682192000001
"105" 0 0 398.969886250002
"106" 0 0 118.29606025
"107" 0 0 185.62443925
"108" 0 0 237.222034249999
"109" 0 0 335.696682500003
"110" 0 0 211.007568999998
"111" 0 0 331.479850000003
"112" 0 0 382.96096225
"113" 0 0 417.6942685
"114" 0 0 144.787831250002
"115" 0 0 154.224409000001
"116" 0 0 356.802406250001
"117" 0 0 305.40084325
"118" 0 0 347.299791250001
"119" 0 0 450.125299999998
"120" 0 0 426.1207985
"121" 0 0 358.259502500001
"122" 0 0 194.387391249999
"123" 0 0 267.675882500001
"124" 0 0 233.537462500003
"125" 0 0 488.211517249999
"126" 0 0 240.964470499999
"127" 0 0 304.492373000002
"128" 0 0 364.530921250002
"129" 0 0 201.577375249999
"130" 0 0 216.8084565
"131" 0 0 163.20962425
"132" 0 0 237.78486925
"133" 0 0 259.232851999999
"134" 0 0 279.698625999997
"135" 0 0 173.37554725
"136" 0 0 149.644201249999
"137" 0 0 184.000909249998
"138" 0 0 437.352892250002
"139" 0 0 368.109417249999
"140" 0 0 429.039272250001
"141" 0 0 305.574531250001
"142" 0 0 313.641814250002
"143" 0 0 320.193493000003
"144" 0 0 378.871793
"145" 0 0 105.188329000001
"146" 0 0 298.976131250002
"147" 0 0 289.957385249999
"148" 0 0 220.792225000001
"149" 0 0 214.5015045
"150" 0 0 475.564824999999
"151" 0 0 390.442329999999
"152" 0 0 450.779566249999
"153" 0 0 232.335940500003
"154" 0 0 258.546362499998
"155" 0 0 250.1234305
"156" 0 0 302.7614665
"157" 0 0 196.448548
"158" 0 0 234.678131999999
"159" 0 0 280.861562
"160" 0 0 148.78602225
"161" 0 0 326.279897
"162" 0 0 331.662976249999
"163" 0 0 224.61520625
"164" 0 0 322.528122250001
"165" 0 0 229.463131249999
"166" 0 0 213.650592250001
"167" 0 0 258.664386499999
"168" 0 0 318.003736499998
"169" 0 0 222.331260999999
"170" 0 0 356.568452
"171" 0 0 446.984402
"172" 0 0 294.403894249997
"173" 0 0 354.254660000001
"174" 0 0 302.697030500001
"175" 0 0 356.461692249999
"176" 0 0 172.519661000001
"177" 0 0 242.998138
"178" 0 0 192.13729
"179" 0 0 241.26756625
"180" 0 0 130.149170000002
"181" 0 0 214.46862025
"182" 0 0 182.569441000001
"183" 0 0 218.098693
"184" 0 0 565.581353
"185" 0 0 260.108372499998
"186" 0 0 258.711716249998
"187" 0 0 328.473664249999
"188" 0 0 253.200751249997
"189" 0 0 320.375897
"190" 0 0 283.51164825
"191" 0 0 372.37905325
"192" 0 0 185.831942499999
"193" 0 0 161.755585000001
"194" 0 0 255.033866250001
"195" 0 0 181.208312500001
"196" 0 0 212.880810250001
"197" 0 0 268.477031250001
"198" 0 0 191.170375999999
"199" 0 0 279.33740125
"200" 0 0 107.402640499999
"201" 0 0 335.096108999999
"202" 0 0 147.343696000001
"203" 0 0 286.188646250002
"204" 0 0 178.321426
"205" 0 0 110.480290249999
"206" 0 0 306.36347625
"207" 0 0 465.364072999999
"208" 0 0 433.032615250004
"209" 0 0 96.8003432500001
"210" 0 0 136.664336249999
"211" 0 0 544.32270125
"212" 0 0 150.1357465
"213" 0 0 388.296695249999
"214" 0 0 101.982915249999
"215" 0 0 297.705410000001
"216" 0 0 379.681891999999
"217" 0 0 239.82625
"218" 0 0 251.356405250001
"219" 0 0 176.192781249999
"220" 0 0 207.635877249998
"221" 0 0 180.654480250001
"222" 0 0 138.844059250002
"223" 0 0 209.483367250002
"224" 0 0 110.943586
"225" 0 0 545.871385250001
"226" 0 0 255.6779985
"227" 0 0 191.969056250001
"228" 0 0 93.1057302499998
"229" 0 0 294.341832
"230" 0 0 151.336833249999
"231" 0 0 346.069201250001
"232" 0 0 427.759221250001
"233" 0 0 179.869844249999
"234" 0 0 404.88998625
"235" 0 0 473.174131249999
"236" 0 0 159.967188250002
"237" 0 0 239.655200000002
"238" 0 0 301.953971249999
"239" 0 0 198.613125249999
"240" 0 0 426.534036249999
"241" 0 0 367.556112499997
"242" 0 0 384.092559999998
"243" 0 0 341.327079999997
"244" 0 0 323.267554250003
"245" 0 0 176.326326499999
"246" 0 0 57.2856485000002
"247" 0 0 324.106321999998
"248" 0 0 128.510940499999
"249" 0 0 90.2070002499987
"250" 0 0 268.585065250001
"251" 0 0 295.797860999998
"252" 0 0 215.2741865
"253" 0 0 282.730646500001
"254" 0 0 481.31963125
"255" 0 0 403.677628249998
"256" 0 0 134.33828525
"257" 0 0 304.507051249997
"258" 0 0 363.620146250001
"259" 0 0 182.736561999999
"260" 0 0 597.883922499999
"261" 0 0 217.33841025
"262" 0 0 157.251061250001
"263" 0 0 81.3242722499997
"264" 0 0 142.623720500001
"265" 0 0 163.080020000001
"266" 0 0 198.84377825
"267" 0 0 317.82608525
"268" 0 0 503.1855905
"269" 0 0 406.55723125
"270" 0 0 276.686467249998
"271" 0 0 83.036450250001
"272" 0 0 170.14914025
"273" 0 0 232.61962325
"274" 0 0 417.606345
"275" 0 0 316.729156249998
"276" 1 170.736393250002 259.724913635506
"277" 1 173.094972500001 173.566395860294
"278" 1 179.5662145 190.978824093283
"279" 1 181.648262500001 288.356577547144
"280" 1 182.6114905 187.896132996492
"281" 1 182.976504249999 212.369619167583
"282" 1 187.915980499997 213.397798705697
"283" 1 190.453932499999 242.417186736803
"284" 1 193.40948225 242.787388574965
"285" 1 198.579681249998 203.052330649565
"286" 1 203.7222445 210.861379900432
"287" 1 218.553412999998 248.120432153911
"288" 1 234.861898 240.561486924661
"289" 1 240.86626525 280.01904870289
"290" 1 243.561705999999 461.076299230416
"291" 1 243.743220500002 257.142282427317
"292" 1 245.771545 287.055277407586
"293" 1 249.481672250002 554.801287170575
"294" 1 250.578280249999 256.308676061481
"295" 1 253.623897250001 426.86528018503
"296" 1 256.688738500002 256.849307979662
"297" 1 258.568816249999 338.739493213025
"298" 1 261.29520625 296.603578191496
"299" 1 261.365826249999 326.153683277031
"300" 1 263.79647425 301.479943444638
"301" 1 270.528196249999 309.177226105918
"302" 1 273.934326249999 310.216800193397
"303" 1 274.1613745 485.332285587025
"304" 1 274.495698499998 302.433860579841
"305" 1 278.126333 353.834955302999
"306" 1 278.200914499998 552.707483551467
"307" 1 281.480312499999 309.783562620376
"308" 1 283.575495249997 514.443912431108
"309" 1 284.26488625 305.416738563985
"310" 1 287.1598985 342.162191196297
"311" 1 288.216868 303.4928204309
"312" 1 292.926143250001 375.010213181559
"313" 1 293.579986500001 443.796226985881
"314" 1 298.322209000002 303.453620013775
"315" 1 299.126766249997 326.274535418785
"316" 1 300.214753000003 439.272885592013
"317" 1 304.869517 335.671738653924
"318" 1 311.386176250001 627.507432430309
"319" 1 311.754248500002 377.398412445327
"320" 1 311.895664999998 717.898332225784
"321" 1 312.761971250002 361.824775326297
"322" 1 313.584661000001 317.73730190589
"323" 1 313.627354250002 397.581029809172
"324" 1 314.138792499999 358.469547442451
"325" 1 316.564021250001 709.351644050121
"326" 1 318.258721250001 413.482336933233
"327" 1 319.396552250001 420.253800911987
"328" 1 319.87688525 453.863614067652
"329" 1 320.554512499999 351.306760764738
"330" 1 323.580156249997 401.856452573896
"331" 1 328.20342125 448.183333185914
"332" 1 328.294873250002 354.976672799414
"333" 1 328.550421249999 542.262084848146
"334" 1 330.660317249997 421.934446270413
"335" 1 336.729469 466.299554535384
"336" 1 337.612374499998 464.183422844907
"337" 1 337.871096500004 338.384279131184
"338" 1 338.200788999999 419.723206627633
"339" 1 339.208935249999 369.998078892731
"340" 1 339.907800500002 425.347006137852
"341" 1 340.966608250005 460.688772841171
"342" 1 343.322296250002 389.898201226628
"343" 1 345.58437125 362.395855000106
"344" 1 345.75415625 371.387093625906
"345" 1 345.940552250001 427.88413789126
"346" 1 348.583866249999 395.530618750796
"347" 1 353.42466725 542.92544579934
"348" 1 354.653828000002 355.540184413392
"349" 1 357.627034250003 397.047226976069
"350" 1 357.789574250003 393.464340692441
"351" 1 358.589652249998 518.627579039653
"352" 1 360.4431025 439.578226835741
"353" 1 361.252405000002 391.331458092055
"354" 1 361.416496250001 383.15960599338
"355" 1 361.563589249998 461.075837389279
"356" 1 361.775509000001 655.21155851096
"357" 1 364.76321525 391.626371371363
"358" 1 369.850639999997 376.621365724752
"359" 1 370.301898499999 934.106214254193
"360" 1 372.238116500001 376.000899987525
"361" 1 372.365794000001 456.342384005339
"362" 1 372.382794499999 375.338170163967
"363" 1 372.555257000002 678.049230707674
"364" 1 372.926425000001 798.384707920514
"365" 1 374.301435250001 391.080655342052
"366" 1 376.565569249999 545.792663079919
"367" 1 378.235581249996 568.945340888378
"368" 1 379.403160999998 545.183435841958
"369" 1 379.9431665 621.058159765982
"370" 1 380.421012500004 416.436143350979
"371" 1 381.2091005 386.05717585284
"372" 1 381.358289250001 391.018291232122
"373" 1 381.393030500001 609.6795786194
"374" 1 381.98073125 651.369784891275
"375" 1 382.309732999999 414.917868415552
"376" 1 384.576115250001 604.393690870006
"377" 1 385.79879425 435.007070864989
"378" 1 386.267274 407.998907832447
"379" 1 387.054554499998 411.555277618311
"380" 1 387.98577025 547.468967851556
"381" 1 388.661802249999 404.507833802297
"382" 1 390.307276249997 472.029314222833
"383" 1 391.1989825 444.14423425285
"384" 1 391.7013325 863.899828305936
"385" 1 392.514473249999 408.508779263103
"386" 1 393.002330499999 393.169954635511
"387" 1 393.369147250001 450.507035179343
"388" 1 396.470013250001 486.953657261454
"389" 1 396.5091025 579.179929233585
"390" 1 396.758450249999 495.764321875384
"391" 1 396.8679685 492.968518005638
"392" 1 396.879908000002 410.099220406
"393" 1 398.673956249999 452.082708319029
"394" 1 398.728910499995 479.263450391475
"395" 1 398.941704250002 423.938583875315
"396" 1 399.272114499999 817.534609005583
"397" 1 400.802748250002 454.64321447626
"398" 1 401.848728250001 453.620940556227
"399" 1 404.629858250002 473.959091090005
"400" 1 405.040964000003 405.045762032113
"401" 1 407.353247999999 451.736557980085
"402" 1 407.369792499997 470.348854375415
"403" 1 409.693992499999 490.562615206728
"404" 1 410.316436000005 432.856279226187
"405" 1 410.505244249997 426.222375734052
"406" 1 410.967613249999 566.215364167034
"407" 1 411.4589065 433.395498420534
"408" 1 413.311025250001 495.178999602086
"409" 1 413.441909000001 445.505213107085
"410" 1 414.26646425 458.188893174865
"411" 1 414.721418499999 441.793899619069
"412" 1 414.92904625 901.370214465296
"413" 1 415.015890249999 704.777577903649
"414" 1 416.20133725 479.131672043093
"415" 1 416.83540625 429.756219820157
"416" 1 418.163170249999 487.745508973235
"417" 1 418.91640625 599.404833790435
"418" 1 419.990244250002 450.516986137055
"419" 1 421.061656499996 421.061998943078
"420" 1 422.476262500001 426.424557514786
"421" 1 425.853276249999 507.303452638889
"422" 1 426.558181000001 478.805654622211
"423" 1 427.43915525 563.176790737597
"424" 1 428.354947249997 645.297648241156
"425" 1 432.104131999999 442.675771730312
"426" 1 432.253898500003 438.319195041326
"427" 1 432.85429525 438.057375017358
"428" 1 434.490661249998 869.215764418677
"429" 1 435.377809 690.055442797933
"430" 1 440.88271025 617.343254809109
"431" 1 441.38453 1254.33334961394
"432" 1 442.782232250001 442.931421372751
"433" 1 445.741636250004 488.803026888344
"434" 1 446.963785 528.546590535624
"435" 1 448.084921250002 556.338472609888
"436" 1 448.666632249996 455.612842985541
"437" 1 448.69254725 506.842510090652
"438" 1 449.9701625 488.000176269982
"439" 1 451.225352 856.680700077315
"440" 1 452.077375999999 468.338204958768
"441" 1 452.512226500002 495.634584741469
"442" 1 454.094429 609.743938887324
"443" 1 456.745642249998 1274.6169274504
"444" 1 456.83931025 914.696005787058
"445" 1 458.030171250004 458.17806834972
"446" 1 458.84084625 594.890087908416
"447" 1 459.070284999998 672.879403166089
"448" 1 465.229831249999 563.030601752806
"449" 1 467.1746425 522.818047786307
"450" 1 467.52081125 469.232064121927
"451" 1 468.380268999997 590.381689835755
"452" 1 468.388458250003 1031.9975385909
"453" 1 468.509805249999 533.130611682619
"454" 1 469.845660499999 610.423302106532
"455" 1 472.63038525 583.873754043134
"456" 1 473.242256499996 552.370499642528
"457" 1 474.643705250001 734.958051156662
"458" 1 475.287540500001 485.629012002284
"459" 1 475.6514365 513.969635257591
"460" 1 476.003352499998 531.713848082155
"461" 1 477.043201 549.449713071524
"462" 1 477.315572499998 571.959409611054
"463" 1 477.893429 487.666795009748
"464" 1 480.822563249999 565.222063646504
"465" 1 481.719871999996 484.922864588049
"466" 1 483.367962499997 490.544067939164
"467" 1 485.631520999998 518.898953465764
"468" 1 486.320422249997 486.953707815854
"469" 1 488.803745 537.931545839117
"470" 1 494.039753999999 524.262405272283
"471" 1 494.144526500001 528.749299346758
"472" 1 494.537796000001 541.209695483555
"473" 1 495.757836500002 529.780321110391
"474" 1 497.1893165 720.107164133275
"475" 1 497.638026500002 554.353573852683
"476" 1 497.653650000001 1157.63278041992
"477" 1 498.58920725 692.628198813769
"478" 1 498.613818249999 1043.46669922626
"479" 1 498.982003250004 844.933696326351
"480" 1 505.553018500002 1060.66611978762
"481" 1 506.243537 635.846486460747
"482" 1 507.850372250001 806.223905310151
"483" 1 509.351541250002 555.151425189855
"484" 1 509.365231250001 1107.58422550706
"485" 1 511.634082250005 516.783749024256
"486" 1 511.967862250001 541.460313169935
"487" 1 512.663262500001 517.525258965495
"488" 1 512.713706500001 742.777024304344
"489" 1 514.214725000001 547.352813515879
"490" 1 514.469559250002 919.540407492564
"491" 1 515.075873 824.25241746676
"492" 1 520.297602500001 1013.4145490476
"493" 1 520.389097000001 630.253524601182
"494" 1 520.938665 971.301162233393
"495" 1 521.658384999999 540.566525438183
"496" 1 521.896729000004 558.889592616434
"497" 1 521.952238250001 533.206353455245
"498" 1 522.365526250001 629.48534997358
"499" 1 524.010589249998 616.804623849594
"500" 1 524.438821 540.35036574847
"501" 1 524.537210000001 525.718972204083
"502" 1 525.624558499998 526.925465621665
"503" 1 525.741406249998 1487.79747688262
"504" 1 525.833125 608.7598057086
"505" 1 526.231279250006 716.919172291859
"506" 1 530.899283249999 888.481331888543
"507" 1 530.9827745 667.761829542199
"508" 1 531.599728250002 577.876584992587
"509" 1 533.093287249997 572.408485200826
"510" 1 533.264434000002 808.311486453968
"511" 1 533.381383999998 879.625030277041
"512" 1 533.7294125 537.295958073291
"513" 1 533.908378000001 581.39062242281
"514" 1 535.560696249997 559.576257150286
"515" 1 536.388618499998 774.444182330242
"516" 1 538.03578725 717.197620730526
"517" 1 538.585776250002 783.249289893351
"518" 1 540.825041250002 947.685193479247
"519" 1 541.05266825 541.534444947375
"520" 1 541.451450000002 943.29316700452
"521" 1 541.612906250002 610.238579561304
"522" 1 542.35074925 607.926759589831
"523" 1 545.404884999999 571.156377927659
"524" 1 550.026170000001 1151.92709230965
"525" 1 550.454410000001 731.528498082969
"526" 1 551.384656000001 619.618575881338
"527" 1 552.915051250001 558.047986999463
"528" 1 554.633438499998 640.933620699283
"529" 1 555.168993999998 670.000923106443
"530" 1 556.95132125 719.243874948083
"531" 1 558.480544 827.745125551032
"532" 1 560.467649249999 561.289268151409
"533" 1 565.653378249999 651.658713382358
"534" 1 568.349149250001 602.257399448245
"535" 1 572.285508500002 587.539908448309
"536" 1 575.695210249998 581.948996217092
"537" 1 576.119081000002 614.16947245039
"538" 1 580.952913249998 582.892300933916
"539" 1 580.98805225 745.540740738017
"540" 1 581.67054625 628.603849862617
"541" 1 583.047991250001 598.703200868852
"542" 1 583.79702625 601.954328574053
"543" 1 583.845730000003 1105.15417796558
"544" 1 584.908566500001 624.795634594085
"545" 1 585.10244225 599.74021820207
"546" 1 585.2744945 901.041011486616
"547" 1 588.756856250006 641.691664932332
"548" 1 593.5697245 653.335915336905
"549" 1 594.00154125 670.366688166652
"550" 1 596.566906000002 1098.71855743404
"551" 1 597.039144999999 942.131735373206
"552" 1 599.811204499997 621.57304180365
"553" 1 600.446301249998 680.745786131213
"554" 1 601.276740999998 960.948427797986
"555" 1 603.270184250001 605.045914787233
"556" 1 603.419893000004 655.769870479213
"557" 1 603.693734500001 605.381564412421
"558" 1 606.562254500002 612.410761061672
"559" 1 607.06177625 658.302293448277
"560" 1 607.159488500001 653.402242003862
"561" 1 613.144951249999 645.697028252555
"562" 1 616.529034499999 616.729113163056
"563" 1 618.555385999999 618.673153135897
"564" 1 618.561037 688.097459190497
"565" 1 624.029466249999 1354.44530863754
"566" 1 627.220485000001 1000.26845906089
"567" 1 627.532026249999 1025.5365767588
"568" 1 628.066112000003 708.747179137729
"569" 1 630.409896250001 635.683921230089
"570" 1 631.44993825 757.550555260796
"571" 1 634.95601825 636.017769299017
"572" 1 637.251244999997 639.354911408625
"573" 1 637.334172499999 676.674972379728
"574" 1 638.158950250003 643.092803613815
"575" 1 638.401066250003 672.252030905199
"576" 1 639.977281 661.126305196463
"577" 1 641.63730625 725.891083705463
"578" 1 643.340133249997 652.277002079404
"579" 1 643.359016250001 959.333945039386
"580" 1 643.578180499999 655.539543695953
"581" 1 644.45445 757.154345092041
"582" 1 648.112852000001 658.349220415374
"583" 1 650.14698625 721.62584646264
"584" 1 650.80850125 664.617296843931
"585" 1 653.395416249999 1026.06790611659
"586" 1 654.87040925 686.265104823057
"587" 1 655.143363249999 657.928473593766
"588" 1 657.38066225 1115.6695335447
"589" 1 658.37061725 674.516476455072
"590" 1 669.175956250001 677.255486988576
"591" 1 673.145801000002 678.805737505866
"592" 1 683.939545000004 953.860292246076
"593" 1 685.544499999998 720.113268895209
"594" 1 687.888841999997 715.345882789423
"595" 1 689.558479249998 856.717346537043
"596" 1 690.141561249995 716.497353399751
"597" 1 691.608312250001 786.961533744676
"598" 1 696.499765250004 698.631294641638
"599" 1 697.234990499999 782.272863246212
"600" 1 698.296927249998 701.312246319809
"601" 1 704.060029250003 778.791977280217
"602" 1 706.301121250002 707.308117715999
"603" 1 707.660214500001 736.734844103695
"604" 1 710.805580249998 738.407267701985
"605" 1 734.231738250007 819.530581642333
"606" 1 736.0097705 740.459378221575
"607" 1 740.830580999998 791.802561552904
"608" 1 741.472146499999 774.284185181869
"609" 1 742.207810000002 742.385313398556
"610" 1 744.03287325 785.281926700524
"611" 1 747.25756625 749.896573775785
"612" 1 747.73014625 765.372101906162
"613" 1 755.58626225 805.241886931623
"614" 1 755.627756499998 785.243966204366
"615" 1 755.856218 760.41862632211
"616" 1 755.949667250002 803.770713700206
"617" 1 770.254035999998 771.710105576697
"618" 1 772.225989249999 784.205076508269
"619" 1 776.085576500001 776.706725082116
"620" 1 779.053179250003 801.071373020128
"621" 1 779.752329250001 794.263648068751
"622" 1 782.086805000005 788.946507811991
"623" 1 785.007379250003 796.769480846222
"624" 1 805.035259249996 858.824436966315
"625" 1 811.531702250001 882.288469933002
"626" 1 814.112770499999 1062.00902281186
"627" 1 820.424405000002 1074.16918261652
"628" 1 824.762851250002 866.84386155413
"629" 1 825.59761925 825.981362966359
"630" 1 826.819649000001 837.852327410126
"631" 1 827.173642000001 939.021234970198
"632" 1 831.615194499999 855.842727018372
"633" 1 836.258177000001 1027.16654993639
"634" 1 839.350021249998 899.954179427739
"635" 1 841.315650499998 876.355512566741
"636" 1 843.007482000002 884.994168522196
"637" 1 851.851482249996 1051.25731462133
"638" 1 855.00566125 865.179305321892
"639" 1 855.527078250001 904.022081781888
"640" 1 856.446958249999 899.14920712326
"641" 1 856.539216000001 874.111746329593
"642" 1 857.730969999998 942.83409407289
"643" 1 860.521678250002 988.820474752166
"644" 1 864.057345999997 907.647751349026
"645" 1 872.947696999997 1262.86461732689
"646" 1 873.453689 929.183879279041
"647" 1 879.005475249999 900.189034408201
"648" 1 880.354513999994 881.579418569702
"649" 1 883.329283999998 892.464276333604
"650" 1 886.534033249997 921.197462421302
"651" 1 890.236615250001 1520.55670405961
"652" 1 890.884059249997 916.385226561949
"653" 1 898.566031250002 941.567648136216
"654" 1 905.531904250003 960.097181098038
"655" 1 906.79598225 907.272963975575
"656" 1 917.537586249998 924.345789443834
"657" 1 921.584136250001 921.676407903797
"658" 1 929.854570500002 930.267705579134
"659" 1 939.467289999999 960.998072980354
"660" 1 978.8005125 1088.57603861327
"661" 1 987.929496500001 1003.23508157426
"662" 1 997.842341000003 1016.45556461683
"663" 1 1012.920869 1032.38306510292
"664" 1 1024.51060625 1026.48712293654
"665" 1 1045.4343545 1045.73905988015
"666" 1 1058.691842 1131.34370789685
"667" 1 1124.74778125 1126.5734281697
"668" 1 1219.67179024999 1230.72734180295
"669" 1 1243.8565525 1250.31508619539
"670" 1 1256.4567985 1263.73794387638
"671" 1 1466.2701925 1482.12683906631
