"dimension" "Birth" "Death"
"1" 0 0 Inf
"2" 0 0 482.944157
"3" 0 0 394.922332249999
"4" 0 0 482.741562500001
"5" 0 0 372.038404500001
"6" 0 0 433.698852500001
"7" 0 0 415.838730499996
"8" 0 0 306.803597000001
"9" 0 0 429.357878499999
"10" 0 0 521.478817000002
"11" 0 0 358.839271249999
"12" 0 0 480.71558125
"13" 0 0 447.854917000005
"14" 0 0 303.776032500002
"15" 0 0 379.456086499999
"16" 0 0 507.88566925
"17" 0 0 382.83279625
"18" 0 0 400.113786500002
"19" 0 0 451.436386249999
"20" 0 0 380.819720499999
"21" 0 0 336.329554250002
"22" 0 0 652.996129999997
"23" 0 0 236.436249999998
"24" 0 0 326.3064745
"25" 0 0 467.02782425
"26" 0 0 321.49719725
"27" 0 0 398.549035250003
"28" 0 0 444.883973000003
"29" 0 0 407.391402499998
"30" 0 0 323.879875250001
"31" 0 0 492.921453249999
"32" 0 0 520.118012499998
"33" 0 0 374.654296250001
"34" 0 0 300.146760000002
"35" 0 0 395.867401250001
"36" 0 0 328.3487005
"37" 0 0 437.871454249999
"38" 0 0 404.666990500001
"39" 0 0 305.438026000001
"40" 0 0 236.77736525
"41" 0 0 354.116365000001
"42" 0 0 295.436782249999
"43" 0 0 417.878211250001
"44" 0 0 404.309621249998
"45" 0 0 608.074806250003
"46" 0 0 543.927062500001
"47" 0 0 443.31967525
"48" 0 0 193.2287985
"49" 0 0 280.158716499999
"50" 0 0 436.2366565
"51" 0 0 426.110842
"52" 0 0 227.524258000002
"53" 0 0 407.771688250003
"54" 0 0 256.825321999999
"55" 0 0 419.616665
"56" 0 0 421.955089999999
"57" 0 0 619.990193000001
"58" 0 0 427.33211525
"59" 0 0 300.270964249999
"60" 0 0 377.824294250001
"61" 0 0 338.496822500001
"62" 0 0 268.912140250001
"63" 0 0 353.792242
"64" 0 0 322.440981250001
"65" 0 0 390.687366250002
"66" 0 0 330.545532249998
"67" 0 0 319.322617000001
"68" 0 0 574.936488999997
"69" 0 0 368.334566499994
"70" 0 0 406.301139249998
"71" 0 0 340.544715249999
"72" 0 0 210.11146025
"73" 0 0 412.898978
"74" 0 0 482.850181249998
"75" 0 0 327.1238505
"76" 0 0 602.000954500002
"77" 0 0 273.856998500002
"78" 0 0 565.335506
"79" 0 0 229.68030625
"80" 0 0 543.464682500001
"81" 0 0 294.1006825
"82" 0 0 633.505293249999
"83" 0 0 290.890385
"84" 0 0 359.838372250001
"85" 0 0 427.815401
"86" 0 0 392.497100999998
"87" 0 0 787.21598225
"88" 0 0 390.490738249999
"89" 0 0 293.220888250003
"90" 0 0 432.304708249999
"91" 0 0 314.293306499998
"92" 0 0 499.532161249998
"93" 0 0 601.222040500001
"94" 0 0 326.442458250001
"95" 0 0 461.306918500001
"96" 0 0 402.988333249997
"97" 0 0 447.755942250001
"98" 0 0 342.6112925
"99" 0 0 239.69339225
"100" 0 0 487.996224249999
"101" 0 0 477.932886500003
"102" 0 0 268.154402499997
"103" 0 0 213.4675285
"104" 0 0 550.903705249999
"105" 0 0 500.402234250001
"106" 0 0 527.693985000002
"107" 0 0 544.072345999999
"108" 0 0 379.451160500001
"109" 0 0 318.096076999999
"110" 0 0 405.641665250003
"111" 0 0 460.726744249998
"112" 0 0 554.823994250004
"113" 0 0 669.904545250001
"114" 0 0 288.866781250001
"115" 0 0 398.45933
"116" 0 0 421.176642499998
"117" 0 0 521.759622499999
"118" 0 0 271.041786000001
"119" 0 0 279.092648
"120" 0 0 647.922064
"121" 0 0 326.916147999998
"122" 0 0 497.882665249998
"123" 0 0 456.741354500002
"124" 0 0 739.776079999995
"125" 0 0 303.295354000001
"126" 0 0 138.38782625
"127" 0 0 389.61125
"128" 0 0 441.561900249999
"129" 0 0 289.0140025
"130" 0 0 434.95908125
"131" 0 0 589.622649999998
"132" 0 0 446.763781250001
"133" 0 0 344.996905250001
"134" 0 0 645.721817
"135" 0 0 396.4538845
"136" 0 0 292.428202499999
"137" 0 0 413.69458325
"138" 0 0 284.77
"139" 0 0 432.016094250001
"140" 0 0 241.22206325
"141" 0 0 362.7513745
"142" 0 0 217.190450000001
"143" 0 0 430.66196
"144" 0 0 106.7173165
"145" 0 0 530.434239249995
"146" 0 0 435.30878725
"147" 0 0 304.182330249999
"148" 0 0 490.608260000001
"149" 0 0 117.94195125
"150" 0 0 382.134506499999
"151" 0 0 219.579302500001
"152" 0 0 354.270035250001
"153" 0 0 328.576356249999
"154" 0 0 383.80285125
"155" 0 0 366.677109249998
"156" 0 0 450.4015125
"157" 0 0 652.69325125
"158" 0 0 313.540773249999
"159" 0 0 223.262689
"160" 0 0 304.493966500001
"161" 0 0 370.516832999997
"162" 0 0 289.807008250003
"163" 0 0 547.224487999997
"164" 0 0 307.892725
"165" 0 0 264.427133000001
"166" 0 0 366.755618000001
"167" 0 0 311.2319125
"168" 0 0 218.540056500001
"169" 0 0 538.114555250002
"170" 0 0 252.986994499998
"171" 0 0 347.06757625
"172" 0 0 354.314610000001
"173" 0 0 541.942165000005
"174" 0 0 313.576921
"175" 0 0 666.032448499997
"176" 0 0 248.528956249999
"177" 0 0 211.9508225
"178" 0 0 533.37267925
"179" 0 0 259.64043625
"180" 0 0 490.923132499999
"181" 0 0 150.4904185
"182" 0 0 324.238741250002
"183" 0 0 494.832639249999
"184" 0 0 354.55879925
"185" 0 0 176.15004325
"186" 0 0 371.796992500001
"187" 0 0 244.603521000001
"188" 0 0 588.114744999997
"189" 0 0 276.69482
"190" 0 0 263.24036525
"191" 0 0 254.561506250001
"192" 0 0 331.161408499999
"193" 0 0 379.527121000003
"194" 0 0 364.354201250002
"195" 0 0 263.8240625
"196" 0 0 388.969449999999
"197" 0 0 188.279005
"198" 0 0 125.82101725
"199" 0 0 684.508880499999
"200" 0 0 276.72788725
"201" 0 0 487.671838250003
"202" 0 0 300.943952999999
"203" 0 0 301.53357125
"204" 0 0 311.178062500001
"205" 0 0 432.059240499999
"206" 0 0 283.206250000002
"207" 0 0 279.940856500001
"208" 0 0 764.512832249993
"209" 0 0 220.197612500001
"210" 0 0 387.1776925
"211" 0 0 255.320074249997
"212" 0 0 404.912492500003
"213" 0 0 391.250162500001
"214" 0 0 164.67063425
"215" 0 0 336.821816249999
"216" 0 0 259.341195249999
"217" 0 0 307.718908250001
"218" 0 0 202.89045125
"219" 0 0 383.693251249999
"220" 0 0 167.7394
"221" 0 0 592.522393249996
"222" 0 0 219.16622125
"223" 0 0 208.512339999998
"224" 0 0 566.614244500003
"225" 0 0 308.3759765
"226" 0 0 327.533005000002
"227" 0 0 392.955296500002
"228" 0 0 241.070671249998
"229" 0 0 514.61638925
"230" 0 0 311.662991249997
"231" 0 0 443.137870250001
"232" 0 0 342.814873249999
"233" 0 0 388.336083250001
"234" 0 0 351.146953249998
"235" 0 0 189.16927325
"236" 0 0 255.9949925
"237" 0 0 484.653496499999
"238" 0 0 278.21221425
"239" 0 0 361.913026500001
"240" 0 0 701.018368000003
"241" 0 0 370.13983825
"242" 0 0 269.076680000001
"243" 0 0 267.503994250001
"244" 0 0 502.775750249996
"245" 0 0 235.471771249999
"246" 0 0 159.802136500001
"247" 0 0 323.0121465
"248" 0 0 194.241169999999
"249" 0 0 199.463120000001
"250" 0 0 646.692997250003
"251" 0 0 558.596965000001
"252" 0 0 140.951787250001
"253" 0 0 346.778498249998
"254" 0 0 642.859756250008
"255" 0 0 276.139471250001
"256" 0 0 558.951177249998
"257" 0 0 453.30813725
"258" 0 0 519.281282500003
"259" 0 0 485.046062499996
"260" 0 0 229.554552249999
"261" 0 0 473.431814499995
"262" 0 0 966.98488225
"263" 0 0 551.489138499999
"264" 0 0 421.4291885
"265" 0 0 262.728752500004
"266" 0 0 528.4394065
"267" 0 0 238.306902250001
"268" 0 0 393.09463225
"269" 0 0 675.128442500003
"270" 0 0 654.972684499994
"271" 0 0 253.1401685
"272" 0 0 260.110733
"273" 0 0 386.240652500002
"274" 0 0 176.708851999999
"275" 0 0 370.537434
"276" 1 253.807002500001 535.323178802288
"277" 1 272.636998250001 272.685607834899
"278" 1 278.851444 298.933223465016
"279" 1 283.03864025 293.545045123102
"280" 1 295.645754 344.948009660016
"281" 1 308.7769925 330.333301632745
"282" 1 321.86183725 393.635116571915
"283" 1 331.9405625 430.534449839832
"284" 1 332.574488500003 367.443879414419
"285" 1 332.850326499999 469.333305533414
"286" 1 336.131594500001 362.181175865445
"287" 1 340.130976249999 664.762691807744
"288" 1 350.858196249999 425.168583483777
"289" 1 353.139023250002 641.672519701079
"290" 1 364.295389249998 436.977331170926
"291" 1 376.987771250003 612.612715811125
"292" 1 383.016552250001 465.082721768949
"293" 1 386.474465 392.851120269364
"294" 1 387.227696500001 615.113223401703
"295" 1 390.171283249998 455.311865639754
"296" 1 390.391627250001 459.525612574837
"297" 1 392.552508500001 490.076933669407
"298" 1 400.670172499999 452.532377985837
"299" 1 402.3785965 414.405678009915
"300" 1 407.313192500003 536.220457699524
"301" 1 411.111025 446.536929646736
"302" 1 414.36899225 810.148948150636
"303" 1 416.11453925 564.66891521917
"304" 1 417.398136250001 531.395944570897
"305" 1 420.735097000001 899.48797747342
"306" 1 422.965780249999 888.154020669861
"307" 1 428.145908000002 486.792264962148
"308" 1 431.641970499999 558.815375672873
"309" 1 431.793742250002 486.776067100117
"310" 1 432.455802499999 513.566036964954
"311" 1 434.5508285 537.438348212198
"312" 1 436.292362250001 497.319560577654
"313" 1 438.447896499999 553.545299114415
"314" 1 439.165668999999 910.767056242323
"315" 1 440.438400000002 929.680324999714
"316" 1 440.801377000002 442.910951941852
"317" 1 443.521600999999 444.543098375553
"318" 1 447.082542250001 658.162576913486
"319" 1 447.93120125 620.153860686966
"320" 1 449.57770325 694.48527653184
"321" 1 449.966329250001 977.948438143306
"322" 1 452.299334499994 615.285056391743
"323" 1 452.48534825 689.902508454339
"324" 1 452.585128249999 480.273191016974
"325" 1 452.734926499999 512.424829906061
"326" 1 454.23409 528.050146883658
"327" 1 454.691784499998 512.781111654773
"328" 1 455.13608825 672.384610113633
"329" 1 458.295201249999 708.227524057554
"330" 1 461.448471250001 507.770625277664
"331" 1 461.484499999999 728.434746206345
"332" 1 462.6829925 476.417992040538
"333" 1 464.382051249999 586.15980541944
"334" 1 464.888569999998 552.491015032602
"335" 1 467.18419725 479.782514528628
"336" 1 467.264307250001 693.569064984113
"337" 1 470.08154425 492.83615089845
"338" 1 471.310147999999 486.562107891667
"339" 1 473.67489325 557.02384692471
"340" 1 475.301538500001 476.614541187152
"341" 1 476.67377925 894.231382297738
"342" 1 476.760001249999 832.26437592641
"343" 1 477.5541065 585.696445350896
"344" 1 478.171216249997 504.032481541162
"345" 1 479.079116499998 566.203479780558
"346" 1 480.791941249999 675.938299390149
"347" 1 484.825392250002 738.404272277228
"348" 1 484.961425000002 762.094900313187
"349" 1 486.858826000001 583.35456857567
"350" 1 489.355029250001 977.952797934896
"351" 1 491.129668000003 1202.36664046626
"352" 1 492.192146500003 669.460973807127
"353" 1 492.468972499999 641.16806891545
"354" 1 495.928099999999 546.984414652621
"355" 1 496.415747249998 570.972174951617
"356" 1 499.70793825 958.790272097535
"357" 1 499.719271250001 744.167401822072
"358" 1 500.320429000001 759.095976118523
"359" 1 503.980965 546.767739147558
"360" 1 504.462212500002 751.96272595483
"361" 1 505.423262250001 1082.89463731263
"362" 1 505.511912250004 906.085893474355
"363" 1 505.882610000002 779.256569458476
"364" 1 506.063512999999 629.629033591281
"365" 1 509.40017 1065.7305747527
"366" 1 509.82249125 748.849296372256
"367" 1 511.738563999999 536.620043020513
"368" 1 512.122549250002 724.325345399351
"369" 1 512.274582500001 537.272657526655
"370" 1 512.290324999999 949.035019258682
"371" 1 512.740995999999 796.344723517348
"372" 1 513.937504249998 610.885481167518
"373" 1 514.348484500004 903.397161176346
"374" 1 517.84399125 786.11376558066
"375" 1 520.245796249999 857.532368321473
"376" 1 520.523233000002 536.745730676845
"377" 1 520.607688249996 608.431392476421
"378" 1 522.17889125 835.501669261351
"379" 1 525.308681249999 771.233299526803
"380" 1 525.9007945 760.591078952125
"381" 1 526.407906500002 1122.36642922828
"382" 1 527.956382500002 596.111085833165
"383" 1 528.538292499995 769.641346729257
"384" 1 528.726471999999 782.171789533828
"385" 1 530.870411250001 574.242447230219
"386" 1 534.280168249999 636.995083342107
"387" 1 534.351848 641.444124219967
"388" 1 536.215507250001 740.146900985048
"389" 1 536.56734925 684.255496400651
"390" 1 537.535495249999 980.621789958028
"391" 1 538.599197250002 653.879306216376
"392" 1 546.450852250003 546.725443882746
"393" 1 546.713557 618.515477543873
"394" 1 547.685800250002 785.016061564107
"395" 1 548.441427249999 575.891876868488
"396" 1 550.2543325 739.220140599946
"397" 1 550.586941 994.195875913978
"398" 1 553.133206249998 639.768805052777
"399" 1 554.735718500004 560.467503972326
"400" 1 554.812661000001 555.586207263519
"401" 1 555.276488500001 764.533477689237
"402" 1 560.619542499998 608.716281492123
"403" 1 561.264391249997 575.502379516615
"404" 1 561.946043249999 1718.20124759971
"405" 1 561.9911525 1272.15889098411
"406" 1 564.1740745 793.335453417392
"407" 1 569.8939625 704.269784850996
"408" 1 573.263894249997 1207.16013605049
"409" 1 573.780701250002 715.435196674852
"410" 1 576.44965825 576.761564693314
"411" 1 576.520521249997 685.866169631921
"412" 1 577.496296000001 1451.71650731541
"413" 1 577.648505 937.597753337433
"414" 1 579.126712499996 607.689991976845
"415" 1 579.249377999999 579.379719916851
"416" 1 579.323553249998 813.790401315927
"417" 1 581.007482499999 679.060996983768
"418" 1 583.997832499998 598.076188651563
"419" 1 587.016156250001 604.736149908678
"420" 1 587.390784999999 769.818985572428
"421" 1 587.522482 628.230752801391
"422" 1 588.194945 640.50904840024
"423" 1 588.45449 699.888314045089
"424" 1 591.126400250002 636.273236187704
"425" 1 591.732438249998 693.182197855054
"426" 1 595.871485250002 910.480300852738
"427" 1 596.687980999999 798.326400027021
"428" 1 596.803704250002 641.50917875952
"429" 1 597.517262500002 763.182750397003
"430" 1 597.917178500002 699.572789954734
"431" 1 601.31659925 746.862005272015
"432" 1 601.607836249999 661.620723837066
"433" 1 602.02808825 928.331553233793
"434" 1 603.182784499999 805.125055109201
"435" 1 605.47104725 606.836070341897
"436" 1 606.115502499996 1044.04243621884
"437" 1 607.84809625 685.504589339834
"438" 1 608.417634500001 608.54630248659
"439" 1 609.411536500001 1231.48832453989
"440" 1 613.345971249999 805.185447902819
"441" 1 613.936593249999 648.888975583283
"442" 1 614.152656499999 619.833757643298
"443" 1 614.870511250001 710.655372632437
"444" 1 614.883100500001 1067.20755770552
"445" 1 615.82564 792.419815988483
"446" 1 615.8954845 802.814590799914
"447" 1 617.867406499998 663.07828362155
"448" 1 619.102861 928.262077478958
"449" 1 619.479720000002 788.809486801099
"450" 1 620.01002225 646.182191092294
"451" 1 620.318682250001 697.967316374366
"452" 1 621.125451250001 640.465386833286
"453" 1 621.67261025 648.208815418589
"454" 1 624.933005000004 821.691896326117
"455" 1 624.968311250002 890.642547968995
"456" 1 626.175166499999 1021.87447151675
"457" 1 627.629550250002 1062.80453879132
"458" 1 627.708376250002 716.13121106063
"459" 1 627.803176499998 704.638975286059
"460" 1 629.836246250002 1034.96539324398
"461" 1 632.40261925 635.55017519558
"462" 1 632.883732499999 727.951741974199
"463" 1 634.130129249998 641.015765219688
"464" 1 642.790493 747.753499932259
"465" 1 643.521679249999 815.074966211607
"466" 1 644.207591249999 655.869649753467
"467" 1 646.129288 720.81329609729
"468" 1 646.667736999996 1062.37319000774
"469" 1 646.798498249998 972.839746990542
"470" 1 647.529224000001 738.453401018502
"471" 1 648.401931249998 915.752586795577
"472" 1 649.353490000001 749.405467116198
"473" 1 649.781496499997 1027.37300766173
"474" 1 651.972079250001 765.627205723424
"475" 1 652.023992499998 681.099119280292
"476" 1 652.65587825 767.697505947881
"477" 1 653.462433 907.12206617491
"478" 1 653.971010500001 1043.98847459347
"479" 1 655.93078625 833.324793336831
"480" 1 656.6698125 744.354738160165
"481" 1 656.904350500002 699.962035228109
"482" 1 657.017091999998 959.014520923533
"483" 1 657.052221250001 985.472189278178
"484" 1 658.179006249999 807.730686416362
"485" 1 661.173540249998 694.892636092341
"486" 1 661.95277025 751.823940691544
"487" 1 662.683050500002 665.711107441917
"488" 1 662.702252500001 895.000753813371
"489" 1 666.620886500001 671.923826444607
"490" 1 667.438762250001 775.803096059812
"491" 1 667.781512000001 688.473764777701
"492" 1 668.728886500002 1116.55833466055
"493" 1 669.670305250001 684.973743184563
"494" 1 669.865664499999 670.042406588247
"495" 1 670.510325000003 694.614706292535
"496" 1 672.051606499995 1130.72213935475
"497" 1 672.211539249999 675.992765144654
"498" 1 672.265495250001 1199.26203383367
"499" 1 673.856499999998 752.92935060359
"500" 1 675.200521000001 963.011346944918
"501" 1 675.55744525 713.244911776194
"502" 1 676.891800500003 813.553624863247
"503" 1 677.590995250001 1022.04685316095
"504" 1 677.905185250003 1061.68256419726
"505" 1 678.235348249998 681.910420913981
"506" 1 679.271078249999 717.734783255795
"507" 1 679.56193125 680.753758861924
"508" 1 680.333158250001 999.227003255138
"509" 1 680.345793249998 683.958743473617
"510" 1 680.832357250002 713.97843407321
"511" 1 683.080296999999 727.107429313581
"512" 1 684.966894250001 730.642178694514
"513" 1 687.106344249997 780.904690295065
"514" 1 687.822236999993 819.056618368915
"515" 1 688.339261249998 688.404105435511
"516" 1 689.404760999999 1067.78117725409
"517" 1 690.2818 690.612529217516
"518" 1 691.516729999996 873.778089637847
"519" 1 692.727291249999 1257.14352799528
"520" 1 692.930005000002 1088.74082095706
"521" 1 695.71627425 925.761950369944
"522" 1 695.72621 1291.4803093103
"523" 1 698.194479249999 740.488452138676
"524" 1 698.593520250001 709.750235323984
"525" 1 699.628932250002 706.069041814837
"526" 1 701.048218 967.932560706004
"527" 1 701.129458000001 778.987739331226
"528" 1 701.822783250004 890.212138864333
"529" 1 702.211630500002 751.272959620014
"530" 1 703.76441 750.023119157167
"531" 1 704.344584249999 1372.0706620632
"532" 1 705.707190499995 983.409094256221
"533" 1 706.006956249997 1666.53928077295
"534" 1 709.574440250004 1321.33953265424
"535" 1 710.33508025 740.353379021743
"536" 1 710.356357250002 1276.07651157544
"537" 1 711.289916500001 807.710967842768
"538" 1 713.576173249999 733.147770192529
"539" 1 714.580529000002 751.12744382971
"540" 1 716.457838500001 1272.25872773246
"541" 1 716.879233250004 768.944427087282
"542" 1 718.57601825 731.317619312467
"543" 1 719.928045 833.398710257368
"544" 1 720.83135825 797.188057125474
"545" 1 724.09518725 789.498357736194
"546" 1 724.350916999997 1007.93423030393
"547" 1 725.551245249997 728.496880620255
"548" 1 725.786988250005 881.94227100221
"549" 1 726.25571825 888.968225658832
"550" 1 726.760162250002 963.308833354534
"551" 1 727.953002499998 1240.44260587414
"552" 1 728.385126250001 732.992169717505
"553" 1 730.081345999999 858.675882078586
"554" 1 733.922287249996 765.781652327958
"555" 1 734.935082500002 827.245870133514
"556" 1 736.332325 800.508692723127
"557" 1 737.401758250002 879.819416490532
"558" 1 737.954571249998 822.961457512975
"559" 1 738.449343250002 765.96192883336
"560" 1 739.14486025 751.609544815868
"561" 1 745.4072825 752.108510257868
"562" 1 752.523087999999 784.209816515939
"563" 1 754.517413250004 768.829752481477
"564" 1 758.812824999998 1190.7708577121
"565" 1 760.042226249999 762.02259624214
"566" 1 760.4934065 786.357906269827
"567" 1 761.432463999998 794.626156791478
"568" 1 764.831610500001 1425.35071776717
"569" 1 768.433040000001 1086.00567764971
"570" 1 777.131612499999 789.244262338196
"571" 1 779.04514125 786.107733017167
"572" 1 780.991033 792.332809841227
"573" 1 781.611418250004 853.177342156391
"574" 1 782.923156249999 832.960533379349
"575" 1 785.449093249997 912.554853061935
"576" 1 786.362547250006 1212.20687381395
"577" 1 786.459351249999 897.410278068006
"578" 1 789.837686500004 885.156473692629
"579" 1 790.687682500001 800.519651361786
"580" 1 792.073393000001 830.577494848525
"581" 1 792.448972249999 792.451992071267
"582" 1 793.724512500002 802.168111773526
"583" 1 795.311202249994 840.2008337477
"584" 1 795.772518250004 920.335173061325
"585" 1 801.762402500004 1286.50795420416
"586" 1 804.38054425 944.840604485418
"587" 1 804.397510250007 1036.79268844781
"588" 1 811.402696249998 812.304091950217
"589" 1 812.41770625 812.475625918137
"590" 1 815.962428249997 907.591537921103
"591" 1 816.01453125 884.266563614879
"592" 1 820.024296250002 823.665091570601
"593" 1 820.281960000002 985.957162569009
"594" 1 820.953754000002 822.48360181129
"595" 1 821.110093249999 1050.42596965712
"596" 1 821.533783249997 848.498260900553
"597" 1 829.011156500001 834.170890541029
"598" 1 829.397965249998 841.766645137139
"599" 1 830.961624999999 849.470123176984
"600" 1 833.124662499997 977.100131085491
"601" 1 839.334378500003 1225.97569889735
"602" 1 839.52179125 873.157971938344
"603" 1 841.151469250001 897.266505456894
"604" 1 843.203442249999 1352.54650571834
"605" 1 843.520018250001 926.376000289104
"606" 1 844.343150499999 851.047085517827
"607" 1 845.302258249999 909.455675563541
"608" 1 851.907065000003 890.21313343404
"609" 1 851.915969000002 871.785792523661
"610" 1 852.6951145 1100.84405313359
"611" 1 854.641208249994 941.862417066025
"612" 1 856.487281250001 887.506748636379
"613" 1 857.624107250002 871.721940651256
"614" 1 859.8901505 872.836215622144
"615" 1 863.406788499999 873.311779283228
"616" 1 863.939522000001 920.151356714214
"617" 1 865.004598249995 1207.15052177806
"618" 1 866.62058125 876.352641222117
"619" 1 869.697986499997 939.726411260308
"620" 1 876.241843999999 876.600199611691
"621" 1 877.35061025 1029.78639630704
"622" 1 879.364464500004 893.657813165659
"623" 1 879.7946985 905.437005880184
"624" 1 882.037050499996 894.975627526919
"625" 1 882.172686250002 916.831122159894
"626" 1 884.443479250001 907.022528973751
"627" 1 884.526507249999 942.922451599836
"628" 1 886.131322000002 887.97909170493
"629" 1 888.135728499998 1052.31312441382
"630" 1 889.704682250001 961.732537897027
"631" 1 890.138833999995 986.772767596654
"632" 1 890.884105249999 891.795137635359
"633" 1 894.45519025 1209.50169074589
"634" 1 894.848425250001 895.725949561671
"635" 1 903.49740625 927.216092306325
"636" 1 907.535818249995 990.725304924734
"637" 1 909.634052499993 911.491553955366
"638" 1 911.19887125 1125.55238790328
"639" 1 917.641773000002 1012.08054025451
"640" 1 918.298189249998 948.666515111608
"641" 1 921.140649999999 956.051229401595
"642" 1 922.181114499999 954.98128813868
"643" 1 922.218400999999 926.866825660405
"644" 1 923.876697250004 1136.03920266867
"645" 1 924.998915250004 1525.63163299081
"646" 1 928.127988250003 940.379547541908
"647" 1 930.2529925 943.970753015556
"648" 1 930.9509065 1080.76726464613
"649" 1 933.013281250003 1021.89141199777
"650" 1 933.313200250002 1029.93180203768
"651" 1 940.112021000002 953.633176929012
"652" 1 957.644972500001 958.533822149675
"653" 1 963.261226249998 1026.09816180658
"654" 1 963.752856250002 1062.26387589983
"655" 1 967.849098500001 979.552235162642
"656" 1 973.349393000005 981.330551056793
"657" 1 983.770782250002 1021.81908615292
"658" 1 1004.568625 1189.40743796509
"659" 1 1012.2289885 1034.64227469832
"660" 1 1014.63475625 1033.77570704356
"661" 1 1020.12879699999 1021.16607296645
"662" 1 1023.6655525 1176.01283814456
"663" 1 1025.23025125 1038.22723726222
"664" 1 1030.2142385 1072.02443437476
"665" 1 1032.896218 1034.34614150561
"666" 1 1033.097728 1221.16533969759
"667" 1 1036.65005 1055.91965867744
"668" 1 1049.412074 1058.6660664063
"669" 1 1054.62985624999 1113.45278781654
"670" 1 1056.611125 1056.78069690012
"671" 1 1064.2595405 1121.35725365279
"672" 1 1072.9113865 1127.17786911701
"673" 1 1074.57003024999 1122.84039306204
"674" 1 1075.16187849999 1085.97273020752
"675" 1 1075.57059725 1130.85263880458
"676" 1 1078.9498585 1079.35052543524
"677" 1 1101.00989025 1123.52888459443
"678" 1 1118.573417 1337.55074396671
"679" 1 1125.772433 1216.55124548355
"680" 1 1128.18232925 1201.58916574172
"681" 1 1165.637029 1199.77599901585
"682" 1 1168.10130125 1169.91733414668
"683" 1 1169.31315125 1174.77973687536
"684" 1 1172.784629 1202.39399403628
"685" 1 1172.83123599999 1178.45087517379
"686" 1 1191.61302325 1225.17917148798
"687" 1 1203.65050625 1254.91126692739
"688" 1 1208.853841 1390.17824059006
"689" 1 1209.80953125 1210.56712794737
"690" 1 1233.171701 1259.73195774315
"691" 1 1240.5045385 1240.68968262397
"692" 1 1240.76453225 1243.69156896602
"693" 1 1247.1175125 1254.50187781492
"694" 1 1328.8587385 1349.09183781128
"695" 1 1383.6240625 1465.39925996939
"696" 1 1384.37820925 1384.89405162045
"697" 1 1423.3983425 1437.36252739898
