"dimension" "Birth" "Death"
"1" 0 0 Inf
"2" 0 0 329.173354
"3" 0 0 466.06399925
"4" 0 0 440.616206499998
"5" 0 0 383.798009250002
"6" 0 0 359.563481
"7" 0 0 456.050146250004
"8" 0 0 204.72960625
"9" 0 0 390.342783999999
"10" 0 0 355.196050250002
"11" 0 0 323.416344250001
"12" 0 0 248.45901925
"13" 0 0 437.489215999998
"14" 0 0 234.986356000002
"15" 0 0 415.47053025
"16" 0 0 167.691264250001
"17" 0 0 273.717604250002
"18" 0 0 213.547149000001
"19" 0 0 379.956588249996
"20" 0 0 317.36465325
"21" 0 0 97.5034712499988
"22" 0 0 387.02701925
"23" 0 0 296.445825000001
"24" 0 0 535.530351249998
"25" 0 0 146.698337
"26" 0 0 396.95645125
"27" 0 0 277.275700249999
"28" 0 0 254.000321999999
"29" 0 0 292.018756250002
"30" 0 0 377.427109250001
"31" 0 0 219.388035249999
"32" 0 0 136.869214249998
"33" 0 0 87.9046672500005
"34" 0 0 219.516558500001
"35" 0 0 372.822397250001
"36" 0 0 366.77725925
"37" 0 0 459.94471225
"38" 0 0 242.875928499998
"39" 0 0 365.83749425
"40" 0 0 453.224762500001
"41" 0 0 366.139926499999
"42" 0 0 365.282532249999
"43" 0 0 104.7162845
"44" 0 0 209.9778305
"45" 0 0 354.139498000002
"46" 0 0 279.386369999999
"47" 0 0 134.524462249998
"48" 0 0 231.99765425
"49" 0 0 205.021572999998
"50" 0 0 310.997676999999
"51" 0 0 286.968457250001
"52" 0 0 255.869370250001
"53" 0 0 371.619854499999
"54" 0 0 239.715856249998
"55" 0 0 358.910657999998
"56" 0 0 454.206416500001
"57" 0 0 130.71600725
"58" 0 0 233.603354500003
"59" 0 0 451.041298000001
"60" 0 0 276.476225000002
"61" 0 0 157.144072499999
"62" 0 0 221.802239250001
"63" 0 0 375.98580625
"64" 0 0 369.384822499999
"65" 0 0 270.251991249997
"66" 0 0 322.052086250001
"67" 0 0 448.369015249998
"68" 0 0 408.008362500001
"69" 0 0 352.732637
"70" 0 0 255.893718249999
"71" 0 0 173.9253105
"72" 0 0 173.9125
"73" 0 0 295.483765000002
"74" 0 0 335.889679250003
"75" 0 0 232.8995045
"76" 0 0 251.242009250001
"77" 0 0 261.3028525
"78" 0 0 252.877017999998
"79" 0 0 262.85852125
"80" 0 0 90.0429852500003
"81" 0 0 166.517001999999
"82" 0 0 351.394141250001
"83" 0 0 177.391308249999
"84" 0 0 403.368735249997
"85" 0 0 156.368794500001
"86" 0 0 278.506548000001
"87" 0 0 223.331551249999
"88" 0 0 531.872768499998
"89" 0 0 351.720260000001
"90" 0 0 170.818666
"91" 0 0 268.163779999997
"92" 0 0 199.580121249997
"93" 0 0 218.314504000001
"94" 0 0 327.826228999999
"95" 0 0 263.120959999999
"96" 0 0 299.53055425
"97" 0 0 415.587733249999
"98" 0 0 285.0843645
"99" 0 0 285.118910499999
"100" 0 0 43.9183092499997
"101" 0 0 215.218020250002
"102" 0 0 302.712494500001
"103" 0 0 261.561406249999
"104" 0 0 220.732722499999
"105" 0 0 395.048593249998
"106" 0 0 126.25034
"107" 0 0 324.788516000002
"108" 0 0 349.85255625
"109" 0 0 468.515068250005
"110" 0 0 259.822658000003
"111" 0 0 254.779220249999
"112" 0 0 179.595322249999
"113" 0 0 284.31636325
"114" 0 0 73.6462239999988
"115" 0 0 520.270184250003
"116" 0 0 108.83288125
"117" 0 0 435.698820000002
"118" 0 0 236.460906249998
"119" 0 0 303.241024999999
"120" 0 0 419.868692999999
"121" 0 0 200.673104
"122" 0 0 276.09090925
"123" 0 0 185.290062500001
"124" 0 0 132.803945000001
"125" 0 0 596.641284500002
"126" 0 0 421.55182625
"127" 0 0 212.594686249999
"128" 0 0 296.096444500001
"129" 0 0 287.349127249999
"130" 0 0 220.75888225
"131" 0 0 220.04988625
"132" 0 0 297.2834245
"133" 0 0 204.704238250001
"134" 0 0 230.741068999999
"135" 0 0 558.822024999999
"136" 0 0 215.424097250003
"137" 0 0 261.815814250001
"138" 0 0 317.842137
"139" 0 0 277.256894499998
"140" 0 0 289.70908425
"141" 0 0 186.88322
"142" 0 0 192.636469250001
"143" 0 0 329.68029425
"144" 0 0 436.5356225
"145" 0 0 220.755784999997
"146" 0 0 255.039769000002
"147" 0 0 320.8863685
"148" 0 0 363.163781
"149" 0 0 227.383730499997
"150" 0 0 232.12887125
"151" 0 0 200.524251250001
"152" 0 0 277.8734185
"153" 0 0 148.008204999999
"154" 0 0 329.494324
"155" 0 0 276.66475625
"156" 0 0 248.82529825
"157" 0 0 283.828492999999
"158" 0 0 284.177442250003
"159" 0 0 384.5389225
"160" 0 0 337.740162499999
"161" 0 0 328.860004499999
"162" 0 0 252.387493249998
"163" 0 0 446.846596999999
"164" 0 0 141.315230500001
"165" 0 0 196.510145000001
"166" 0 0 203.4534385
"167" 0 0 255.64009
"168" 0 0 122.685748249998
"169" 0 0 483.913740499998
"170" 0 0 567.022957000001
"171" 0 0 191.886050000002
"172" 0 0 243.871440499998
"173" 0 0 439.507651250001
"174" 0 0 359.026206249999
"175" 0 0 225.470557250001
"176" 0 0 115.0050365
"177" 0 0 284.113533249998
"178" 0 0 226.36789325
"179" 0 0 226.159970500001
"180" 0 0 346.329362249999
"181" 0 0 290.446713249999
"182" 0 0 353.427386500001
"183" 0 0 397.572156250001
"184" 0 0 296.469696499999
"185" 0 0 317.892605000001
"186" 0 0 473.180186249999
"187" 0 0 353.671824999999
"188" 0 0 180.771451250001
"189" 0 0 387.166784499999
"190" 0 0 332.207689249998
"191" 0 0 406.911016000003
"192" 0 0 294.631887250002
"193" 0 0 90.4787999999981
"194" 0 0 177.525233000002
"195" 0 0 249.973038250001
"196" 0 0 233.46100625
"197" 0 0 192.1962325
"198" 0 0 204.583810500001
"199" 0 0 530.50366625
"200" 0 0 406.435429250001
"201" 0 0 363.808976
"202" 0 0 349.6220845
"203" 0 0 482.074715249999
"204" 0 0 242.4839785
"205" 0 0 175.689102250002
"206" 0 0 452.623502500002
"207" 0 0 413.73142025
"208" 0 0 311.356201000001
"209" 0 0 400.51578125
"210" 0 0 197.91849625
"211" 0 0 305.503368999999
"212" 0 0 172.458247999999
"213" 0 0 211.31007125
"214" 0 0 307.29894325
"215" 0 0 286.686344499999
"216" 0 0 273.018636250001
"217" 0 0 421.731466249999
"218" 0 0 432.050125
"219" 0 0 266.623812499998
"220" 0 0 210.95721725
"221" 0 0 160.532002000001
"222" 0 0 369.53172225
"223" 0 0 362.146675999997
"224" 0 0 200.7695285
"225" 0 0 398.803441250001
"226" 0 0 254.177040500001
"227" 0 0 493.289896250004
"228" 0 0 338.963761
"229" 0 0 281.493434499999
"230" 0 0 350.73173525
"231" 0 0 412.280887249999
"232" 0 0 513.340074249999
"233" 0 0 193.616488000001
"234" 0 0 508.476356
"235" 0 0 165.267946000002
"236" 0 0 527.808265
"237" 0 0 571.796917250004
"238" 0 0 618.715971250002
"239" 0 0 380.981736999999
"240" 0 0 249.83654425
"241" 0 0 299.731936250001
"242" 0 0 348.758312500001
"243" 0 0 491.675925250001
"244" 0 0 374.798498500001
"245" 0 0 270.887945000002
"246" 0 0 259.147596249999
"247" 0 0 162.126031249999
"248" 0 0 438.446963250002
"249" 0 0 136.930097
"250" 0 0 346.5802125
"251" 0 0 801.678180999998
"252" 0 0 289.335381249999
"253" 0 0 467.619764000003
"254" 0 0 703.166834500003
"255" 0 0 508.826209
"256" 1 132.25949125 141.423188695675
"257" 1 166.84113125 182.286818192876
"258" 1 195.257167250002 237.151711824478
"259" 1 200.72922125 214.417827745761
"260" 1 225.084031250001 377.490793750132
"261" 1 268.675902500001 313.916980787482
"262" 1 276.016490000003 276.176762865475
"263" 1 280.622288000002 409.000242925182
"264" 1 284.170793000001 321.914723570562
"265" 1 291.5086625 634.711383686494
"266" 1 292.23325 386.447803087439
"267" 1 301.0996565 342.15281923426
"268" 1 304.828111250001 617.94640477503
"269" 1 305.510299249999 335.258688752095
"270" 1 311.314538250002 331.876571031973
"271" 1 315.920272499999 404.379036213874
"272" 1 318.787008249999 373.624716772796
"273" 1 320.06306225 421.211860923968
"274" 1 322.9776805 388.204778395699
"275" 1 328.163782250001 459.982125898199
"276" 1 332.292686500001 455.748907947268
"277" 1 337.626648999999 448.719777779573
"278" 1 342.139119250001 364.710813553485
"279" 1 342.239328500005 347.039003096229
"280" 1 347.320052499999 369.374503491924
"281" 1 349.086922000001 385.830743533309
"282" 1 350.885008999999 404.525481043723
"283" 1 353.279392 549.451670656078
"284" 1 356.1649225 496.417658646239
"285" 1 362.43947825 407.903364454404
"286" 1 362.821644250001 364.960074558148
"287" 1 363.154288249999 419.090588098423
"288" 1 363.51834725 425.168973837986
"289" 1 363.768915249998 406.570881586881
"290" 1 366.265946250003 375.86509905398
"291" 1 367.57956325 367.628728477829
"292" 1 369.834637250001 371.637832025058
"293" 1 370.2356365 731.215609638539
"294" 1 370.592952499997 425.875539801392
"295" 1 371.637463250001 380.024233309845
"296" 1 371.878945249999 372.640445321258
"297" 1 372.600556249999 459.077964269887
"298" 1 373.58647825 381.974302916955
"299" 1 373.724966249999 640.813448710945
"300" 1 377.55627125 527.875232514904
"301" 1 378.422640499999 549.549666482441
"302" 1 380.394110499999 385.425127192169
"303" 1 380.567781250001 632.090995309873
"304" 1 381.164496500003 676.966315275791
"305" 1 381.661400500001 1223.77641831653
"306" 1 384.6839105 565.49578105591
"307" 1 386.617875250001 530.463356142259
"308" 1 387.522829000001 448.675635879567
"309" 1 387.953370249998 536.717621780938
"310" 1 388.048839999994 411.983034824221
"311" 1 390.060493250001 453.684451296319
"312" 1 391.874928249999 427.464312385258
"313" 1 397.790856999997 846.578012015803
"314" 1 398.375992999997 443.073796881044
"315" 1 400.364211249999 1067.16281854266
"316" 1 400.410235249998 544.64952267515
"317" 1 403.479948999999 515.729848428831
"318" 1 406.865131250001 429.353453850111
"319" 1 408.828212500001 468.70301485159
"320" 1 410.765425250003 452.741801189571
"321" 1 411.47360725 501.770868103493
"322" 1 411.842932000001 575.246835963187
"323" 1 414.664414250002 639.776440978016
"324" 1 416.859886250002 504.982083867392
"325" 1 417.812240499998 442.423566691738
"326" 1 418.288368249998 427.125669067119
"327" 1 418.690899250001 494.752201468034
"328" 1 419.823704249999 439.237656280112
"329" 1 420.301987249999 508.901580336904
"330" 1 420.646437250002 527.291494624793
"331" 1 422.360164999998 843.914834108404
"332" 1 422.829282500001 434.841725109405
"333" 1 423.910324 481.9721540439
"334" 1 424.33591225 512.29241825354
"335" 1 424.51106825 437.325525102617
"336" 1 424.514042 543.526063450606
"337" 1 425.457834500002 538.312963252068
"338" 1 426.661382500002 443.78628201532
"339" 1 429.20965025 445.802662019146
"340" 1 429.770580499998 510.138181163695
"341" 1 431.319062499999 521.983700746022
"342" 1 431.411664999998 480.327790300208
"343" 1 434.217196999999 473.16372247457
"344" 1 435.106606250001 435.842509921893
"345" 1 438.299322250001 1087.95653007434
"346" 1 439.146305000001 468.239293076017
"347" 1 440.311837250001 632.304461568342
"348" 1 440.665900250002 795.233287702154
"349" 1 441.592552250001 515.965093203586
"350" 1 441.997148499999 596.827680686043
"351" 1 443.615832250001 469.248999116158
"352" 1 444.619398250001 990.078640116486
"353" 1 447.520507249999 447.663238079136
"354" 1 448.3348985 465.828623103429
"355" 1 450.576373249998 469.36851934168
"356" 1 452.737613250001 606.44796111781
"357" 1 454.103778500001 504.429587081425
"358" 1 455.646860499998 641.594164566302
"359" 1 457.986105249997 952.488586169323
"360" 1 458.018210249997 624.092493337973
"361" 1 459.600957250001 493.82507014965
"362" 1 459.66215125 502.832017405669
"363" 1 460.505802250001 604.973007348403
"364" 1 460.643170000001 494.753765305542
"365" 1 461.10091325 463.898864212713
"366" 1 461.229270499999 481.45362332703
"367" 1 461.91849625 749.79147841257
"368" 1 464.287006250002 592.186749016329
"369" 1 465.504872500001 1096.21204983428
"370" 1 471.50745625 508.303052392493
"371" 1 471.733040500001 518.517479483799
"372" 1 474.67647925 488.727442030729
"373" 1 475.46204225 594.878525499962
"374" 1 476.306698250001 496.461448608383
"375" 1 476.471501 510.611794317123
"376" 1 479.676409000001 510.776499737515
"377" 1 481.780999250002 616.177859535706
"378" 1 485.6532865 518.752194250247
"379" 1 485.825740249999 543.82669211487
"380" 1 487.167186500001 617.229484321636
"381" 1 487.984447250001 561.153176926788
"382" 1 488.402549000001 494.124960481107
"383" 1 490.078096249998 658.792440911065
"384" 1 493.281994249999 1037.79765826097
"385" 1 494.499829250001 988.378833573273
"386" 1 498.141140499999 526.947579903292
"387" 1 499.690558249999 521.676571134048
"388" 1 499.932662500003 752.114333433908
"389" 1 500.969464250001 521.25026243465
"390" 1 501.301188 522.531037051722
"391" 1 506.404449 625.18426365016
"392" 1 506.669320999998 1264.91363697761
"393" 1 506.678355249998 851.543952707376
"394" 1 508.445870499998 508.617571412808
"395" 1 509.5247485 521.928024902257
"396" 1 510.785842249999 563.130304635895
"397" 1 513.287964499999 998.654233122255
"398" 1 516.100979250001 614.704213655514
"399" 1 519.359792500003 650.346980440426
"400" 1 520.80812425 543.890774484438
"401" 1 523.26936125 572.023738043988
"402" 1 524.501586499998 582.378202545764
"403" 1 524.906045000002 867.449902481914
"404" 1 527.269029249999 564.24628546001
"405" 1 527.990970250001 591.860582282864
"406" 1 530.953888000002 542.778690396031
"407" 1 531.891540000003 545.229226940422
"408" 1 532.412175250005 928.357045905768
"409" 1 532.4308025 849.74268286045
"410" 1 535.661445249999 551.334105780879
"411" 1 535.665431250004 541.279264847501
"412" 1 537.0447625 627.149214785573
"413" 1 537.86895125 925.839476783231
"414" 1 538.6451625 684.579538207171
"415" 1 539.073216250001 1299.61064405032
"416" 1 539.63481325 908.574671738299
"417" 1 539.902668500001 597.929916152514
"418" 1 541.096580000003 582.250696183808
"419" 1 541.3620965 551.530732803683
"420" 1 542.128100000001 603.363376412414
"421" 1 543.563353249999 1203.00035136284
"422" 1 545.974316500002 597.586974763583
"423" 1 547.958394250001 619.176126272044
"424" 1 549.9139025 572.17634078903
"425" 1 550.214881250001 682.529977008939
"426" 1 550.862965249995 570.839718849505
"427" 1 552.667143249999 999.979350272836
"428" 1 554.254682499999 708.224006629256
"429" 1 554.254937999997 588.761490655477
"430" 1 555.001204 561.566681895088
"431" 1 555.340441000003 1034.48796616726
"432" 1 556.467059250002 963.924624144864
"433" 1 560.19262325 674.792317111607
"434" 1 560.528030499998 792.786341146791
"435" 1 560.849817250001 1165.21360844383
"436" 1 561.190590249999 715.403513111768
"437" 1 565.080228249999 566.391166670539
"438" 1 565.982185000003 567.707997322481
"439" 1 566.507811999998 1545.52920172104
"440" 1 567.258845000001 590.35793851699
"441" 1 569.139536250001 935.961210612504
"442" 1 572.521858 576.782240915924
"443" 1 572.643290000001 619.112446547818
"444" 1 574.18126025 766.882595822505
"445" 1 575.505039999999 581.104335742542
"446" 1 575.530824500001 993.499232008971
"447" 1 577.010425000001 909.38980684892
"448" 1 577.873574500001 590.651215226808
"449" 1 580.803797249995 1036.88004567049
"450" 1 584.498041249999 587.717277228629
"451" 1 584.70212925 893.1192367044
"452" 1 585.00026 588.847788655429
"453" 1 590.2821125 736.595739116035
"454" 1 590.387353000003 591.557490530375
"455" 1 590.676858249999 1031.73262210722
"456" 1 592.424098250001 1060.51736940937
"457" 1 593.0295065 859.45207464626
"458" 1 593.967254499994 818.253097155135
"459" 1 598.149809999999 818.778542708869
"460" 1 600.142806250002 1107.92633644968
"461" 1 601.85863025 795.983682645485
"462" 1 602.262696249998 741.019950800343
"463" 1 603.992828500003 695.515788143517
"464" 1 604.258284499998 659.638525982132
"465" 1 604.626180250001 607.762237178168
"466" 1 606.066565000001 656.148493732394
"467" 1 607.986565249999 731.616842416115
"468" 1 608.925744999997 638.032507469141
"469" 1 610.042636999998 797.549688221399
"470" 1 610.069440500002 614.621264338251
"471" 1 610.285251250001 661.422269337726
"472" 1 610.287162499999 717.881045672139
"473" 1 613.950663249999 664.762202315561
"474" 1 617.62504925 668.600173769166
"475" 1 618.234266249996 1342.96117443089
"476" 1 618.592328500004 691.961954136619
"477" 1 623.093480500001 638.285185497088
"478" 1 624.21008425 640.653963950579
"479" 1 626.806153 1099.21120108615
"480" 1 629.399298250002 634.834109088463
"481" 1 630.468250000001 652.920519574201
"482" 1 631.85838025 968.234631146445
"483" 1 632.839203249998 708.320143226018
"484" 1 635.806759999997 728.135327685886
"485" 1 636.322044499998 726.067417589414
"486" 1 636.514396249997 794.512568468573
"487" 1 637.544880250001 795.839408769585
"488" 1 648.502544 902.275157498054
"489" 1 650.39634725 761.435565309312
"490" 1 652.578924499998 916.598030340295
"491" 1 653.152000499998 696.38577879466
"492" 1 655.8479525 1304.73485192353
"493" 1 658.128941000001 659.01519627132
"494" 1 658.642350249999 659.474509619141
"495" 1 661.114770499998 756.883044840543
"496" 1 661.592346500002 694.956230239989
"497" 1 665.422776999997 1030.26127286709
"498" 1 666.156617999997 1226.95275880001
"499" 1 666.507806500002 667.035820493161
"500" 1 671.040009250002 764.963255181947
"501" 1 671.356034000001 778.375198769265
"502" 1 671.836876249997 828.311312648537
"503" 1 674.80492225 1056.33964912897
"504" 1 677.390596250001 784.326871810085
"505" 1 677.903732500002 684.839999999768
"506" 1 678.403656499999 680.70511493293
"507" 1 679.364333000002 679.398682602664
"508" 1 681.228075250001 698.209074232592
"509" 1 681.732426249999 901.926377957969
"510" 1 684.47943125 797.567096039855
"511" 1 685.8197525 687.769148785152
"512" 1 687.46049125 1042.55858795235
"513" 1 689.148604999996 780.423240791891
"514" 1 690.487400250001 780.709581169271
"515" 1 692.00148725 952.671393402497
"516" 1 692.311026500002 835.382188001678
"517" 1 692.991792250005 706.095929995446
"518" 1 693.365093000001 751.055891929525
"519" 1 693.688727249996 769.741356318083
"520" 1 695.204896249999 742.259416745662
"521" 1 699.202375250001 711.78875983783
"522" 1 700.38425725 809.060886658962
"523" 1 701.445000499995 728.344052973939
"524" 1 701.637657999997 734.830951145922
"525" 1 705.795946249999 709.775772119238
"526" 1 713.847566500002 787.977910544676
"527" 1 717.443949250001 745.594523763464
"528" 1 718.507869249995 865.559969133044
"529" 1 720.8948645 885.125780144197
"530" 1 724.363090249998 748.618421256258
"531" 1 725.500623250001 733.746790974546
"532" 1 726.714546499999 854.420675788239
"533" 1 726.798530000002 803.324286360496
"534" 1 729.740430250004 1011.22901011817
"535" 1 732.75063625 838.213925152055
"536" 1 734.431793000002 804.340322597565
"537" 1 737.614569250002 816.025274985031
"538" 1 739.290836250002 972.57318109981
"539" 1 746.225356500004 855.268541143152
"540" 1 746.3574785 791.634921909336
"541" 1 753.831362500001 868.605057390017
"542" 1 754.89341425 902.329771071434
"543" 1 765.305545000001 986.93881497536
"544" 1 766.894760000002 985.979753845648
"545" 1 771.372090249998 777.945102872176
"546" 1 772.709405000001 893.553554052927
"547" 1 773.531874 1015.66249215111
"548" 1 775.194642500003 775.224511533254
"549" 1 778.118090000002 778.912011944524
"550" 1 778.235997250001 942.909010752642
"551" 1 778.346892249999 1073.98194299909
"552" 1 779.390905000005 952.076129527034
"553" 1 779.928286250001 807.531750680701
"554" 1 787.527868999999 791.098533683481
"555" 1 791.723530249996 1100.07190589491
"556" 1 793.907178499999 803.106380636979
"557" 1 794.354980500003 799.459880910238
"558" 1 798.242679249996 813.790811279161
"559" 1 803.626816250004 806.788310155586
"560" 1 806.983582500001 892.410727314176
"561" 1 812.128404999997 812.813579511481
"562" 1 812.929306250002 813.237492878379
"563" 1 814.555966249998 886.109174693087
"564" 1 817.212230499998 821.428513208108
"565" 1 828.564452 828.66307695841
"566" 1 836.8240625 892.971179151208
"567" 1 838.208712250001 844.199707464351
"568" 1 840.097464999995 849.484250578939
"569" 1 840.577302500001 864.343991048229
"570" 1 844.449553249997 936.388307825518
"571" 1 844.71470525 844.718807599234
"572" 1 845.0089 865.861311739671
"573" 1 849.569634249997 891.817207980817
"574" 1 850.151941250001 853.559809732985
"575" 1 854.205092000005 882.699686385994
"576" 1 859.452512500004 1540.45401112917
"577" 1 862.824781250003 882.807470416138
"578" 1 863.217706249999 987.284112666458
"579" 1 864.870104250004 1325.19439384732
"580" 1 867.720339249999 868.284780120607
"581" 1 872.261214250001 873.283904358265
"582" 1 876.239776249996 876.286778261565
"583" 1 876.249585250003 881.476596353164
"584" 1 885.100570249995 941.99129200208
"585" 1 885.616620250004 898.861950597434
"586" 1 887.007125 942.688180738005
"587" 1 900.547384500006 905.282479852073
"588" 1 901.8140225 904.800364296254
"589" 1 910.983066250001 915.566857415389
"590" 1 919.489467250002 934.551810680698
"591" 1 932.231469249999 1017.07762292074
"592" 1 944.898831249997 963.2065106119
"593" 1 947.084677249999 960.584324332675
"594" 1 955.145361250004 964.704720560398
"595" 1 957.936366250002 1193.75481855554
"596" 1 968.313658500002 989.741018082508
"597" 1 980.806974250005 1183.90247261536
"598" 1 982.464435249999 982.587727549906
"599" 1 994.733356249999 1045.78528882633
"600" 1 994.869941 1033.02732407052
"601" 1 1001.56505649999 1002.24055005038
"602" 1 1003.776229 1009.74151501629
"603" 1 1014.21949325 1031.49962079212
"604" 1 1033.63616525 1033.65484145825
"605" 1 1060.1633785 1308.54871189556
"606" 1 1094.68809125 1111.33629416484
"607" 1 1101.306781 1113.9643935808
"608" 1 1122.01441525 1141.90580716751
"609" 1 1143.245753 1152.32580651246
"610" 1 1149.04403525 1203.4536477131
"611" 1 1164.91889025 1317.02934527166
"612" 1 1211.00791725 1282.72761941001
"613" 1 1220.3052805 1263.67505539026
"614" 1 1246.48827925001 1257.65424159718
"615" 1 1259.99908249999 1271.48257998811
"616" 1 1267.5329825 1274.00563989276
"617" 1 1288.45638425 1289.1911871861
"618" 1 1486.35434425 1490.44228842918
"619" 1 1928.42744725 1940.49283472753
