"dimension" "Birth" "Death"
"1" 0 0 Inf
"2" 0 0 443.076698000001
"3" 0 0 474.404801000002
"4" 0 0 431.3907065
"5" 0 0 394.003129250001
"6" 0 0 397.133809000002
"7" 0 0 564.0109525
"8" 0 0 456.911770500001
"9" 0 0 240.43688
"10" 0 0 360.899815249998
"11" 0 0 285.984901000001
"12" 0 0 209.287779999999
"13" 0 0 367.1814485
"14" 0 0 638.203066000001
"15" 0 0 392.256458500001
"16" 0 0 386.480188250001
"17" 0 0 420.244785000001
"18" 0 0 339.38713
"19" 0 0 470.324342499999
"20" 0 0 238.00626425
"21" 0 0 181.942364499998
"22" 0 0 412.292303999998
"23" 0 0 346.34666125
"24" 0 0 386.152782500002
"25" 0 0 421.42693725
"26" 0 0 421.03827625
"27" 0 0 152.5910585
"28" 0 0 197.52028025
"29" 0 0 170.646599249999
"30" 0 0 432.704385249999
"31" 0 0 361.439866249998
"32" 0 0 317.2622605
"33" 0 0 298.584360500003
"34" 0 0 292.5226125
"35" 0 0 470.560572499995
"36" 0 0 330.906612999999
"37" 0 0 385.57549125
"38" 0 0 323.810189
"39" 0 0 249.46754125
"40" 0 0 443.013981250002
"41" 0 0 160.9771325
"42" 0 0 425.464774250002
"43" 0 0 248.742672250003
"44" 0 0 335.04339625
"45" 0 0 146.044028499999
"46" 0 0 375.584866000001
"47" 0 0 263.982872500001
"48" 0 0 117.033931249997
"49" 0 0 155.789286250001
"50" 0 0 267.346724
"51" 0 0 246.9019045
"52" 0 0 370.981325249998
"53" 0 0 208.301560999999
"54" 0 0 178.769272500001
"55" 0 0 259.77594625
"56" 0 0 438.779881250003
"57" 0 0 390.663772999998
"58" 0 0 149.964792500001
"59" 0 0 155.0398985
"60" 0 0 345.241822249998
"61" 0 0 110.814746499999
"62" 0 0 241.10579225
"63" 0 0 296.081676999999
"64" 0 0 319.34513025
"65" 0 0 722.76352325
"66" 0 0 294.311130249998
"67" 0 0 273.215191250001
"68" 0 0 272.530154250004
"69" 0 0 357.864549250002
"70" 0 0 383.225370249998
"71" 0 0 221.801889249999
"72" 0 0 215.736496249997
"73" 0 0 673.526010249996
"74" 0 0 325.66178025
"75" 0 0 251.691312499997
"76" 0 0 209.316696249998
"77" 0 0 236.931610250001
"78" 0 0 460.035554499998
"79" 0 0 305.6460065
"80" 0 0 385.7975125
"81" 0 0 213.11815325
"82" 0 0 276.061818500003
"83" 0 0 199.3620065
"84" 0 0 191.18744525
"85" 0 0 297.8008625
"86" 0 0 337.795686500002
"87" 0 0 347.989267250004
"88" 0 0 158.255478250001
"89" 0 0 348.234088000002
"90" 0 0 241.295851250002
"91" 0 0 370.026382499999
"92" 0 0 174.29845
"93" 0 0 167.122712500001
"94" 0 0 318.336189249997
"95" 0 0 451.333296249998
"96" 0 0 298.289221249999
"97" 0 0 396.484778
"98" 0 0 312.191990499999
"99" 0 0 313.852746500001
"100" 0 0 402.29078125
"101" 0 0 738.55370125
"102" 0 0 222.126603250001
"103" 0 0 373.545860499998
"104" 0 0 231.331158500001
"105" 0 0 292.211946000001
"106" 0 0 230.957301250003
"107" 0 0 197.938483999999
"108" 0 0 209.38345
"109" 0 0 480.02600125
"110" 0 0 533.775964999996
"111" 0 0 227.8379925
"112" 0 0 206.318821250001
"113" 0 0 140.39120925
"114" 0 0 470.574810499999
"115" 0 0 359.898997249998
"116" 0 0 268.503625
"117" 0 0 276.995434000001
"118" 0 0 264.94400725
"119" 0 0 246.129781249999
"120" 0 0 271.11435525
"121" 0 0 147.441217250002
"122" 0 0 356.700722499999
"123" 0 0 239.0637665
"124" 0 0 221.542051250001
"125" 0 0 354.305585000002
"126" 0 0 345.728369
"127" 0 0 415.678221250005
"128" 0 0 227.584825
"129" 0 0 342.97841825
"130" 0 0 365.067366499999
"131" 0 0 226.861147249999
"132" 0 0 259.501166500002
"133" 0 0 266.636815999999
"134" 0 0 357.42401725
"135" 0 0 490.897241000004
"136" 0 0 105.657597249999
"137" 0 0 435.364996250001
"138" 0 0 302.907881249999
"139" 0 0 260.364444249997
"140" 0 0 256.381537249999
"141" 0 0 222.342498500001
"142" 0 0 362.99977425
"143" 0 0 324.831841249999
"144" 0 0 392.984442250001
"145" 0 0 370.211962249998
"146" 0 0 501.722948249998
"147" 0 0 270.625585000001
"148" 0 0 250.065472500001
"149" 0 0 356.124124249999
"150" 0 0 201.199505000002
"151" 0 0 408.48115625
"152" 0 0 195.65450125
"153" 0 0 409.747034250002
"154" 0 0 257.479413250002
"155" 0 0 279.528365000001
"156" 0 0 336.56235325
"157" 0 0 565.379786499997
"158" 0 0 196.4854145
"159" 0 0 355.420354249998
"160" 0 0 270.367457000001
"161" 0 0 133.565989249998
"162" 0 0 258.063668
"163" 0 0 449.629525250001
"164" 0 0 134.321857
"165" 0 0 192.78812125
"166" 0 0 267.991931249999
"167" 0 0 278.032468250001
"168" 0 0 198.851209
"169" 0 0 127.046803249999
"170" 0 0 256.929361000001
"171" 0 0 316.045922
"172" 0 0 448.758870499999
"173" 0 0 223.29508825
"174" 0 0 218.988528999999
"175" 0 0 185.526592250001
"176" 0 0 311.307066250002
"177" 0 0 214.541212499999
"178" 0 0 211.41829125
"179" 0 0 559.52704625
"180" 0 0 441.646852999999
"181" 0 0 272.724212499999
"182" 0 0 189.437396000001
"183" 0 0 313.778248249999
"184" 0 0 285.63662125
"185" 0 0 119.915969
"186" 0 0 211.184350250002
"187" 0 0 455.5682465
"188" 0 0 233.39881625
"189" 0 0 229.363928500001
"190" 0 0 366.753998500002
"191" 0 0 438.934173250001
"192" 0 0 693.714555250002
"193" 0 0 427.928670499998
"194" 0 0 455.539020250001
"195" 0 0 425.784385000001
"196" 0 0 308.513069
"197" 0 0 199.200190249999
"198" 0 0 209.13535625
"199" 0 0 210.57566725
"200" 0 0 104.63156125
"201" 0 0 217.546143249999
"202" 0 0 274.026116249999
"203" 0 0 241.32546225
"204" 0 0 614.943823249999
"205" 0 0 205.240432250001
"206" 0 0 362.376732250004
"207" 0 0 404.876451249998
"208" 0 0 163.238074000002
"209" 0 0 375.336579249998
"210" 0 0 349.3519805
"211" 0 0 182.16211625
"212" 0 0 162.109689250002
"213" 0 0 187.437313999999
"214" 0 0 326.87245
"215" 0 0 162.19325
"216" 0 0 152.189859999999
"217" 0 0 141.554100499999
"218" 0 0 303.629741000001
"219" 0 0 164.945487249998
"220" 0 0 311.175496999998
"221" 0 0 297.932296000001
"222" 0 0 180.559810249999
"223" 0 0 643.1547905
"224" 0 0 276.934333249999
"225" 0 0 296.2096685
"226" 0 0 284.58713025
"227" 0 0 147.142522
"228" 0 0 367.93936325
"229" 0 0 407.121528250001
"230" 0 0 408.1910825
"231" 0 0 331.015975999999
"232" 0 0 443.572268499995
"233" 0 0 377.459476249999
"234" 0 0 411.710415999997
"235" 0 0 155.688324250001
"236" 0 0 325.4664365
"237" 0 0 367.481649999998
"238" 0 0 363.710890000004
"239" 0 0 428.00500625
"240" 0 0 346.8994405
"241" 0 0 501.935188249998
"242" 0 0 286.531876999999
"243" 0 0 362.126156499998
"244" 0 0 489.320745250001
"245" 0 0 282.757396000001
"246" 0 0 242.144465000001
"247" 0 0 355.178026250002
"248" 0 0 442.575330249999
"249" 0 0 409.564502500001
"250" 0 0 521.00326625
"251" 0 0 415.75136525
"252" 0 0 152.5864385
"253" 0 0 288.02755525
"254" 0 0 249.191730500001
"255" 0 0 226.333020499999
"256" 1 274.489985250001 450.660049936442
"257" 1 280.327404249999 358.989661620858
"258" 1 281.675424999996 415.010385078464
"259" 1 286.046179250001 324.366687040126
"260" 1 290.409486250002 610.227364266088
"261" 1 291.813065000003 476.285861409161
"262" 1 296.899536250001 297.054226659081
"263" 1 296.930492500002 327.746540618917
"264" 1 301.470209 565.889932065554
"265" 1 306.575928499998 376.149194737695
"266" 1 307.339731249998 548.346704550612
"267" 1 308.411417 439.963457876604
"268" 1 308.942190499999 351.271087005062
"269" 1 311.915844499997 375.022031044623
"270" 1 313.282550250003 327.490493953639
"271" 1 314.5541225 636.005129482018
"272" 1 319.780002500002 337.269044838093
"273" 1 327.740724000001 527.671073113008
"274" 1 328.715781250001 336.826330560829
"275" 1 333.281041250001 650.283429854836
"276" 1 343.8521425 384.318369721505
"277" 1 344.732838500002 384.654062588289
"278" 1 346.46151625 708.944669550516
"279" 1 346.462454500002 587.020812616949
"280" 1 346.843349000001 444.836341803392
"281" 1 347.5782245 359.274373826673
"282" 1 348.579451249999 611.035954467628
"283" 1 350.0482985 351.009314821664
"284" 1 356.38422625 425.161378975009
"285" 1 358.169664249999 469.627723212207
"286" 1 361.3937045 411.65365823982
"287" 1 363.496536250001 468.634736284389
"288" 1 372.450114250001 381.520866103163
"289" 1 377.947966249999 398.764110613075
"290" 1 381.345542499998 474.435494100917
"291" 1 385.926738500001 415.64107471641
"292" 1 387.16053625 423.892095538227
"293" 1 388.01462225 456.658433759729
"294" 1 389.317882499999 544.507836576036
"295" 1 390.628383999999 405.878415027127
"296" 1 392.754534250002 710.81210823987
"297" 1 393.55590025 641.377090604745
"298" 1 396.029222500001 398.821865869607
"299" 1 396.233359249998 667.518479375279
"300" 1 396.910782499999 685.016360741749
"301" 1 401.963232499997 613.145709041288
"302" 1 404.0975025 480.096541936606
"303" 1 406.695202 667.824233183791
"304" 1 407.192256250001 437.766637452162
"305" 1 407.991418250001 787.027227960455
"306" 1 410.240286250001 430.802604095786
"307" 1 411.370558249997 534.440027045313
"308" 1 411.66508725 413.232106288762
"309" 1 412.50535225 790.577466919543
"310" 1 413.34418925 443.853510899188
"311" 1 413.88244 770.171598384323
"312" 1 414.207931249997 646.06151153198
"313" 1 415.81782125 427.421602617899
"314" 1 416.232818000001 418.613628147817
"315" 1 418.962438499998 450.480472871197
"316" 1 419.716465250001 649.398186731358
"317" 1 420.209788999999 704.560945844538
"318" 1 420.238378249999 504.979969683944
"319" 1 421.522801249999 515.881190804015
"320" 1 422.313097999998 552.649822272233
"321" 1 422.606067999998 820.78766125268
"322" 1 426.209953000002 428.351931187619
"323" 1 427.445138500001 461.286001533016
"324" 1 427.517029250003 663.072847514696
"325" 1 428.610051999996 634.496289574216
"326" 1 429.500520249996 546.205921718346
"327" 1 430.20812425 430.325259132961
"328" 1 434.21875525 462.202290760963
"329" 1 434.618594500003 508.711027829735
"330" 1 434.857149250001 536.837404745097
"331" 1 435.075100999999 600.182789624928
"332" 1 435.3171385 1040.49824292481
"333" 1 435.35869625 636.700542867718
"334" 1 438.248097249998 1094.19738298513
"335" 1 440.134420999997 444.443561093219
"336" 1 440.17537925 467.815829063548
"337" 1 444.04370425 484.225479941205
"338" 1 447.118236999999 466.560401270354
"339" 1 448.694888499998 1011.55266054815
"340" 1 448.728763249999 494.22163285788
"341" 1 449.065325 561.724365089845
"342" 1 449.334375250001 475.959346130634
"343" 1 451.890434250001 466.444097679901
"344" 1 455.158876250001 485.569112506589
"345" 1 455.546710250001 496.642339897714
"346" 1 456.913470500001 497.568520701383
"347" 1 459.564961000001 505.026857270511
"348" 1 460.979583249999 717.472989064525
"349" 1 461.297025999998 511.020359289626
"350" 1 461.42499625 557.390883227243
"351" 1 462.19045625 813.199024698784
"352" 1 462.438267250001 910.41339712395
"353" 1 463.23446625 499.276646796105
"354" 1 463.68847125 469.841325756936
"355" 1 464.201273 837.350527891119
"356" 1 466.139300499996 719.188221135893
"357" 1 472.263874 526.601980150857
"358" 1 473.564725 473.712974109351
"359" 1 474.811188250004 1034.72345420771
"360" 1 474.963906500001 481.159034275284
"361" 1 475.718547999999 1027.84340163403
"362" 1 477.776532499998 562.297124224612
"363" 1 479.257253 808.723695287978
"364" 1 479.978069000002 577.935251667682
"365" 1 481.163940250002 607.240550785319
"366" 1 481.46545325 656.121689521937
"367" 1 482.0287205 899.363070335084
"368" 1 482.453413250003 523.371202988393
"369" 1 482.723976500004 893.123144259951
"370" 1 484.088019999996 503.982305949334
"371" 1 484.489368250001 484.943213633309
"372" 1 489.60978125 855.928045896842
"373" 1 489.956845249999 619.134955092056
"374" 1 491.007427250001 904.017490172219
"375" 1 491.103384999999 759.173957731485
"376" 1 491.462035999999 585.646284831653
"377" 1 492.2833 493.216160464694
"378" 1 492.607262500001 529.110161693143
"379" 1 492.6709285 633.357537013697
"380" 1 494.835629 551.804500270691
"381" 1 498.395787249998 632.318535908618
"382" 1 498.875869 652.857138655106
"383" 1 500.8626145 716.453834477676
"384" 1 502.172360000003 759.402022986203
"385" 1 503.551722499996 509.09077879181
"386" 1 504.626814249999 870.79743993355
"387" 1 504.739362499999 535.897598898159
"388" 1 506.672389000004 922.921159775619
"389" 1 506.840612499999 625.728108182534
"390" 1 509.4941125 817.069081494065
"391" 1 509.772396249996 727.406006789673
"392" 1 510.582881250003 639.344636171266
"393" 1 513.65090025 844.533876022901
"394" 1 515.15729825 578.078718626709
"395" 1 516.417345000002 943.364552355805
"396" 1 516.593830500001 522.566601317924
"397" 1 519.260202500001 591.677909201875
"398" 1 519.422491250002 795.31008620341
"399" 1 521.3323625 664.433649768126
"400" 1 521.727768250001 531.948506105187
"401" 1 522.537245000001 522.705036685653
"402" 1 523.433311249999 764.976605703637
"403" 1 524.733405249998 628.638356795839
"404" 1 525.878067249997 542.292228776837
"405" 1 526.3759265 541.632177659286
"406" 1 527.15218825 619.14051028619
"407" 1 528.829779999999 533.076063950707
"408" 1 533.542332500001 725.231942520796
"409" 1 533.5730045 534.699973595763
"410" 1 533.574822500004 800.899907296817
"411" 1 535.514386250001 758.270533913382
"412" 1 538.18869325 647.861300677331
"413" 1 538.269165249998 939.915821493567
"414" 1 538.3122785 831.865146978497
"415" 1 540.215545 542.605572199335
"416" 1 542.122323999999 546.859873173592
"417" 1 544.281770500001 592.465042342936
"418" 1 544.427822249999 546.780103584545
"419" 1 544.672956249998 639.831306040622
"420" 1 546.394358499998 592.630104339583
"421" 1 546.533766250001 572.353938364546
"422" 1 548.305696249999 583.901022259138
"423" 1 548.444905000001 615.226449054585
"424" 1 551.336165000001 580.648168210688
"425" 1 553.294938249999 644.07240031353
"426" 1 554.625760999999 843.48023701637
"427" 1 557.09901925 575.799040776897
"428" 1 557.578245250002 622.09661705463
"429" 1 558.38452925 576.986942043073
"430" 1 559.772376249997 567.011771702489
"431" 1 560.362244000002 593.108852820071
"432" 1 560.91870125 659.778709043332
"433" 1 562.124340999999 784.081778920644
"434" 1 563.4472405 786.339604433438
"435" 1 565.206043249999 945.97873375019
"436" 1 566.532394000002 791.542809501858
"437" 1 568.560067999998 649.885983385255
"438" 1 568.624686499996 793.219521974937
"439" 1 569.372619250002 637.987717741796
"440" 1 569.882929249997 593.831469118942
"441" 1 573.487294250003 629.231765402544
"442" 1 573.695018000001 750.442506281196
"443" 1 575.8438465 638.767132687839
"444" 1 576.166792499997 579.182646934401
"445" 1 577.280892499999 778.112150248755
"446" 1 577.62105125 577.638328453703
"447" 1 578.396581250001 920.494396594333
"448" 1 579.776499999996 723.797837138582
"449" 1 580.15586525 599.517396298061
"450" 1 580.631268499999 614.032967951033
"451" 1 581.470281250001 794.055039365268
"452" 1 583.653134500002 595.799041486427
"453" 1 585.763693249999 605.004583642806
"454" 1 586.697642000003 589.974355413772
"455" 1 587.843457249999 668.213784601184
"456" 1 588.576258250001 676.126870031436
"457" 1 591.592066249999 615.629827875195
"458" 1 591.842236499999 858.120515617777
"459" 1 595.721680000002 798.479531148349
"460" 1 596.929000999998 640.74629877698
"461" 1 599.017459999998 715.038670353888
"462" 1 600.501272500002 616.312133011655
"463" 1 603.63630625 624.932879438481
"464" 1 606.524007999998 634.261080704116
"465" 1 606.60054425 769.860956286655
"466" 1 607.866510500003 629.615208274172
"467" 1 608.042514249999 691.614086989872
"468" 1 609.366398499999 681.962445137863
"469" 1 609.572636999999 695.502329729724
"470" 1 612.833428250004 671.300523901337
"471" 1 613.410037249999 654.694588346278
"472" 1 614.154276250002 762.042092939298
"473" 1 615.336995250001 684.18512178858
"474" 1 615.855290499999 726.11087808564
"475" 1 618.557229249996 709.974241794713
"476" 1 624.515546250003 645.170859182702
"477" 1 624.801650000001 627.18798320464
"478" 1 625.851151250002 627.270544217967
"479" 1 627.139375249998 699.794717244391
"480" 1 627.198356000005 1006.88867779179
"481" 1 628.230665 666.444320325072
"482" 1 633.230046499999 828.179816113465
"483" 1 633.31008625 643.58582008415
"484" 1 634.197012499995 754.246665554058
"485" 1 634.334821000002 637.848258620606
"486" 1 635.265542499999 637.319001049603
"487" 1 636.616129999999 657.648948337087
"488" 1 637.765368500002 884.3591848171
"489" 1 638.779581249999 766.776707570439
"490" 1 639.056474499999 642.760249795444
"491" 1 640.705558250001 969.990426346194
"492" 1 641.104364499999 655.911598980912
"493" 1 641.257338249998 755.427996005219
"494" 1 642.14209225 788.095424469558
"495" 1 642.394990249997 648.057124359684
"496" 1 644.41730125 780.539906462762
"497" 1 650.334985250001 763.086673830747
"498" 1 651.331188999994 739.433271316596
"499" 1 652.4430265 767.056365343485
"500" 1 654.534302499998 743.625798893239
"501" 1 655.0613 750.634296521943
"502" 1 656.806996250001 833.768112662667
"503" 1 657.552643250001 1371.91286461832
"504" 1 658.073856250003 1430.48679470812
"505" 1 658.580785250001 662.565789949229
"506" 1 659.053520500002 664.875739721659
"507" 1 659.544730000001 660.235818279877
"508" 1 659.652895249997 764.882685946808
"509" 1 663.35325125 850.798304570995
"510" 1 666.423807250001 701.455930394729
"511" 1 668.551656249999 677.848003632239
"512" 1 668.694945999997 707.72412823504
"513" 1 668.745877 782.447403893962
"514" 1 669.386211250001 766.129867269983
"515" 1 669.590450000002 868.934463031141
"516" 1 671.627304999996 720.00162075147
"517" 1 672.29205625 781.365169581612
"518" 1 672.847353000002 705.372763359129
"519" 1 673.609223249999 775.748733532692
"520" 1 678.672036249999 688.547152316842
"521" 1 680.242473 719.927529685144
"522" 1 686.900738250002 713.234356541638
"523" 1 687.477465999999 705.305520050714
"524" 1 688.037574249995 1178.76590085816
"525" 1 690.157848250001 730.802161068903
"526" 1 692.29020725 933.132253394588
"527" 1 694.113948250001 801.152401863585
"528" 1 694.297638249996 715.93538835451
"529" 1 695.296836000001 810.705355381004
"530" 1 697.465199250001 776.74891469532
"531" 1 698.333596999996 966.917548420498
"532" 1 701.711148500003 891.97553733085
"533" 1 703.630253249998 719.733439793447
"534" 1 705.47692225 715.643285656141
"535" 1 707.72290625 785.121637022453
"536" 1 712.010011249999 714.944513059493
"537" 1 713.112324999997 961.387626809557
"538" 1 713.831273999997 729.867268244875
"539" 1 720.535876249999 770.807702612141
"540" 1 730.768978250001 786.659174031173
"541" 1 732.062423250002 783.422659605012
"542" 1 735.49522925 757.464554453717
"543" 1 736.487119250001 755.299508432101
"544" 1 740.244037250004 877.23985793482
"545" 1 741.889510249996 759.891775911754
"546" 1 742.314304249997 793.986987532765
"547" 1 743.620236250001 752.737921722012
"548" 1 746.18197625 759.624468068296
"549" 1 748.185508250004 801.038973686424
"550" 1 750.876788500001 754.550052869914
"551" 1 768.813303249998 776.965872958956
"552" 1 775.658145250003 790.455955283904
"553" 1 776.850062499999 785.159774441581
"554" 1 777.366775249995 866.233438782638
"555" 1 777.394758499999 780.129486588369
"556" 1 780.594682249999 796.043775205791
"557" 1 785.588136249999 1572.31014227733
"558" 1 787.974961249999 817.380542515084
"559" 1 788.78268925 808.07635610462
"560" 1 789.220896249997 881.306761015425
"561" 1 789.922995249999 823.346908477345
"562" 1 791.015600500006 1266.33789806074
"563" 1 792.180178000001 1356.94153407195
"564" 1 793.599534499999 805.4730716802
"565" 1 793.869952000001 842.899015021932
"566" 1 800.28587825 823.579713473611
"567" 1 802.104783999998 816.531342735957
"568" 1 806.043661000002 811.314672899459
"569" 1 809.44585825 810.691296884667
"570" 1 812.458870250001 890.497410705466
"571" 1 817.411024000001 836.115025939186
"572" 1 822.488420499998 824.774660478467
"573" 1 831.620070249999 831.742070252518
"574" 1 832.959822500004 1279.81343268228
"575" 1 835.162906250001 1016.50495404371
"576" 1 837.797549 838.9044953005
"577" 1 840.264437000003 1285.35489418996
"578" 1 841.815158499995 841.979080816321
"579" 1 847.483456250005 1997.11097192965
"580" 1 856.976827249999 1050.42948805179
"581" 1 858.639681249995 872.099759098649
"582" 1 864.089356249995 1139.65801502041
"583" 1 865.959868249995 982.873548140813
"584" 1 868.98431425 903.896252722229
"585" 1 874.45830125 1073.11129585077
"586" 1 874.769342499997 879.380305443521
"587" 1 878.206983249999 888.885903948447
"588" 1 879.51630125 908.57310880963
"589" 1 893.748732499994 974.024098746215
"590" 1 897.792556249999 898.95478593988
"591" 1 902.860161999998 937.655849114294
"592" 1 909.990452499997 1114.35727535343
"593" 1 914.032296250004 1044.50812428544
"594" 1 919.232656249996 924.139189594586
"595" 1 921.525708500001 921.753483986538
"596" 1 922.357832499999 923.468490122461
"597" 1 926.37747425 926.384739502467
"598" 1 940.228062250002 954.276862756974
"599" 1 985.412521 1003.24066372492
"600" 1 985.446146249996 996.338761223214
"601" 1 988.938511249997 1052.2044446312
"602" 1 1018.039802 1018.14178483017
"603" 1 1022.48681625 1035.79220990767
"604" 1 1026.950125 1066.38170017557
"605" 1 1027.42049525 1038.95745929467
"606" 1 1039.22184925 1068.57784992103
"607" 1 1094.73124625 1191.59481259601
"608" 1 1094.78587525 1356.60223214898
"609" 1 1101.58902325 1167.19739301234
"610" 1 1133.56797325 1223.45986054121
"611" 1 1145.36023325 1566.42827195102
"612" 1 1176.55447025 1257.48357905137
"613" 1 1201.91927525 1220.05796510004
"614" 1 1241.1496925 1286.62180827981
"615" 1 1278.15180125 1349.50385521884
"616" 1 1342.8353125 1427.0640168998
"617" 1 1390.99908625 1434.86363201614
"618" 1 1411.077157 1491.46109176074
"619" 1 1461.76976500001 1461.9597922365
"620" 1 1567.915136 1652.77954477638
"621" 1 1677.0292325 2021.03879926819
"622" 1 1805.81759125 1835.90992242598
"623" 1 1960.401754 1961.59078786737
