"dimension" "Birth" "Death"
"1" 0 0 Inf
"2" 0 0 255.9327865
"3" 0 0 240.691398249999
"4" 0 0 218.44295525
"5" 0 0 220.323273999998
"6" 0 0 143.280405000002
"7" 0 0 176.066837
"8" 0 0 165.47906125
"9" 0 0 222.753721
"10" 0 0 291.069201249998
"11" 0 0 164.262944499999
"12" 0 0 366.771859250004
"13" 0 0 285.249506000002
"14" 0 0 111.358716999999
"15" 0 0 233.278212250001
"16" 0 0 201.111450249999
"17" 0 0 195.020526499996
"18" 0 0 160.538190250001
"19" 0 0 135.790866250001
"20" 0 0 116.197272499999
"21" 0 0 108.156933
"22" 0 0 172.813925
"23" 0 0 107.449252999999
"24" 0 0 172.036385
"25" 0 0 145.713793249999
"26" 0 0 186.98128025
"27" 0 0 93.5489770000003
"28" 0 0 177.049981250001
"29" 0 0 161.266767249999
"30" 0 0 208.33764125
"31" 0 0 184.554462499998
"32" 0 0 166.57676125
"33" 0 0 277.629529000002
"34" 0 0 309.7916425
"35" 0 0 206.75002625
"36" 0 0 168.086070500001
"37" 0 0 101.605836249999
"38" 0 0 168.003188499999
"39" 0 0 151.437736000001
"40" 0 0 359.066605250001
"41" 0 0 204.711824250001
"42" 0 0 94.6483704999989
"43" 0 0 150.712105999999
"44" 0 0 271.651602500002
"45" 0 0 118.815864500001
"46" 0 0 78.4864205000009
"47" 0 0 156.116190500001
"48" 0 0 221.20182125
"49" 0 0 256.076706250001
"50" 0 0 210.063217250001
"51" 0 0 210.978375250002
"52" 0 0 166.841325249998
"53" 0 0 252.097822249999
"54" 0 0 148.137253249999
"55" 0 0 207.137473249999
"56" 0 0 180.640989250002
"57" 0 0 165.185443250001
"58" 0 0 217.109054499998
"59" 0 0 263.71586
"60" 0 0 251.5492225
"61" 0 0 152.65682725
"62" 0 0 101.950080249999
"63" 0 0 162.951430499998
"64" 0 0 308.679036249997
"65" 0 0 153.815124500001
"66" 0 0 109.38285625
"67" 0 0 232.939611250002
"68" 0 0 290.942892500002
"69" 0 0 253.543809999998
"70" 0 0 268.981320499999
"71" 0 0 211.92397425
"72" 0 0 315.600118250001
"73" 0 0 204.367531249999
"74" 0 0 348.4709785
"75" 0 0 152.789562499999
"76" 0 0 353.99244025
"77" 0 0 255.227209250001
"78" 0 0 197.099850249999
"79" 0 0 194.431468999999
"80" 0 0 119.466111999999
"81" 0 0 180.011520999999
"82" 0 0 240.42946825
"83" 0 0 166.883998500001
"84" 0 0 290.359042250001
"85" 0 0 182.8772525
"86" 0 0 202.571426499998
"87" 0 0 217.002829249999
"88" 0 0 139.370996
"89" 0 0 104.760650249999
"90" 0 0 190.186009
"91" 0 0 298.610959250001
"92" 0 0 188.269713
"93" 0 0 270.10758725
"94" 0 0 245.189938499999
"95" 0 0 231.204138499999
"96" 0 0 278.5850905
"97" 0 0 204.069590500001
"98" 0 0 204.702291250002
"99" 0 0 159.163624999999
"100" 0 0 78.6926452500009
"101" 0 0 171.231201999998
"102" 0 0 167.569416500002
"103" 0 0 203.428308250002
"104" 0 0 375.673344500001
"105" 0 0 222.637908250002
"106" 0 0 179.862787250001
"107" 0 0 294.887162
"108" 0 0 235.948071250001
"109" 0 0 178.008722000002
"110" 0 0 240.60862025
"111" 0 0 213.299200250001
"112" 0 0 454.298727999999
"113" 0 0 237.359506250001
"114" 0 0 271.556292500001
"115" 0 0 263.55698125
"116" 0 0 173.759640500002
"117" 0 0 171.91750225
"118" 0 0 188.721016250001
"119" 0 0 328.353189250002
"120" 0 0 349.571420500001
"121" 0 0 328.163712999997
"122" 0 0 225.67452625
"123" 0 0 151.597891250001
"124" 0 0 223.238508999998
"125" 0 0 140.317465
"126" 0 0 167.4352945
"127" 0 0 230.367284999998
"128" 0 0 140.638936249998
"129" 0 0 146.561033
"130" 0 0 192.844120250001
"131" 0 0 277.742600999999
"132" 0 0 123.432156250001
"133" 0 0 261.865578250001
"134" 0 0 317.418520249998
"135" 0 0 170.705564500001
"136" 0 0 284.417180999998
"137" 0 0 154.311349250001
"138" 0 0 229.986904999999
"139" 0 0 163.022583249999
"140" 0 0 196.982702499999
"141" 0 0 231.39596925
"142" 0 0 369.794736999998
"143" 0 0 433.223076499998
"144" 0 0 152.813202249998
"145" 0 0 202.683520000002
"146" 0 0 250.7766025
"147" 0 0 494.943841249999
"148" 0 0 162.359582499999
"149" 0 0 163.542782499999
"150" 0 0 262.13571425
"151" 0 0 158.264112499999
"152" 0 0 195.601052249999
"153" 0 0 205.10220125
"154" 0 0 203.878579249999
"155" 0 0 251.143481250001
"156" 0 0 305.099944249999
"157" 0 0 530.843251249999
"158" 0 0 221.033700500001
"159" 0 0 154.130137249999
"160" 0 0 147.475154000001
"161" 0 0 113.610391249999
"162" 0 0 172.3876925
"163" 0 0 201.7614485
"164" 0 0 135.441195250001
"165" 0 0 324.864744999999
"166" 0 0 202.912372
"167" 0 0 377.902532500001
"168" 0 0 120.310156250001
"169" 0 0 233.399524250001
"170" 0 0 307.428684249999
"171" 0 0 244.985250250001
"172" 0 0 238.84083425
"173" 0 0 144.579243250001
"174" 0 0 194.042099249999
"175" 0 0 140.640810500001
"176" 0 0 201.224329999999
"177" 0 0 225.818102250002
"178" 0 0 258.129312999999
"179" 0 0 132.686953249999
"180" 0 0 269.96860025
"181" 0 0 116.1506725
"182" 0 0 250.12108925
"183" 0 0 211.24085
"184" 0 0 103.22656825
"185" 0 0 246.39623125
"186" 0 0 135.016902500001
"187" 0 0 219.292006249998
"188" 0 0 203.289734250002
"189" 0 0 168.9842725
"190" 0 0 303.372244249999
"191" 0 0 187.0648805
"192" 0 0 306.60746625
"193" 0 0 138.898976
"194" 0 0 316.47611225
"195" 0 0 311.682734499999
"196" 0 0 172.924461
"197" 0 0 266.762950249999
"198" 0 0 163.690302499998
"199" 0 0 203.889099249998
"200" 0 0 109.062055999998
"201" 0 0 137.955956499999
"202" 0 0 155.473253000001
"203" 0 0 127.687765
"204" 0 0 153.041679249998
"205" 0 0 176.913156500001
"206" 0 0 152.996473249999
"207" 0 0 263.770513000002
"208" 0 0 179.875989249999
"209" 0 0 206.776392500001
"210" 0 0 243.005386500001
"211" 0 0 222.927329249998
"212" 0 0 386.184644500001
"213" 0 0 346.34159825
"214" 0 0 560.486089000001
"215" 0 0 154.862282249999
"216" 0 0 271.340485000002
"217" 0 0 312.129211250001
"218" 0 0 201.653562499999
"219" 0 0 85.2213712500011
"220" 0 0 530.970446500002
"221" 1 113.246995999999 146.19885268304
"222" 1 148.921731249997 153.600234750943
"223" 1 158.374574500001 186.685850744934
"224" 1 170.8832525 240.887585181531
"225" 1 173.800664500002 251.02864708179
"226" 1 176.717712249998 282.924334441489
"227" 1 185.54012825 232.460355984933
"228" 1 197.411056249999 294.163762494302
"229" 1 197.547680500001 286.237590476472
"230" 1 197.912809000001 244.556320384745
"231" 1 198.423826250001 228.084852062989
"232" 1 199.045051249999 240.119541889791
"233" 1 200.06970625 266.438338652144
"234" 1 200.684494249999 203.980827883221
"235" 1 203.490944500001 381.430246556849
"236" 1 205.975512500001 240.662574623486
"237" 1 207.4110245 261.850648012826
"238" 1 207.974752250002 274.444822351636
"239" 1 208.157912499999 614.402620158282
"240" 1 209.671312499997 259.350364917931
"241" 1 209.8268185 445.135907588923
"242" 1 210.652614249999 371.489829880356
"243" 1 212.5561985 515.501300960267
"244" 1 216.336650500001 249.493858684795
"245" 1 217.586691250001 243.304622909702
"246" 1 220.304601249999 244.80358051811
"247" 1 221.02739425 266.32590975422
"248" 1 221.634918249998 288.370851283584
"249" 1 222.8634025 419.048127824559
"250" 1 222.910833999999 234.434450197323
"251" 1 223.776028999998 279.122818697424
"252" 1 224.377416250002 228.449982033479
"253" 1 224.583883250001 268.535155566097
"254" 1 224.900122500001 355.802778830816
"255" 1 225.031095250001 278.987918352432
"256" 1 225.606568500001 282.235140801125
"257" 1 226.12453925 243.57808934485
"258" 1 227.199963250001 238.028851432719
"259" 1 227.223681250001 271.323222380863
"260" 1 228.975961249998 434.121614114792
"261" 1 230.752516250001 265.950793020631
"262" 1 231.39713725 266.854996341225
"263" 1 231.684028249999 537.768608574385
"264" 1 231.793552999999 239.54718924258
"265" 1 232.973542249999 268.609683277236
"266" 1 233.475374499999 375.70623118404
"267" 1 233.67581725 307.803609678812
"268" 1 234.74502025 240.952628195004
"269" 1 235.089562499999 277.075256942345
"270" 1 236.302031250003 356.388413530022
"271" 1 236.62789925 287.325787070783
"272" 1 240.210548499999 351.901121390855
"273" 1 243.041596249998 548.786909369481
"274" 1 244.056235249999 423.542514966248
"275" 1 245.730702249999 419.163195662035
"276" 1 246.655433249999 273.316759522451
"277" 1 246.84329925 346.010798825728
"278" 1 246.927592000001 282.283326200358
"279" 1 248.310339249999 264.943681202717
"280" 1 248.854600999998 313.158495714877
"281" 1 249.374960500001 404.050574364677
"282" 1 252.37143125 420.719628809079
"283" 1 252.839362499999 262.206401429423
"284" 1 254.60881025 271.988610438689
"285" 1 255.068592499998 339.543253904363
"286" 1 255.07266625 389.019752100867
"287" 1 257.315618250001 416.750293533684
"288" 1 258.785190249999 292.198698453468
"289" 1 261.45060325 502.895907728681
"290" 1 262.751973249999 331.871756785266
"291" 1 264.991316 303.34036256461
"292" 1 265.316128999999 311.583757611589
"293" 1 266.329692500001 317.314691497908
"294" 1 266.377225250002 439.481476316923
"295" 1 266.399851249997 287.292886629557
"296" 1 267.361129250002 308.536444971985
"297" 1 267.921487250001 352.827393563293
"298" 1 268.590650500001 546.920481306352
"299" 1 270.6234845 282.175107292519
"300" 1 271.160365250002 365.000970556837
"301" 1 272.413284999999 445.287099733601
"302" 1 272.589576249998 494.983637314151
"303" 1 273.238123250001 297.514029938585
"304" 1 274.97487125 636.790084129468
"305" 1 276.763288499999 327.36466061479
"306" 1 278.549118250003 476.063418854305
"307" 1 278.585406249999 451.438366124321
"308" 1 279.156008000001 329.390077115165
"309" 1 279.233181250003 321.376962673166
"310" 1 280.442781000001 298.045807006322
"311" 1 281.690108499997 442.748186581119
"312" 1 282.425406250001 325.090241159914
"313" 1 282.97201 388.497413424663
"314" 1 283.537197250002 318.166658415155
"315" 1 285.0563105 368.330697431944
"316" 1 285.497780000001 362.740852338439
"317" 1 286.767440000001 481.612524931833
"318" 1 287.351802500002 504.396648131944
"319" 1 287.652097000003 433.436926052448
"320" 1 289.275909250001 488.554469723628
"321" 1 289.865961250003 333.410154596386
"322" 1 290.811726499998 474.662788978632
"323" 1 291.003419250001 323.476633054103
"324" 1 292.074793 334.347739663403
"325" 1 294.285904249998 332.871441635879
"326" 1 295.0709225 422.560103980325
"327" 1 295.117202000002 467.961279218308
"328" 1 296.822527250001 312.591837410774
"329" 1 297.79575125 526.315925600799
"330" 1 301.862569 302.226089410011
"331" 1 302.734512249999 386.789148660558
"332" 1 302.839930000001 537.855927146814
"333" 1 305.014329 492.272009434506
"334" 1 308.871246499999 366.922604274755
"335" 1 309.770475250001 373.620835136392
"336" 1 310.40053225 355.308918568731
"337" 1 310.804765000001 345.263120331206
"338" 1 311.542130500001 329.660563790423
"339" 1 311.616370000002 359.73478287958
"340" 1 313.384232499999 365.82166863739
"341" 1 313.411864999998 481.605657405335
"342" 1 314.084329250001 350.89002337618
"343" 1 315.131738 384.787550703473
"344" 1 316.203876000001 359.277690794778
"345" 1 316.995400250001 474.316406328938
"346" 1 317.864164999999 566.965998582448
"347" 1 318.000103249999 342.22679154758
"348" 1 320.17077 334.2546801683
"349" 1 322.460722249998 469.977291621059
"350" 1 323.740345000002 420.041179019412
"351" 1 324.004050499998 421.125701021314
"352" 1 325.17948125 381.323438292224
"353" 1 327.040489249999 348.673938238753
"354" 1 327.583752499998 456.70767899293
"355" 1 327.602206250001 357.289044865389
"356" 1 327.7413505 335.639551609377
"357" 1 328.008334249999 356.935778720793
"358" 1 328.919812 331.303527118195
"359" 1 329.076626000001 361.385730350524
"360" 1 329.295789249999 458.051528844802
"361" 1 329.421043249998 334.333852241087
"362" 1 329.765297 886.617120947828
"363" 1 329.806044249997 373.887487973684
"364" 1 329.853672249999 422.884743525227
"365" 1 330.444542499998 491.858168090794
"366" 1 331.779490249997 332.335137869257
"367" 1 331.832756250001 642.103807655585
"368" 1 331.93707625 370.767065955245
"369" 1 332.215368500001 334.978346109985
"370" 1 332.268435999997 333.853058607586
"371" 1 332.934390499999 390.980647579275
"372" 1 334.721957000002 385.675452073413
"373" 1 334.775833999999 334.797522527951
"374" 1 334.874366499997 344.436537040698
"375" 1 335.364162250001 362.565135157716
"376" 1 335.605327250001 376.982978486888
"377" 1 336.437212250003 403.087852740503
"378" 1 336.487668250001 356.85682189749
"379" 1 336.503727249997 416.309689408318
"380" 1 338.1098725 390.613937725314
"381" 1 339.66755125 413.92324085849
"382" 1 340.194852000001 395.19601456833
"383" 1 340.339465 368.901261480835
"384" 1 342.187205000003 342.275396087002
"385" 1 342.35885 364.416222586419
"386" 1 344.44422025 388.087541366656
"387" 1 348.594681250001 865.746589899012
"388" 1 350.31188125 529.359198127864
"389" 1 350.755262500001 433.732815290247
"390" 1 351.028951250002 374.215827379641
"391" 1 351.391392500001 405.758107363371
"392" 1 352.392007999998 415.090063154793
"393" 1 353.105586500001 392.127504454452
"394" 1 353.597437250002 355.150960482987
"395" 1 354.606342500001 381.19342530547
"396" 1 356.456576250003 416.455943255659
"397" 1 356.477676249999 618.65153372126
"398" 1 359.185430500001 413.681285479228
"399" 1 361.944157 362.087881346851
"400" 1 361.94446625 399.054359681771
"401" 1 364.863072250002 423.70535788792
"402" 1 366.1657 643.558462746936
"403" 1 366.452706249999 370.016280626338
"404" 1 367.737893 1076.21820758363
"405" 1 368.341507249999 381.736639827604
"406" 1 368.36320825 431.351257661877
"407" 1 371.17672 507.19120430658
"408" 1 371.361722499999 386.229786138769
"409" 1 373.78721425 410.262514425737
"410" 1 374.55604825 404.639984395685
"411" 1 376.344708249999 394.037234158913
"412" 1 376.8074945 561.139633788097
"413" 1 377.318019249999 384.45179237344
"414" 1 378.94496425 525.767682878558
"415" 1 380.13684725 458.157713475869
"416" 1 380.6025085 432.249133296604
"417" 1 381.20782725 799.221583966677
"418" 1 384.612929999996 390.14050905222
"419" 1 385.383448249999 777.298147306468
"420" 1 386.009651250002 435.120394631243
"421" 1 387.560575249998 511.759070114918
"422" 1 389.37471625 414.060637609967
"423" 1 390.237360500001 438.867826361131
"424" 1 391.681972249999 416.760767994717
"425" 1 393.495762499996 426.624619254951
"426" 1 393.58872625 564.659427328225
"427" 1 395.204383249999 411.611629638871
"428" 1 395.3134645 425.953195534888
"429" 1 397.234602500003 588.219632933366
"430" 1 398.287692499998 435.391883317258
"431" 1 399.426936250002 399.462042330521
"432" 1 399.769031249999 462.074458453924
"433" 1 403.60316125 404.976060677202
"434" 1 404.801934500005 454.691905413973
"435" 1 405.838574500001 449.785030441045
"436" 1 412.285524500002 464.183113052754
"437" 1 413.29809 413.298991298934
"438" 1 414.504834249999 607.887921612611
"439" 1 414.599996250002 439.472726238915
"440" 1 415.224187250002 439.487615003072
"441" 1 415.688422250002 472.282809636552
"442" 1 416.399652500001 709.888689936394
"443" 1 416.948085 587.28296377574
"444" 1 418.125264999997 452.047160889432
"445" 1 419.693628249999 493.298595832849
"446" 1 424.114926250001 424.234816938792
"447" 1 424.17633425 432.904439253029
"448" 1 426.29382725 440.333008175799
"449" 1 428.0248505 517.441013570348
"450" 1 428.441262499998 631.062566000571
"451" 1 428.949630250001 436.517839415943
"452" 1 430.4787785 431.168132750971
"453" 1 430.519206250003 569.606165885917
"454" 1 431.3664725 501.417769447432
"455" 1 436.440190250002 456.617023228803
"456" 1 438.583298 438.873606614932
"457" 1 440.645112499996 477.031326579329
"458" 1 442.113508249998 463.833999537084
"459" 1 442.895050000003 520.260015156737
"460" 1 445.175744500003 450.057053079385
"461" 1 445.4614205 680.251376827606
"462" 1 445.557510250002 554.929356401068
"463" 1 453.345459999999 538.024207657782
"464" 1 455.106511249997 476.516079881656
"465" 1 455.21343125 736.274207492246
"466" 1 456.021072999999 484.872573043169
"467" 1 457.297744249998 543.553565490652
"468" 1 458.946417249998 605.615291895048
"469" 1 460.730076499998 613.265751993664
"470" 1 460.941885 665.241204748738
"471" 1 462.551573250002 510.766392731585
"472" 1 462.597232499999 555.262811532904
"473" 1 464.03461 481.175520403727
"474" 1 465.493977999999 470.668223787745
"475" 1 465.72597025 484.649171565342
"476" 1 467.606498000004 469.60790877764
"477" 1 469.780860249997 477.042089966167
"478" 1 471.691810000002 1081.15444385232
"479" 1 472.611530000001 478.267367687397
"480" 1 476.998133 483.772392797095
"481" 1 477.16819525 534.418022042979
"482" 1 477.32273425 483.545870295425
"483" 1 478.419113250001 582.250616343355
"484" 1 484.0543485 734.126024496781
"485" 1 488.703724999999 502.842162942577
"486" 1 491.890779250001 566.400668056809
"487" 1 492.537256249999 492.820155739914
"488" 1 495.91094425 514.141890394425
"489" 1 498.116774249999 498.456323511968
"490" 1 501.830276 554.477533360459
"491" 1 501.918228249994 514.313480251335
"492" 1 506.836138000001 605.634738218001
"493" 1 508.068117250006 546.371773273297
"494" 1 515.86293125 526.434405775866
"495" 1 518.917105000001 644.632242363222
"496" 1 523.273864249998 572.99311986678
"497" 1 540.277696999999 543.102369395479
"498" 1 540.370351249999 1009.91660356685
"499" 1 542.966096249997 566.377905393848
"500" 1 544.994317250001 615.953995829341
"501" 1 545.692027250002 564.847600976884
"502" 1 547.259341000002 553.11758795837
"503" 1 548.506362500001 669.710358476367
"504" 1 553.03417025 866.343704981101
"505" 1 556.38813425 558.643409201956
"506" 1 560.042480250002 620.55702594468
"507" 1 568.593349000001 767.452605358866
"508" 1 570.923049999998 736.472643559528
"509" 1 570.932880499999 734.068552614967
"510" 1 573.42629125 655.749795195556
"511" 1 573.9756705 740.569659705526
"512" 1 575.2839625 580.408031632618
"513" 1 584.941939249996 585.097368634071
"514" 1 586.048480250001 647.901512894104
"515" 1 588.962503999997 610.090473195803
"516" 1 596.177224249998 613.51044668807
"517" 1 596.919445000001 711.057779134281
"518" 1 602.281464499998 702.580014809776
"519" 1 604.679071249998 622.119107553318
"520" 1 608.481921999999 612.604618913995
"521" 1 610.753491999998 622.96490255155
"522" 1 612.316653249999 612.417110084379
"523" 1 615.225723250002 660.896559936466
"524" 1 620.301402499998 649.313519748511
"525" 1 641.409055999997 641.993958960571
"526" 1 642.539452249998 729.172126639791
"527" 1 656.938570000001 669.445737107781
"528" 1 659.500153250002 676.180694009293
"529" 1 664.461064249999 667.23854728167
"530" 1 668.879455249999 752.519937890182
"531" 1 692.010922250001 709.570655000061
"532" 1 699.990352000001 707.67812935425
"533" 1 710.404202499999 727.721641746214
"534" 1 719.659678249999 720.060931559261
"535" 1 724.050220999999 819.068960680841
"536" 1 727.624255250002 729.04356852761
"537" 1 746.095722249999 748.532799175694
"538" 1 751.470366250001 774.343038820131
"539" 1 765.797880499998 923.094527747448
"540" 1 805.450565000002 849.098332368242
"541" 1 830.476224499997 830.47648564358
"542" 1 850.594956250002 865.028014621575
"543" 1 981.47474525 981.64878083369
